time,0,1,2,3,4,5,6,7,8,9,10,11,12,13,14,15,16,17,18,19,20,21,22,23,24,25,26,27,28,29,30,31,32,33,34,35,36,37,38,39,40,41,42,43,44,45,46,47,48,49,50,51,52,53,54,55,56,57,58,59,60,61,62,63,64,65,66,67,68,69,70,71,72,73,74,75,76,77,78,79,80,81,82,83,84,85,86,87,88,89,90,91,92,93,94,95,96,97,98,99,100,101,102,103,104,105,106,107,108,109,110,111,112,113,114,115,116,117,118,119,120
2021-06-11 08:00:00,289.29,292.39,293.0,292.2,292.7,294.2,294.5,294.5,294.7,293.2,292.2,289.29,292.39,293.0,292.2,292.7,293.2,293.2,293.5,293.7,292.6,291.1,286.6,289.6,291.7,291.29,292.0,292.0,292.5,292.39,292.0,291.39,290.29,285.2,286.79,288.6,290.7,290.7,292.0,291.7,291.39,290.6,290.1,290.1,283.7,286.2,286.2,288.2,290.2,291.5,291.29,291.1,290.39,290.39,289.7,282.89,282.89,285.6,287.7,289.79,290.7,291.0,290.89,290.89,290.5,289.29,278.1,280.2,283.1,287.2,289.79,290.7,291.0,291.0,290.89,290.5,289.29,278.1,280.2,283.1,287.2,290.0,290.0,290.6,291.1,290.79,290.1,289.6,278.6,279.1,281.0,286.7,286.7,290.2,291.5,291.1,290.2,289.89,290.0,281.6,281.79,282.2,282.2,284.89,290.6,292.29,291.2,290.1,289.79,289.79,286.2,285.2,285.2,284.39,285.5,290.2,291.7,291.0,291.0,290.1,289.5
2021-06-17 01:00:00,277.1,276.89,276.6,276.7,276.5,276.39,276.2,276.2,276.1,276.1,276.7,277.1,276.89,276.6,276.7,276.5,276.0,276.0,275.2,274.79,275.7,276.29,277.1,276.29,275.89,275.89,275.89,275.89,275.1,273.29,274.29,275.2,275.0,275.89,275.5,275.1,274.79,274.79,274.2,273.39,272.9,273.39,274.29,274.29,273.6,274.1,274.1,274.2,273.6,271.9,271.9,271.71,272.4,272.4,273.5,271.71,271.71,272.4,272.8,272.11,270.61,270.0,270.5,270.5,271.21,272.3,271.21,270.9,270.9,270.5,272.11,270.61,270.0,270.0,270.5,271.21,272.3,271.21,270.9,270.9,270.5,270.61,270.61,269.8,269.61,269.8,270.21,270.61,269.61,269.71,269.3,269.21,269.21,268.9,269.5,269.3,269.21,269.3,269.61,268.71,268.9,268.5,268.5,268.5,268.5,268.8,269.0,268.8,268.9,268.9,268.71,268.71,268.71,268.5,268.3,268.3,268.61,268.61,268.61,268.5,268.9
2021-07-23 03:00:00,291.0,291.5,292.1,292.29,292.29,292.7,292.2,292.2,291.29,291.39,291.79,291.0,291.5,292.1,292.29,292.29,291.89,291.89,290.6,289.7,290.0,290.29,291.0,292.0,291.5,291.29,291.5,291.5,290.5,288.79,287.89,287.7,286.89,291.5,291.7,291.5,290.29,290.29,289.89,289.29,288.7,286.2,284.29,284.29,290.7,290.89,290.89,290.79,290.2,290.0,289.79,288.2,283.0,283.0,280.29,290.2,290.2,290.1,290.0,290.39,290.79,290.1,284.79,284.79,279.5,280.7,289.89,289.79,290.1,291.0,290.39,290.79,290.1,290.1,284.79,279.5,280.7,289.89,289.79,290.1,291.0,290.89,290.89,290.29,288.29,282.0,278.0,281.2,289.89,289.0,290.2,291.39,291.39,291.1,288.79,285.2,278.0,276.6,283.7,290.5,289.29,288.29,288.29,288.2,288.6,287.39,282.29,275.5,278.6,278.6,290.89,287.89,287.89,285.7,285.1,284.0,282.79,279.7,279.7,277.2,281.1
2021-08-11 22:00:00,248.11,248.81,250.7,251.4,251.7,251.2,251.9,251.9,252.0,251.31,250.0,248.11,248.81,250.7,251.4,251.7,252.7,252.7,254.61,253.9,253.11,252.5,250.5,251.2,252.31,253.61,254.5,254.5,256.11,256.21,255.81,254.5,254.81,253.31,253.11,253.7,255.0,255.0,257.61,258.3,257.5,256.61,256.11,256.11,254.7,254.2,254.2,255.0,256.5,258.61,258.61,257.8,257.3,257.3,256.9,254.4,254.4,255.2,256.21,258.3,258.71,258.61,258.11,258.11,257.8,256.61,255.2,253.7,255.11,256.5,258.3,258.71,258.61,258.61,258.11,257.8,256.61,255.2,253.7,255.11,256.5,258.5,258.5,258.8,258.61,258.8,257.5,255.31,255.7,253.61,254.5,256.11,256.11,258.11,258.8,258.8,258.5,257.11,255.61,255.61,254.81,254.9,254.9,255.5,257.61,259.4,258.4,257.11,257.3,257.3,256.0,255.2,255.2,255.7,256.71,257.5,257.4,258.61,258.61,257.61,258.11
2021-08-14 09:00:00,287.7,289.6,290.2,290.29,290.2,290.2,289.39,289.39,290.0,290.1,290.2,287.7,289.6,290.2,290.29,290.2,290.1,290.1,289.89,289.89,289.79,290.1,285.89,289.79,290.29,290.5,290.29,290.29,290.1,289.79,289.5,289.79,290.2,284.89,289.6,290.79,290.5,290.5,290.29,290.39,289.79,289.29,289.79,289.79,286.0,289.2,289.2,290.39,290.79,290.7,290.7,289.7,289.2,289.2,290.39,286.89,286.89,289.1,290.1,290.79,291.39,290.79,288.79,288.79,289.5,291.0,288.5,288.7,290.0,290.39,290.79,291.39,290.79,290.79,288.79,289.5,291.0,288.5,288.7,290.0,290.39,290.7,290.7,290.89,290.29,289.79,289.7,290.5,290.0,290.1,291.0,290.29,290.29,290.39,290.6,290.0,289.7,290.2,290.5,290.5,290.6,290.1,290.1,289.7,289.5,289.7,290.0,289.29,290.0,290.0,290.79,290.5,290.5,289.7,288.79,288.7,288.79,289.29,289.29,288.79,289.6
2021-06-09 10:00:00,244.81,244.61,245.5,247.0,248.0,247.0,248.0,248.0,248.61,248.7,248.2,244.81,244.61,245.5,247.0,248.0,248.81,248.81,249.4,249.61,248.9,248.0,244.11,244.61,246.81,248.0,249.4,249.4,250.61,250.61,249.61,248.7,247.0,244.4,245.31,247.81,248.5,248.5,250.0,251.0,250.2,248.4,246.0,246.0,246.81,249.2,249.2,249.4,248.0,248.81,248.61,247.31,245.2,245.2,241.81,250.5,250.5,253.31,250.81,246.81,245.61,244.7,242.4,242.4,240.2,237.31,251.5,253.5,254.5,249.9,246.81,245.61,244.7,244.7,242.4,240.2,237.31,251.5,253.5,254.5,249.9,244.11,244.11,242.61,240.81,237.31,233.9,230.7,252.4,255.4,253.31,245.0,245.0,240.31,240.31,236.4,230.9,228.9,226.7,251.2,253.81,250.11,250.11,239.7,236.61,234.81,231.7,229.81,227.9,227.9,247.5,248.81,248.81,244.2,235.0,232.61,228.5,228.5,228.5,229.11,228.7
2021-06-11 22:00:00,290.89,290.6,290.79,290.5,290.39,290.39,290.1,290.1,290.1,289.89,290.1,290.89,290.6,290.79,290.5,290.39,290.0,290.0,289.6,289.89,289.89,290.0,290.5,290.5,290.5,290.39,290.0,290.0,289.79,289.5,289.5,289.5,289.89,290.1,290.2,290.1,290.1,290.1,289.89,289.7,289.1,289.29,289.5,289.5,290.2,290.1,290.1,289.79,289.89,289.6,289.7,289.39,289.29,289.29,289.39,290.1,290.1,289.89,289.89,289.6,289.6,289.5,289.5,289.5,289.29,289.6,290.0,290.0,289.89,289.79,289.6,289.6,289.5,289.5,289.5,289.29,289.6,290.0,290.0,289.89,289.79,289.7,289.7,289.5,289.39,289.39,289.5,289.79,290.0,289.79,290.0,290.0,290.0,289.7,289.6,289.39,289.2,289.89,290.0,290.1,290.0,290.0,290.0,290.0,289.89,289.6,289.6,289.7,290.0,290.0,290.0,290.2,290.2,290.1,290.0,290.0,289.79,289.89,289.89,289.89,290.1
2021-07-16 04:00:00,217.0,219.0,219.61,219.0,219.5,220.5,221.0,221.0,222.9,225.0,226.4,217.0,219.0,219.61,219.0,219.5,220.31,220.31,221.61,222.7,223.5,225.5,217.81,218.11,218.2,219.2,220.31,220.31,220.5,220.81,222.11,223.11,225.31,217.0,216.4,217.81,218.7,218.7,219.7,219.9,220.5,221.11,222.31,222.31,215.61,215.9,215.9,217.11,217.5,218.0,218.81,219.31,221.31,221.31,222.9,215.4,215.4,215.61,216.0,216.31,216.61,217.2,218.61,218.61,221.7,224.0,216.11,216.61,215.81,214.81,216.31,216.61,217.2,217.2,218.61,221.7,224.0,216.11,216.61,215.81,214.81,214.9,214.9,215.0,216.2,219.11,221.9,225.0,216.4,217.2,215.9,214.81,214.81,213.9,214.61,216.5,219.9,223.31,228.2,216.31,216.9,215.9,215.9,214.81,215.0,215.9,218.2,221.5,226.11,226.11,216.7,217.4,217.4,216.31,216.7,217.0,218.5,220.5,220.5,224.4,228.9
2021-06-07 04:00:00,267.3,278.6,280.5,281.5,282.79,284.79,269.11,269.11,256.4,265.4,277.79,267.3,278.6,280.5,281.5,282.79,273.79,273.79,267.8,263.21,267.21,282.6,280.89,282.39,286.5,278.5,268.61,268.61,261.0,264.61,269.11,278.79,285.2,289.0,285.1,281.1,273.0,273.0,265.0,248.9,256.11,273.29,284.5,284.5,278.2,276.0,276.0,270.61,267.21,260.3,259.61,265.4,268.11,268.11,271.0,259.9,259.9,261.61,264.9,258.9,257.0,271.21,277.0,277.0,262.21,248.61,251.31,253.61,251.0,252.5,258.9,257.0,271.21,271.21,277.0,262.21,248.61,251.31,253.61,251.0,252.5,256.11,256.11,264.5,271.8,264.0,255.2,250.2,243.0,247.7,246.81,245.2,245.2,257.3,267.9,265.5,259.71,246.5,249.9,246.31,247.81,252.61,252.61,253.9,258.8,265.21,268.4,263.61,254.4,254.4,256.5,259.8,259.8,260.9,258.11,261.4,264.71,270.61,270.61,272.11,267.3
2021-08-04 05:00:00,289.0,290.6,290.39,289.6,290.0,290.7,290.7,290.7,290.89,290.7,290.7,289.0,290.6,290.39,289.6,290.0,290.5,290.5,290.7,290.7,290.89,290.6,287.0,289.5,289.5,289.5,289.89,289.89,290.29,290.6,290.5,290.5,290.5,285.79,287.6,288.79,289.7,289.7,290.1,290.29,290.5,290.2,290.6,290.6,284.2,286.29,286.29,288.39,289.7,290.39,290.39,290.1,290.2,290.2,290.29,283.29,283.29,285.39,288.6,289.7,290.1,290.5,289.89,289.89,290.1,290.1,283.7,284.29,286.2,288.89,289.7,290.1,290.5,290.5,289.89,290.1,290.1,283.7,284.29,286.2,288.89,289.39,289.39,289.5,290.0,289.79,289.79,289.7,283.79,285.0,287.2,288.89,288.89,289.0,289.29,289.6,289.7,289.7,289.7,284.79,285.2,287.1,287.1,288.2,288.7,289.29,289.6,289.5,289.6,289.6,286.2,286.89,286.89,287.1,287.0,288.79,289.6,289.6,289.6,289.6,289.5
2021-06-18 06:00:00,248.11,250.7,254.61,255.9,257.61,257.61,259.3,259.3,258.3,258.5,259.61,248.11,250.7,254.61,255.9,257.61,259.11,259.11,259.61,258.3,259.11,260.4,248.2,253.2,256.3,256.11,257.3,257.3,258.61,258.71,259.11,259.8,260.3,251.0,255.31,256.71,257.0,257.0,257.61,257.5,259.11,259.8,259.8,259.8,252.7,254.81,254.81,255.7,257.9,259.11,258.8,259.5,259.8,259.8,260.21,255.7,255.7,254.9,254.2,258.9,260.21,260.21,259.4,259.4,259.8,260.4,256.9,256.61,256.8,256.9,258.9,260.21,260.21,260.21,259.4,259.8,260.4,256.9,256.61,256.8,256.9,258.61,258.61,259.8,260.0,259.61,260.21,260.11,258.21,257.21,258.71,258.9,258.9,258.5,259.21,259.61,260.0,260.61,260.4,259.5,259.3,259.3,259.3,259.0,259.21,260.0,260.71,260.8,261.3,261.3,260.3,259.71,259.71,259.9,259.8,259.8,260.4,261.61,261.61,262.11,261.61
2021-06-28 01:00:00,288.2,287.7,287.7,287.79,287.6,287.7,287.79,287.79,288.1,288.6,288.39,288.2,287.7,287.7,287.79,287.6,287.7,287.7,288.0,288.2,288.39,288.39,288.29,288.0,287.7,287.7,287.6,287.6,287.79,288.0,288.39,288.39,288.7,288.2,288.1,287.79,287.7,287.7,287.79,288.0,287.89,288.6,288.7,288.7,287.79,287.7,287.7,287.7,287.79,288.2,288.2,288.2,288.39,288.39,288.7,287.89,287.89,287.29,287.39,288.1,288.39,288.39,288.29,288.29,288.29,288.6,288.39,288.0,287.5,287.89,288.1,288.39,288.39,288.39,288.29,288.29,288.6,288.39,288.0,287.5,287.89,288.0,288.0,288.0,288.5,288.29,288.2,288.6,287.6,287.7,288.1,288.1,288.1,287.79,287.79,288.29,288.2,288.1,288.2,287.6,287.39,288.1,288.1,287.7,287.79,287.89,288.0,287.89,288.2,288.2,287.6,287.7,287.7,287.7,287.7,287.6,288.1,287.7,287.7,287.7,288.2
2021-07-08 01:00:00,249.7,248.61,246.81,251.61,256.8,261.11,259.9,259.9,258.5,260.4,263.4,249.7,248.61,246.81,251.61,256.8,259.3,259.3,260.9,261.0,260.0,265.11,250.11,247.2,246.7,254.61,259.21,259.21,261.9,263.3,263.9,262.5,264.5,251.61,249.0,252.81,258.3,258.3,262.5,264.5,266.61,266.8,264.9,264.9,256.4,259.11,259.11,262.21,263.3,264.3,264.0,267.4,268.11,268.11,265.3,265.71,265.71,268.9,269.61,269.21,265.61,265.0,267.8,267.8,269.5,265.61,270.8,274.1,275.7,278.5,269.21,265.61,265.0,265.0,267.8,269.5,265.61,270.8,274.1,275.7,278.5,274.2,274.2,268.0,267.4,268.5,268.11,266.3,278.2,280.6,281.0,281.1,281.1,278.79,276.2,271.3,267.61,269.5,268.11,283.2,282.2,280.5,280.5,282.2,282.1,280.89,277.5,273.2,273.89,273.89,286.2,280.79,280.79,279.7,283.2,284.79,284.29,282.89,282.89,276.39,276.79
2021-07-31 06:00:00,290.6,287.6,285.6,282.39,277.5,248.7,236.4,236.4,239.31,247.7,254.0,290.6,287.6,285.6,282.39,277.5,259.5,259.5,240.31,243.4,247.61,251.9,291.89,290.6,289.7,286.89,281.29,281.29,269.3,253.7,251.0,248.7,250.0,293.79,293.39,292.79,290.0,290.0,286.29,278.1,262.9,260.9,255.5,255.5,294.6,294.7,294.7,294.5,291.89,287.5,282.5,273.6,271.8,271.8,264.61,294.79,294.79,295.1,294.6,292.1,288.1,284.79,281.79,281.79,280.0,278.1,294.2,294.39,294.29,294.1,292.1,288.1,284.79,284.79,281.79,280.0,278.1,294.2,294.39,294.29,294.1,291.79,291.79,289.89,289.7,288.29,287.6,287.0,294.1,293.79,293.29,292.7,292.7,291.2,292.0,293.29,293.39,293.6,292.79,293.89,293.6,293.1,293.1,292.39,291.5,293.0,293.79,294.39,295.29,295.29,293.5,293.0,293.0,293.2,292.5,292.2,293.0,293.29,293.29,294.0,294.5
2021-06-08 07:00:00,295.79,296.0,295.6,295.2,295.39,294.0,292.29,292.29,290.5,289.29,288.5,295.79,296.0,295.6,295.2,295.39,294.2,294.2,290.79,287.2,285.5,284.7,298.2,296.7,296.39,296.29,294.79,294.79,293.0,288.39,283.7,282.1,280.5,298.2,295.7,295.29,295.5,295.5,294.29,289.6,283.7,279.6,276.89,276.89,292.5,288.7,288.7,288.89,290.1,289.5,283.29,278.5,273.29,273.29,270.4,282.2,282.2,278.6,278.89,281.1,280.6,274.6,270.11,270.11,267.21,265.0,277.5,270.71,272.71,273.6,281.1,280.6,274.6,274.6,270.11,267.21,265.0,277.5,270.71,272.71,273.6,270.3,270.3,268.0,258.8,257.21,260.8,265.8,272.3,266.61,269.71,270.9,270.9,264.21,256.11,245.5,250.9,256.4,259.0,278.39,272.8,265.11,265.11,265.11,266.4,261.8,257.8,254.61,254.2,254.2,287.0,276.6,276.6,264.5,264.5,269.3,273.1,270.9,270.9,264.0,255.4
2021-06-18 05:00:00,260.3,259.71,259.21,259.8,262.21,257.71,261.3,261.3,263.61,265.5,266.11,260.3,259.71,259.21,259.8,262.21,259.71,259.71,260.61,263.71,266.61,266.5,261.61,261.0,260.11,262.0,264.0,264.0,262.61,261.8,263.8,265.11,264.4,261.61,261.8,261.21,263.3,263.3,264.71,264.8,263.61,263.3,264.21,264.21,262.3,262.11,262.11,262.21,263.71,265.4,265.3,263.4,262.9,262.9,262.8,261.5,261.5,262.4,263.71,263.61,263.9,264.71,263.5,263.5,262.0,261.8,260.71,260.71,261.4,262.71,263.61,263.9,264.71,264.71,263.5,262.0,261.8,260.71,260.71,261.4,262.71,263.61,263.61,263.71,263.61,262.8,261.71,261.11,260.5,260.21,260.3,262.0,262.0,263.61,263.5,262.61,262.21,261.3,261.4,260.4,261.0,261.21,261.21,261.9,263.4,263.8,262.71,261.9,262.0,262.0,260.5,261.11,261.11,261.9,262.9,262.8,262.8,263.0,263.0,262.8,262.61
2021-07-28 10:00:00,236.0,237.5,240.5,240.0,234.31,234.7,243.9,243.9,254.31,255.5,248.31,236.0,237.5,240.5,240.0,234.31,237.11,237.11,249.2,252.9,245.7,234.9,236.7,241.2,245.2,242.2,236.81,236.81,243.81,252.5,245.0,233.5,231.2,238.81,244.5,247.2,241.7,241.7,240.61,248.0,247.11,236.2,230.7,230.7,242.61,247.61,247.61,245.7,244.0,241.31,240.61,237.5,235.11,235.11,233.61,243.2,243.2,248.2,247.2,245.0,237.2,231.2,232.4,232.4,235.2,235.81,236.0,241.2,245.81,247.11,245.0,237.2,231.2,231.2,232.4,235.2,235.81,236.0,241.2,245.81,247.11,242.4,242.4,234.81,232.4,233.0,234.61,236.9,237.11,239.9,242.9,242.9,242.9,238.61,236.0,235.11,235.7,235.5,235.7,240.0,240.31,241.11,241.11,238.61,238.2,237.81,236.81,238.11,235.7,235.7,242.4,240.5,240.5,238.7,238.9,239.11,238.2,240.0,240.0,239.0,236.2
2021-07-31 02:00:00,291.79,291.39,291.5,291.6,291.6,291.5,291.2,291.2,290.79,290.0,289.1,291.79,291.39,291.5,291.6,291.6,291.6,291.6,291.2,290.6,289.2,286.1,291.7,291.7,291.5,291.6,291.79,291.79,291.6,291.29,290.79,288.6,281.7,291.79,291.79,291.7,291.5,291.5,291.6,291.5,291.7,291.1,287.2,287.2,291.79,291.79,291.79,291.5,291.6,291.5,291.1,290.89,290.6,290.6,287.79,291.79,291.79,291.89,291.7,291.7,291.29,290.79,290.39,290.39,289.89,288.1,292.0,291.79,291.89,291.79,291.7,291.29,290.79,290.79,290.39,289.89,288.1,292.0,291.79,291.89,291.79,291.6,291.6,291.2,290.89,290.79,290.1,288.29,292.2,292.0,291.89,291.5,291.5,291.6,291.5,291.1,290.6,290.39,289.0,292.39,292.1,291.79,291.79,291.6,291.6,291.2,290.7,290.29,290.2,290.2,292.5,292.1,292.1,291.79,291.6,291.5,290.89,290.39,290.39,290.1,289.89
2021-08-19 03:00:00,292.5,292.39,292.1,291.7,291.6,291.7,290.89,290.89,290.89,290.2,289.6,292.5,292.39,292.1,291.7,291.6,291.2,291.2,290.6,289.5,288.7,288.2,292.1,292.1,291.89,291.29,291.1,291.1,291.39,290.1,287.39,285.79,289.0,292.0,291.7,291.2,290.6,290.6,291.6,291.39,288.7,285.89,285.7,285.7,291.89,291.5,291.5,291.2,290.6,290.89,290.0,288.2,287.29,287.29,288.5,291.7,291.7,291.2,291.1,290.7,290.1,288.79,289.0,289.0,289.6,289.5,291.79,291.29,291.0,290.2,290.7,290.1,288.79,288.79,289.0,289.6,289.5,291.79,291.29,291.0,290.2,289.6,289.6,290.2,290.6,290.6,290.6,290.2,291.5,291.1,290.79,289.0,289.0,288.5,291.39,292.39,291.89,291.5,291.2,291.2,290.79,290.2,290.2,288.39,289.39,291.0,292.0,292.0,291.79,291.79,290.7,290.1,290.1,289.0,289.2,290.1,290.5,290.79,290.79,291.39,291.89
2021-06-15 02:00:00,266.3,274.5,278.1,275.7,270.8,259.0,249.11,249.11,241.81,235.2,230.5,266.3,274.5,278.1,275.7,270.8,264.5,264.5,255.2,245.11,237.31,233.2,269.0,271.5,277.6,276.7,273.5,273.5,269.11,260.8,250.5,241.0,236.11,271.9,271.71,274.0,276.39,276.39,275.7,271.11,265.21,256.8,246.2,246.2,277.5,272.0,272.0,269.61,274.2,274.89,272.61,270.5,264.11,264.11,254.9,280.79,280.79,274.0,268.71,271.71,272.8,273.39,271.8,271.8,270.71,264.9,285.0,280.79,276.2,273.5,271.71,272.8,273.39,273.39,271.8,270.71,264.9,285.0,280.79,276.2,273.5,268.71,268.71,266.71,269.71,270.21,274.6,274.39,284.89,284.1,280.39,270.8,270.8,270.8,260.11,264.8,269.8,276.39,277.39,286.0,285.7,283.1,283.1,272.8,270.61,265.3,259.11,266.8,273.6,273.6,287.2,286.39,286.39,284.29,279.2,271.4,271.8,258.71,258.71,256.21,269.4
2021-06-27 01:00:00,290.2,290.39,290.5,289.39,288.89,288.39,288.0,288.0,287.39,287.29,286.5,290.2,290.39,290.5,289.39,288.89,289.0,289.0,288.39,287.39,287.0,286.79,290.29,290.6,290.5,290.0,289.5,289.5,288.89,288.39,287.6,287.5,287.2,290.1,290.0,290.2,290.2,290.2,289.89,288.89,288.2,288.29,287.7,287.7,289.2,289.1,289.1,289.39,289.6,289.7,289.2,288.79,288.2,288.2,287.39,287.79,287.79,287.89,288.39,288.5,288.89,289.0,288.79,288.79,287.7,287.39,287.1,286.89,286.89,286.89,288.5,288.89,289.0,289.0,288.79,287.7,287.39,287.1,286.89,286.89,286.89,287.5,287.5,287.89,288.2,287.7,287.39,287.5,286.39,286.0,286.0,286.2,286.2,286.5,286.7,287.1,287.29,287.1,287.0,285.79,285.5,285.5,285.5,285.79,285.5,285.79,286.2,286.2,286.39,286.39,285.5,285.39,285.39,285.39,285.29,285.0,285.1,285.5,285.5,285.5,285.7
2021-07-02 09:00:00,254.5,252.81,259.4,266.71,269.9,276.79,278.29,278.29,282.89,283.7,284.79,254.5,252.81,259.4,266.71,269.9,273.89,273.89,278.7,282.5,282.79,285.6,254.31,260.71,268.3,268.21,268.8,268.8,274.5,278.2,280.6,282.1,281.6,259.3,267.0,272.8,266.71,266.71,266.8,273.2,276.5,277.79,279.79,279.79,265.71,269.8,269.8,267.4,265.0,264.5,266.9,269.61,275.2,275.2,276.89,267.9,267.9,269.8,262.11,263.11,261.61,261.0,266.4,266.4,271.71,272.61,265.21,269.0,262.9,256.4,263.11,261.61,261.0,261.0,266.4,271.71,272.61,265.21,269.0,262.9,256.4,260.0,260.0,260.0,259.8,266.61,269.11,264.3,266.11,261.11,256.0,253.81,253.81,256.11,259.3,261.3,263.5,265.61,265.3,262.3,254.2,253.2,253.2,255.7,255.31,259.3,263.4,266.5,264.11,264.11,258.5,252.9,252.9,254.7,256.4,259.0,263.71,268.0,268.0,269.0,266.0
2021-07-08 05:00:00,219.61,218.4,217.61,219.61,222.81,221.11,218.31,218.31,216.9,215.7,215.61,219.61,218.4,217.61,219.61,222.81,220.61,220.61,217.81,216.5,215.9,215.11,219.81,218.2,218.31,221.2,223.11,223.11,220.7,217.81,216.7,215.7,215.11,219.0,218.2,219.2,222.2,222.2,223.11,220.31,218.2,216.7,215.9,215.9,219.5,218.2,218.2,219.61,222.7,222.81,221.0,218.7,217.0,217.0,217.0,219.81,219.81,218.31,219.81,222.4,222.5,221.31,219.0,219.0,217.5,218.0,222.9,220.31,218.9,220.4,222.4,222.5,221.31,221.31,219.0,217.5,218.0,222.9,220.31,218.9,220.4,222.11,222.11,221.7,221.31,219.9,218.9,218.7,223.11,220.9,219.7,220.5,220.5,221.5,221.5,221.31,220.5,220.11,220.31,224.0,221.61,220.81,220.81,220.5,220.9,221.7,221.9,221.5,221.7,221.7,225.11,223.4,223.4,221.7,221.11,220.9,221.7,223.0,223.0,223.0,223.11
2021-07-26 23:00:00,234.0,233.2,230.81,227.2,225.11,230.7,230.7,230.7,230.0,230.11,230.7,234.0,233.2,230.81,227.2,225.11,224.9,224.9,226.11,226.11,225.61,227.2,233.7,228.11,223.81,221.0,220.0,220.0,219.5,220.0,221.2,222.7,223.61,230.81,223.5,218.5,215.5,215.5,214.2,214.5,214.81,215.9,217.31,217.31,228.31,221.0,221.0,215.9,213.5,212.7,212.81,213.31,213.81,213.81,213.7,228.5,228.5,219.7,215.4,213.2,212.9,213.0,213.61,213.61,213.31,213.7,239.7,232.11,222.5,217.61,213.2,212.9,213.0,213.0,213.61,213.31,213.7,239.7,232.11,222.5,217.61,214.5,214.5,214.81,214.2,212.9,214.0,215.9,239.9,235.2,228.31,220.5,220.5,217.81,217.5,215.81,215.2,216.31,217.5,240.7,239.4,233.11,233.11,225.7,222.11,221.11,220.5,221.0,221.31,221.31,241.4,241.11,241.11,237.5,231.4,227.11,226.4,226.5,226.5,227.31,227.5
2021-08-18 00:00:00,290.6,290.39,290.39,290.29,290.5,290.5,290.29,290.29,290.29,289.7,288.79,290.6,290.39,290.39,290.29,290.5,290.29,290.29,290.2,289.89,288.6,287.7,290.29,290.39,290.6,290.6,290.6,290.6,290.29,290.2,289.89,288.0,285.89,290.1,290.2,290.39,290.79,290.79,290.79,290.39,290.1,289.79,287.2,287.2,290.29,290.39,290.39,290.7,290.7,290.6,290.79,290.7,289.29,289.29,285.89,290.39,290.39,290.6,290.6,290.5,290.79,291.0,290.5,290.5,288.6,285.6,290.7,290.7,290.6,290.5,290.5,290.79,291.0,291.0,290.5,288.6,285.6,290.7,290.7,290.6,290.5,290.6,290.6,290.5,290.2,289.5,288.0,285.7,291.0,290.89,290.7,290.7,290.7,290.7,290.2,289.39,288.2,287.39,285.1,290.89,290.89,291.1,291.1,291.0,290.6,290.1,288.6,287.2,286.79,286.79,290.7,290.79,290.79,291.2,291.1,290.5,289.5,288.2,288.2,287.1,286.0
2021-06-02 02:00:00,263.11,260.9,258.71,264.9,266.8,265.61,260.71,260.71,257.3,256.5,257.0,263.11,260.9,258.71,264.9,266.8,260.9,260.9,257.3,250.2,254.2,254.9,258.21,257.9,257.71,257.71,255.31,255.31,252.0,251.61,246.7,248.0,251.81,253.61,256.3,256.11,250.5,250.5,244.5,244.61,245.61,245.7,248.0,248.0,249.81,251.4,251.4,249.61,244.9,241.9,243.0,243.11,247.9,247.9,252.61,245.4,245.4,246.81,244.9,242.7,242.31,244.2,246.81,246.81,251.4,252.31,245.7,245.5,244.4,242.31,242.7,242.31,244.2,244.2,246.81,251.4,252.31,245.7,245.5,244.4,242.31,242.7,242.7,245.7,248.11,251.81,253.9,253.5,249.31,246.9,244.31,242.5,242.5,244.9,247.5,252.81,255.11,255.61,255.31,254.9,251.11,246.4,246.4,244.4,246.81,250.11,251.61,252.31,254.2,254.2,262.3,255.7,255.7,251.31,249.0,250.9,249.5,250.0,250.0,250.2,250.9
2021-06-29 06:00:00,285.79,285.29,283.1,279.89,275.39,277.39,277.2,277.2,277.6,275.89,275.89,285.79,285.29,283.1,279.89,275.39,272.3,272.3,272.3,273.0,271.4,270.11,282.6,282.39,279.2,275.39,272.21,272.21,267.3,266.71,268.21,267.71,266.71,278.39,279.0,276.6,272.21,272.21,267.21,264.5,263.9,263.9,264.0,264.0,276.39,272.5,272.5,271.0,269.5,266.3,263.4,262.21,261.9,261.9,263.0,270.11,270.11,267.8,267.61,267.5,265.9,263.8,262.3,262.3,261.8,263.0,274.6,269.21,265.8,265.4,267.5,265.9,263.8,263.8,262.3,261.8,263.0,274.6,269.21,265.8,265.4,264.9,264.9,264.5,263.71,263.21,263.0,263.21,273.0,269.0,266.61,265.5,265.5,264.21,264.21,264.21,264.61,264.5,264.21,273.1,268.11,265.71,265.71,265.61,265.11,264.71,264.71,264.71,265.0,265.0,272.4,267.61,267.61,264.8,265.71,266.11,265.21,264.8,264.8,264.71,264.9
2021-08-03 10:00:00,290.0,290.5,290.89,290.6,290.5,289.39,288.2,288.2,288.6,288.89,287.5,290.0,290.5,290.89,290.6,290.5,290.5,290.5,290.0,289.6,289.2,287.29,290.79,290.5,291.1,291.39,291.29,291.29,291.1,290.7,290.29,289.29,288.89,291.29,290.39,291.2,291.39,291.39,291.5,291.2,291.0,290.5,290.39,290.39,291.1,290.5,290.5,290.7,291.2,291.0,291.1,290.7,290.89,290.89,291.0,291.2,291.2,290.5,290.39,290.7,290.79,290.29,290.79,290.79,291.0,290.6,292.1,291.5,290.79,290.2,290.7,290.79,290.29,290.29,290.79,291.0,290.6,292.1,291.5,290.79,290.2,289.89,289.89,290.6,289.89,290.39,290.7,290.39,292.39,291.7,291.1,290.29,290.29,289.39,290.29,290.0,289.29,290.6,290.79,292.39,291.89,291.0,291.0,290.0,289.79,290.1,290.0,289.79,290.39,290.39,292.1,291.7,291.7,290.7,290.29,290.29,289.79,290.29,290.29,290.2,290.5
2021-06-08 01:00:00,283.89,286.5,289.1,290.79,293.2,291.1,293.6,293.6,294.2,290.6,289.79,283.89,286.5,289.1,290.79,293.2,294.6,294.6,294.79,294.6,293.79,293.1,289.1,287.6,292.2,294.39,296.6,296.6,296.89,295.79,295.5,295.0,293.79,293.79,286.7,291.1,297.1,297.1,297.7,297.29,296.79,295.79,294.7,294.7,295.2,291.1,291.1,290.7,296.5,297.79,296.2,295.5,294.29,294.29,292.2,295.0,295.0,294.29,293.7,295.0,295.1,294.29,293.0,293.0,290.6,287.39,292.39,293.7,293.6,293.6,295.0,295.1,294.29,294.29,293.0,290.6,287.39,292.39,293.7,293.6,293.6,294.1,294.1,292.89,291.29,289.5,286.6,283.6,290.89,291.0,292.0,292.89,292.89,292.39,290.29,287.29,285.39,282.29,279.39,288.1,291.89,291.1,291.1,289.6,289.5,287.0,282.0,280.39,278.29,278.29,287.0,290.79,290.79,288.7,286.5,285.2,280.79,277.79,277.79,276.7,275.5
2021-06-13 23:00:00,276.29,274.1,272.8,274.5,276.7,278.79,279.39,279.39,278.2,272.9,274.0,276.29,274.1,272.8,274.5,276.7,279.29,279.29,279.7,276.29,272.21,274.7,277.79,275.1,274.5,275.6,276.29,276.29,278.6,277.7,274.2,277.1,273.0,276.7,276.79,277.2,276.5,276.5,276.7,277.7,277.1,275.5,272.5,272.5,275.29,277.79,277.79,278.29,278.2,277.1,277.5,277.0,275.6,275.6,273.7,273.6,273.6,278.2,279.5,279.39,278.2,278.2,277.29,277.29,276.29,275.89,271.71,273.39,277.7,279.0,279.39,278.2,278.2,278.2,277.29,276.29,275.89,271.71,273.39,277.7,279.0,279.89,279.89,281.1,281.5,279.79,277.1,273.7,271.3,273.6,276.89,278.7,278.7,280.39,283.29,284.39,283.5,277.79,272.0,271.9,274.79,277.6,277.6,279.5,280.7,282.89,285.1,283.1,278.6,278.6,273.2,275.5,275.5,278.5,280.7,280.7,281.89,283.2,283.2,281.7,279.39
2021-06-14 01:00:00,218.61,218.7,219.11,218.7,218.5,219.2,221.4,221.4,223.61,228.61,233.9,218.61,218.7,219.11,218.7,218.5,220.2,220.2,221.4,224.4,229.11,236.5,219.0,218.31,218.5,219.11,219.81,219.81,220.5,222.31,225.5,230.9,241.7,218.81,218.31,218.9,220.5,220.5,221.5,222.31,224.5,228.11,236.61,236.61,219.5,220.31,220.31,222.31,223.11,223.81,225.9,229.5,234.9,234.9,245.4,220.11,220.11,223.11,225.9,227.0,228.61,231.81,236.9,236.9,242.9,251.5,218.11,221.7,225.2,227.5,227.0,228.61,231.81,231.81,236.9,242.9,251.5,218.11,221.7,225.2,227.5,230.9,230.9,235.61,241.2,246.61,250.0,255.2,219.2,223.11,226.61,230.31,230.31,234.81,242.31,249.11,254.2,255.61,257.71,222.5,225.2,229.0,229.0,232.4,242.0,247.81,252.5,257.11,258.3,258.3,226.7,228.9,228.9,232.4,237.81,248.61,253.2,255.2,255.2,256.71,259.8
2021-06-19 07:00:00,287.5,285.89,282.79,282.7,279.79,283.2,278.79,278.79,275.5,274.1,275.2,287.5,285.89,282.79,282.7,279.79,275.2,275.2,271.3,269.9,270.11,270.9,287.79,285.29,280.6,275.1,269.4,269.4,265.4,264.21,264.4,264.61,264.71,286.89,282.2,276.1,267.11,267.11,259.71,257.8,258.61,260.5,260.5,260.5,281.6,273.6,273.6,268.3,261.4,259.0,258.71,258.8,259.0,259.0,258.0,270.5,270.5,264.3,260.71,257.71,260.71,263.3,260.9,260.9,259.4,260.9,272.0,264.3,259.8,256.71,257.71,260.71,263.3,263.3,260.9,259.4,260.9,272.0,264.3,259.8,256.71,256.0,256.0,262.8,264.9,263.21,263.9,264.71,269.8,265.4,260.8,257.11,257.11,259.8,265.8,266.61,266.9,269.21,270.11,276.0,272.3,267.61,267.61,264.8,265.8,269.5,272.61,271.8,273.6,273.6,283.89,282.89,282.89,276.7,272.61,273.2,271.9,275.79,275.79,280.89,276.0
2021-06-22 08:00:00,297.0,296.79,296.6,296.7,296.5,296.7,296.2,296.2,296.0,295.6,295.2,297.0,296.79,296.6,296.7,296.5,296.39,296.39,295.89,295.79,295.2,294.5,296.29,296.5,296.39,296.29,296.5,296.5,296.0,295.7,295.5,295.1,294.0,295.89,296.0,296.2,296.1,296.1,296.1,295.79,295.7,295.2,294.7,294.7,295.7,295.7,295.7,295.7,295.89,296.0,295.89,295.29,294.79,294.79,293.7,295.39,295.39,295.5,295.2,295.7,295.7,295.6,295.1,295.1,293.89,292.6,295.5,295.29,295.2,295.2,295.7,295.7,295.6,295.6,295.1,293.89,292.6,295.5,295.29,295.2,295.2,295.39,295.39,295.29,294.89,294.2,292.79,292.39,295.7,295.5,295.2,295.1,295.1,295.2,295.0,294.2,292.7,292.1,292.1,296.1,295.6,295.6,295.6,295.29,295.2,294.39,293.29,292.29,291.89,291.89,296.5,296.1,296.1,295.89,295.7,295.0,293.39,292.39,292.39,292.2,291.89
2021-06-29 10:00:00,284.7,284.1,283.2,282.5,278.2,273.89,268.71,268.71,272.21,281.2,283.7,284.7,284.1,283.2,282.5,278.2,275.6,275.6,272.9,276.2,282.39,282.6,283.89,281.29,278.79,279.6,278.39,278.39,274.89,274.2,278.39,282.79,281.1,278.0,277.7,278.79,276.6,276.6,274.5,274.39,276.0,279.1,279.89,279.89,276.89,278.79,278.79,278.5,276.1,274.39,272.61,275.0,279.1,279.1,278.6,278.1,278.1,279.39,279.0,275.7,273.2,271.71,274.6,274.6,279.1,276.79,275.6,276.39,277.5,277.5,275.7,273.2,271.71,271.71,274.6,279.1,276.79,275.6,276.39,277.5,277.5,274.39,274.39,275.79,274.79,274.39,277.0,275.7,274.0,274.79,276.1,275.79,275.79,274.7,278.7,278.1,275.5,275.29,274.7,272.11,274.29,274.79,274.79,277.0,276.6,274.89,277.0,276.89,276.0,276.0,270.61,269.9,269.9,273.7,277.5,275.39,273.5,273.6,273.6,275.5,276.5
2021-07-03 08:00:00,289.2,290.2,290.29,289.79,289.1,289.2,289.2,289.2,289.1,289.0,289.1,289.2,290.2,290.29,289.79,289.1,288.29,288.29,288.6,288.6,288.7,289.0,289.0,288.89,289.2,289.2,288.79,288.79,288.1,288.1,288.29,288.5,288.5,288.29,288.0,288.39,288.89,288.89,288.6,288.0,288.29,288.1,288.29,288.29,288.0,287.89,287.89,288.29,288.7,289.39,289.0,288.7,288.6,288.6,288.39,288.1,288.1,288.29,288.7,289.0,289.89,289.89,289.7,289.7,289.0,288.29,288.5,288.39,288.7,289.29,289.0,289.89,289.89,289.89,289.7,289.0,288.29,288.5,288.39,288.7,289.29,290.1,290.1,290.7,290.6,290.2,289.5,289.1,289.2,289.0,289.0,290.29,290.29,291.0,290.79,290.89,290.39,290.0,289.6,289.89,290.2,290.39,290.39,291.0,291.39,291.2,291.0,290.89,290.39,290.39,290.79,291.29,291.29,291.7,291.7,291.6,291.2,290.89,290.89,290.79,290.7
2021-07-14 00:00:00,281.0,286.39,286.2,284.5,283.5,283.6,285.7,285.7,284.5,269.5,258.5,281.0,286.39,286.2,284.5,283.5,285.29,285.29,287.0,286.1,277.7,263.5,285.1,286.1,286.7,286.6,286.29,286.29,287.5,288.29,287.29,282.6,276.39,286.89,286.29,286.79,287.89,287.89,288.89,289.2,288.6,288.2,288.6,288.6,287.79,288.1,288.1,287.89,288.7,289.29,289.6,289.5,289.39,289.39,290.29,288.79,288.79,289.1,288.7,288.89,288.89,289.39,289.89,289.89,290.0,289.79,288.29,288.5,288.89,288.79,288.89,288.89,289.39,289.39,289.89,290.0,289.79,288.29,288.5,288.89,288.79,288.7,288.7,288.6,288.89,289.39,289.39,289.29,288.7,288.6,288.5,288.79,288.79,288.5,288.39,288.29,288.29,288.6,288.2,289.1,288.7,288.6,288.6,288.39,288.5,287.79,288.6,288.79,288.1,288.1,289.6,289.39,289.39,288.6,287.7,288.1,288.39,288.7,288.7,288.7,288.1
2021-08-17 04:00:00,287.5,287.29,286.7,285.39,285.0,282.29,283.7,283.7,285.89,286.0,286.7,287.5,287.29,286.7,285.39,285.0,283.5,283.5,284.89,288.6,288.89,289.29,289.0,289.1,289.1,289.0,288.7,288.7,287.39,287.79,290.29,290.39,290.0,290.39,290.1,291.2,291.7,291.7,291.6,290.79,291.2,291.29,291.6,291.6,290.29,290.79,290.79,291.79,292.5,292.39,292.2,292.2,291.79,291.79,291.2,290.0,290.0,290.79,291.1,292.29,292.5,292.5,292.29,292.29,291.89,290.6,289.79,289.39,289.7,290.5,292.29,292.5,292.5,292.5,292.29,291.89,290.6,289.79,289.39,289.7,290.5,292.0,292.0,291.79,292.2,291.79,291.39,290.7,289.89,289.1,288.6,290.2,290.2,291.5,291.6,291.39,291.2,290.79,290.89,290.39,289.6,289.0,289.0,290.39,291.5,291.29,291.29,290.89,290.79,290.79,291.1,291.0,291.0,290.0,290.6,291.7,291.6,291.2,291.2,291.2,291.1
2021-06-21 05:00:00,250.4,249.81,249.0,248.2,248.7,249.4,248.61,248.61,249.2,251.4,252.61,250.4,249.81,249.0,248.2,248.7,248.31,248.31,248.0,249.0,250.4,251.81,249.0,249.31,248.5,249.11,249.9,249.9,250.4,249.5,251.11,251.61,252.11,250.5,250.9,250.31,251.4,251.4,252.7,253.61,252.4,254.11,255.81,255.81,255.11,254.7,254.7,253.31,255.4,256.71,257.3,257.71,258.8,258.8,258.8,260.3,260.3,259.5,258.9,260.4,261.8,262.3,262.61,262.61,263.3,264.4,265.61,266.61,265.8,265.0,260.4,261.8,262.3,262.3,262.61,263.3,264.4,265.61,266.61,265.8,265.0,264.5,264.5,265.61,267.8,268.11,268.9,269.9,270.4,271.21,271.21,268.3,268.3,267.61,271.3,272.11,271.3,272.71,274.89,274.0,272.11,271.9,271.9,270.9,270.61,274.6,273.79,273.2,273.7,273.7,274.1,270.71,270.71,269.8,270.21,272.4,274.0,273.89,273.89,273.5,272.4
2021-06-27 04:00:00,285.0,286.2,287.29,287.89,288.39,288.29,288.2,288.2,288.79,287.7,286.7,285.0,286.2,287.29,287.89,288.39,287.39,287.39,287.29,287.79,287.2,286.29,285.89,286.29,287.2,287.0,286.6,286.6,286.79,286.79,286.79,286.1,285.6,287.1,287.1,286.2,286.2,286.2,285.7,286.0,286.29,285.89,285.1,285.1,286.7,286.7,286.7,286.2,285.79,286.0,286.39,286.29,285.6,285.6,285.29,287.0,287.0,286.39,285.6,285.79,286.79,286.79,286.39,286.39,285.79,285.6,289.0,288.39,287.29,287.0,285.79,286.79,286.79,286.79,286.39,285.79,285.6,289.0,288.39,287.29,287.0,286.29,286.29,285.89,286.5,286.2,286.39,286.89,289.7,288.89,288.2,288.2,288.2,286.89,285.89,286.0,286.5,287.1,286.89,289.5,288.89,287.6,287.6,287.6,287.5,287.2,286.79,286.7,287.0,287.0,289.1,288.1,288.1,287.1,287.39,287.89,287.7,287.89,287.89,287.0,286.29
2021-07-01 10:00:00,287.1,287.5,287.6,286.5,285.29,286.5,283.6,283.6,280.1,275.0,275.6,287.1,287.5,287.6,286.5,285.29,282.29,282.29,277.2,276.29,274.6,276.7,285.39,286.89,286.5,285.1,283.2,283.2,280.1,275.1,271.71,273.5,277.5,283.89,286.1,286.79,283.89,283.89,281.6,279.1,272.71,268.4,269.5,269.5,283.0,285.5,285.5,285.39,284.5,283.7,277.1,270.5,266.5,266.5,266.9,283.6,283.6,283.89,283.6,285.79,283.39,276.6,267.5,267.5,265.5,266.4,286.29,284.39,280.5,282.7,285.79,283.39,276.6,276.6,267.5,265.5,266.4,286.29,284.39,280.5,282.7,285.39,285.39,282.79,277.7,266.5,264.3,266.9,287.39,283.2,277.89,280.0,280.0,284.0,282.7,278.5,268.8,266.0,268.61,283.29,280.29,277.6,277.6,278.29,280.6,279.2,276.2,271.9,272.3,272.3,276.89,278.1,278.1,276.89,276.39,277.6,275.0,274.79,274.79,275.7,278.7
2021-06-07 09:00:00,301.89,301.6,301.29,301.39,301.6,301.0,300.1,300.1,299.0,297.5,296.7,301.89,301.6,301.29,301.39,301.6,301.0,301.0,299.89,298.79,297.0,295.79,301.7,301.6,301.29,301.29,301.29,301.29,300.39,299.2,298.39,297.1,294.89,301.29,301.5,301.5,301.2,301.2,300.5,299.7,298.89,297.79,296.1,296.1,300.7,301.1,301.1,301.1,301.2,300.39,299.39,298.0,296.5,296.5,294.5,300.1,300.1,300.5,300.6,300.79,299.89,298.6,297.1,297.1,294.7,292.7,299.89,299.89,300.1,300.5,300.79,299.89,298.6,298.6,297.1,294.7,292.7,299.89,299.89,300.1,300.5,300.29,300.29,299.1,297.29,295.0,292.89,292.0,300.0,299.89,299.89,299.89,299.89,299.6,298.39,295.7,292.79,291.7,291.29,300.5,300.1,299.6,299.6,299.29,298.6,296.79,294.39,292.6,291.79,291.79,300.89,300.0,300.0,299.39,298.39,297.2,294.6,293.1,293.1,292.6,292.0
2021-07-11 09:00:00,252.11,253.81,252.9,251.61,251.0,251.7,250.31,250.31,249.9,252.0,251.4,252.11,253.81,252.9,251.61,251.0,250.11,250.11,249.31,250.0,250.5,249.81,251.0,251.9,251.61,250.9,250.61,250.61,250.0,249.7,249.0,248.61,248.4,250.11,250.0,250.2,250.2,250.2,250.2,250.2,249.0,247.81,247.2,247.2,250.2,249.81,249.81,249.31,249.81,249.61,248.9,248.0,247.0,247.0,246.4,249.4,249.4,249.5,249.5,249.2,248.31,247.81,247.11,247.11,246.5,246.31,249.11,248.9,248.7,248.81,249.2,248.31,247.81,247.81,247.11,246.5,246.31,249.11,248.9,248.7,248.81,248.7,248.7,248.31,247.81,246.81,246.2,246.81,248.61,248.4,248.11,248.0,248.0,248.2,248.0,248.0,246.5,246.7,247.11,248.2,248.0,247.9,247.9,247.9,247.7,247.5,247.2,245.81,246.61,246.61,247.81,247.61,247.61,247.61,247.7,247.5,246.9,246.4,246.4,245.81,246.4
2021-08-07 06:00:00,258.3,263.3,267.11,267.4,267.11,272.8,279.39,279.39,272.5,266.9,265.11,258.3,263.3,267.11,267.4,267.11,271.9,271.9,271.71,269.8,269.8,265.5,261.8,262.8,265.0,270.4,270.9,270.9,268.0,261.21,266.11,272.4,266.5,262.61,260.4,264.8,271.21,271.21,271.71,264.9,257.3,265.21,266.0,266.0,254.5,252.31,252.31,262.8,266.9,268.71,267.8,264.8,262.71,262.71,259.5,247.5,247.5,248.61,258.11,262.11,266.5,270.9,266.0,266.0,259.9,253.0,255.2,251.11,255.0,258.11,262.11,266.5,270.9,270.9,266.0,259.9,253.0,255.2,251.11,255.0,258.11,256.9,256.9,259.0,268.9,269.3,257.8,250.11,256.61,259.11,265.71,258.5,258.5,254.0,259.21,266.11,267.61,261.61,251.9,261.61,270.71,277.89,277.89,271.21,259.0,257.3,262.5,264.11,265.9,265.9,270.0,283.29,283.29,287.29,282.0,266.21,264.71,258.61,258.61,262.8,270.0
2021-08-21 03:00:00,288.7,289.5,290.7,290.0,289.6,290.39,290.2,290.2,289.39,289.6,290.79,288.7,289.5,290.7,290.0,289.6,290.29,290.29,290.0,289.6,289.39,290.2,289.29,289.39,289.29,290.39,290.39,290.39,290.29,289.2,289.29,289.7,290.79,289.0,289.0,289.29,290.2,290.2,290.5,290.0,289.29,288.6,289.6,289.6,289.1,289.1,289.1,289.29,289.7,289.89,289.79,289.1,289.0,289.0,289.39,289.2,289.2,289.29,289.1,289.29,289.39,289.5,289.6,289.6,289.39,289.5,288.89,288.89,289.0,288.89,289.29,289.39,289.5,289.5,289.6,289.39,289.5,288.89,288.89,289.0,288.89,289.1,289.1,289.1,289.2,289.7,290.0,290.0,289.2,288.79,288.7,289.0,289.0,289.29,289.29,289.5,289.6,290.6,290.6,289.7,288.89,288.7,288.7,288.5,289.6,290.0,290.5,290.7,290.6,290.6,290.2,289.29,289.29,288.79,289.1,289.79,290.79,291.5,291.5,291.39,290.7
2021-06-09 23:00:00,244.0,231.61,226.0,223.5,222.31,225.81,232.61,232.61,228.9,221.61,219.61,244.0,231.61,226.0,223.5,222.31,222.9,222.9,228.2,227.5,222.2,221.11,243.2,230.5,225.5,222.5,221.7,221.7,221.31,225.61,226.2,221.0,219.81,241.61,230.4,223.61,221.0,221.0,220.81,219.7,222.81,224.0,222.31,222.31,246.0,234.4,234.4,224.0,219.81,218.2,219.4,220.0,221.31,221.31,219.81,248.7,248.7,236.61,225.61,218.0,217.5,218.7,218.2,218.2,218.2,218.9,258.3,247.11,234.61,225.2,218.0,217.5,218.7,218.7,218.2,218.2,218.9,258.3,247.11,234.61,225.2,220.31,220.31,217.7,219.0,218.4,216.7,217.61,256.71,244.2,232.5,226.11,226.11,223.0,220.61,219.0,218.0,216.5,217.0,253.5,243.61,230.11,230.11,225.61,227.31,223.2,219.81,218.4,219.4,219.4,251.11,238.9,238.9,229.9,230.0,230.11,226.11,222.7,222.7,224.0,223.61
2021-06-11 03:00:00,296.89,296.0,294.89,295.0,296.2,296.1,296.29,296.29,296.2,295.2,294.2,296.89,296.0,294.89,295.0,296.2,296.7,296.7,296.39,295.6,294.29,293.2,295.7,295.0,295.0,295.0,295.89,295.89,296.5,295.5,294.89,294.1,292.2,294.79,294.29,294.7,295.29,295.29,295.6,295.5,294.89,294.1,292.89,292.89,294.0,293.89,293.89,295.0,295.39,295.6,295.2,294.29,293.5,293.5,291.5,293.79,293.79,293.79,295.2,295.6,295.39,294.7,293.89,293.89,292.39,291.0,295.29,294.29,294.39,295.2,295.6,295.39,294.7,294.7,293.89,292.39,291.0,295.29,294.29,294.39,295.2,295.5,295.5,295.0,294.2,292.79,291.39,290.6,295.1,294.89,295.0,295.1,295.1,295.1,294.89,293.29,291.7,290.7,290.39,295.1,295.29,295.29,295.29,295.1,294.89,293.89,292.29,291.1,290.7,290.7,295.2,295.79,295.79,295.1,295.1,294.29,292.29,291.2,291.2,290.7,290.7
2021-07-01 22:00:00,248.5,252.4,257.5,260.71,256.11,269.5,274.39,274.39,278.2,278.1,279.5,248.5,252.4,257.5,260.71,256.11,256.4,256.4,265.9,274.29,274.2,278.0,241.2,241.31,246.2,250.2,245.4,245.4,250.4,263.71,265.11,268.11,273.89,232.4,230.81,232.4,237.11,237.11,239.5,246.9,251.61,256.61,264.71,264.71,229.81,228.31,228.31,230.61,230.4,231.81,237.0,238.4,249.4,249.4,257.71,230.11,230.11,231.0,231.4,228.61,226.31,226.2,230.4,230.4,241.11,250.61,228.61,232.81,242.11,238.61,228.61,226.31,226.2,226.2,230.4,241.11,250.61,228.61,232.81,242.11,238.61,226.7,226.7,223.61,224.0,224.81,233.9,242.7,228.4,239.5,250.11,238.31,238.31,226.5,222.9,222.9,225.11,229.11,230.9,234.11,243.61,242.5,242.5,233.7,228.2,226.31,224.0,224.0,226.31,226.31,244.31,240.0,240.0,235.0,230.7,229.7,230.9,225.4,225.4,222.31,224.9
2021-07-07 01:00:00,231.4,226.7,228.4,231.4,231.2,229.5,223.11,223.11,216.5,210.5,207.11,231.4,226.7,228.4,231.4,231.2,227.2,227.2,220.61,212.81,207.31,205.5,231.0,227.5,229.0,230.11,228.81,228.81,223.81,217.0,209.5,206.2,204.81,229.4,229.81,230.7,228.5,228.5,226.31,220.81,213.81,208.11,206.4,206.4,230.11,231.5,231.5,230.81,227.9,223.9,219.2,213.0,208.7,208.7,207.4,231.31,231.31,232.4,231.0,226.61,223.5,218.5,213.9,213.9,210.81,209.4,232.2,230.81,233.0,229.81,226.61,223.5,218.5,218.5,213.9,210.81,209.4,232.2,230.81,233.0,229.81,226.0,226.0,224.0,221.11,216.7,213.9,211.4,233.0,232.4,232.31,227.81,227.81,225.9,224.81,223.81,219.9,216.5,213.9,233.0,233.0,231.5,231.5,227.11,225.81,224.2,223.5,221.11,219.31,219.31,233.0,232.61,232.61,230.2,227.0,225.31,223.9,222.31,222.31,221.5,220.9
2021-07-16 08:00:00,240.61,242.4,241.61,241.0,238.31,237.5,234.81,234.81,231.9,230.11,228.9,240.61,242.4,241.61,241.0,238.31,234.31,234.31,230.5,227.2,224.7,223.5,238.7,239.7,238.4,235.31,230.81,230.81,228.31,225.2,222.81,220.7,220.31,236.31,236.5,232.7,229.5,229.5,225.2,221.9,219.7,218.7,219.81,219.81,234.61,233.2,233.2,231.11,225.5,221.0,218.9,218.2,218.0,218.0,218.2,232.11,232.11,231.2,229.0,223.61,219.9,218.2,219.2,219.2,218.9,217.81,229.4,227.61,227.2,225.7,223.61,219.9,218.2,218.2,219.2,218.9,217.81,229.4,227.61,227.2,225.7,223.11,223.11,221.2,220.81,221.0,220.31,218.9,226.7,224.0,222.9,222.9,222.9,222.5,223.11,223.11,222.31,221.31,221.2,225.11,223.5,221.81,221.81,221.31,221.7,223.0,222.9,222.31,222.11,222.11,223.4,222.7,222.7,221.5,221.11,221.31,222.0,222.31,222.31,222.7,222.4
2021-06-04 04:00:00,299.79,299.7,299.7,299.79,300.1,299.6,299.2,299.2,298.5,297.7,296.39,299.79,299.7,299.7,299.79,300.1,299.89,299.89,299.0,298.6,297.29,296.1,299.2,299.79,299.7,300.1,300.1,300.1,299.6,298.7,298.6,297.89,296.1,299.29,299.39,299.89,300.29,300.29,299.7,299.1,299.0,298.29,297.0,297.0,299.2,299.29,299.29,299.79,300.2,299.6,299.1,298.5,297.2,297.2,296.0,298.89,298.89,299.2,299.39,300.0,299.7,298.89,297.6,297.6,296.1,293.5,298.6,298.89,298.89,299.1,300.0,299.7,298.89,298.89,297.6,296.1,293.5,298.6,298.89,298.89,299.1,299.6,299.6,299.0,298.1,296.39,293.89,292.2,299.0,298.79,298.89,298.89,298.89,299.2,298.89,297.29,294.0,292.29,291.79,299.39,298.89,298.7,298.7,299.0,298.89,298.0,295.39,292.79,291.89,291.89,299.6,299.2,299.2,298.89,298.89,298.7,296.1,293.7,293.7,292.29,292.0
2021-06-10 07:00:00,230.31,231.81,233.2,233.61,233.5,233.61,232.7,232.7,232.7,233.31,234.5,230.31,231.81,233.2,233.61,233.5,232.7,232.7,230.9,231.11,232.11,233.9,230.0,231.4,232.4,233.9,232.61,232.61,231.81,230.7,229.81,230.2,231.61,230.5,230.61,232.11,233.2,233.2,232.61,230.7,229.4,229.31,229.2,229.2,230.61,232.2,232.2,233.0,232.11,230.9,229.9,229.4,228.9,228.9,229.0,231.81,231.81,233.2,232.4,230.9,229.7,229.2,229.4,229.4,229.11,228.81,231.2,231.9,232.0,231.5,230.9,229.7,229.2,229.2,229.4,229.11,228.81,231.2,231.9,232.0,231.5,230.11,230.11,229.7,228.5,228.9,229.4,229.7,231.9,230.81,231.2,230.0,230.0,229.9,228.9,228.2,228.5,229.81,230.11,230.2,230.2,230.2,230.2,229.81,228.2,227.4,228.31,228.0,229.5,229.5,228.7,229.31,229.31,229.7,228.0,226.7,227.5,227.7,227.7,228.5,228.9
2021-06-13 03:00:00,224.5,223.2,225.81,227.9,226.0,225.11,223.81,223.81,225.9,231.61,238.5,224.5,223.2,225.81,227.9,226.0,223.81,223.81,223.11,225.5,232.81,243.9,224.7,223.61,223.61,228.0,229.5,229.5,227.61,227.31,228.81,237.4,245.31,228.0,224.0,223.31,228.7,228.7,232.81,234.11,234.11,235.2,243.2,243.2,230.2,228.0,228.0,228.61,232.5,237.5,242.9,244.31,245.2,245.2,250.2,236.31,236.31,236.5,237.81,240.2,246.0,251.31,257.11,257.11,257.4,256.11,243.31,244.7,244.81,246.4,240.2,246.0,251.31,251.31,257.11,257.4,256.11,243.31,244.7,244.81,246.4,250.31,250.31,254.0,255.9,265.21,266.9,269.5,250.2,251.81,252.31,252.31,252.31,260.9,266.5,261.21,269.8,275.5,281.29,261.3,254.2,255.5,255.5,261.11,272.11,275.0,275.1,277.1,282.0,282.0,270.0,262.9,262.9,260.0,268.3,280.79,284.7,285.1,285.1,285.5,286.2
2021-07-08 10:00:00,246.5,248.0,252.5,256.8,251.5,250.5,252.31,252.31,254.31,256.0,255.4,246.5,248.0,252.5,256.8,251.5,249.4,249.4,252.11,255.5,256.3,256.71,246.31,247.31,252.2,256.4,249.7,249.7,248.7,251.5,255.5,257.9,259.9,246.2,247.2,252.5,255.2,255.2,248.81,248.5,249.31,253.5,261.61,261.61,246.31,246.61,246.61,252.7,252.2,249.2,250.5,250.0,252.5,252.5,256.11,245.61,245.61,247.31,251.9,249.7,250.11,251.9,251.81,251.81,251.9,248.81,248.61,247.31,250.5,249.4,249.7,250.11,251.9,251.9,251.81,251.9,248.81,248.61,247.31,250.5,249.4,249.5,249.5,250.5,249.61,248.81,249.11,247.4,248.4,251.2,252.11,249.2,249.2,249.61,247.5,247.4,246.9,246.4,246.31,250.2,251.81,252.0,252.0,248.81,249.11,247.7,248.0,248.0,246.81,246.81,251.0,252.11,252.11,251.4,248.4,249.4,251.0,250.2,250.2,250.5,248.4
2021-07-10 23:00:00,245.31,242.7,240.0,241.4,246.4,242.7,241.7,241.7,242.11,242.2,241.11,245.31,242.7,240.0,241.4,246.4,246.7,246.7,246.0,246.7,246.5,246.81,244.61,242.11,242.2,244.61,247.31,247.31,248.7,249.61,250.61,253.0,257.5,243.9,243.11,245.7,248.31,248.31,250.61,250.31,251.7,254.4,259.3,259.3,245.11,245.2,245.2,247.4,252.81,256.71,254.5,254.4,257.9,257.9,265.11,247.2,247.2,248.4,251.0,257.5,261.11,259.61,259.5,259.5,261.8,267.61,249.2,251.0,252.81,255.61,257.5,261.11,259.61,259.61,259.5,261.8,267.61,249.2,251.0,252.81,255.61,261.9,261.9,264.71,264.21,263.4,265.9,268.71,252.5,257.11,257.4,261.3,261.3,266.11,266.21,268.21,269.5,268.0,266.3,257.9,259.61,263.11,263.11,267.0,267.71,269.5,272.3,270.0,268.61,268.61,262.4,266.3,266.3,268.71,269.71,270.0,273.29,274.5,274.5,272.21,268.9
2021-07-27 10:00:00,227.11,225.0,224.5,226.4,226.4,224.7,224.9,224.9,226.7,229.5,231.61,227.11,225.0,224.5,226.4,226.4,225.2,225.2,224.2,225.11,228.81,234.0,227.4,225.11,226.11,226.11,225.81,225.81,224.5,223.5,226.31,231.5,237.11,227.11,227.31,227.81,227.61,227.61,226.2,226.61,227.9,230.4,235.11,235.11,228.61,228.61,228.61,229.11,229.2,230.61,233.9,236.61,238.2,238.2,239.31,228.81,228.81,230.81,231.4,231.5,235.31,241.2,246.11,246.11,245.31,244.9,229.61,231.31,234.61,232.61,231.5,235.31,241.2,241.2,246.11,245.31,244.9,229.61,231.31,234.61,232.61,235.11,235.11,240.81,245.4,250.4,252.2,253.9,233.2,235.5,238.31,236.4,236.4,239.7,245.2,249.11,253.7,257.9,257.3,236.31,237.7,239.11,239.11,240.0,243.0,247.2,250.11,255.5,257.61,257.61,239.4,238.11,238.11,238.2,241.7,244.31,245.81,248.81,248.81,252.9,253.7
2021-07-29 01:00:00,287.1,285.7,282.7,280.0,280.2,279.7,274.1,274.1,271.0,276.7,280.1,287.1,285.7,282.7,280.0,280.2,276.79,276.79,270.61,269.61,273.6,275.1,286.89,285.1,282.1,278.2,276.89,276.89,272.9,267.3,268.61,269.21,267.21,286.0,284.2,281.39,276.6,276.6,273.79,268.21,265.0,266.4,264.4,264.4,284.6,281.89,281.89,279.2,277.2,271.21,263.5,264.5,261.21,261.21,254.81,284.1,284.1,279.6,276.1,277.0,271.0,261.71,259.61,259.61,257.4,251.11,285.39,283.89,280.89,273.79,277.0,271.0,261.71,261.71,259.61,257.4,251.11,285.39,283.89,280.89,273.79,273.89,273.89,273.29,263.4,253.61,252.61,252.9,284.2,282.1,280.89,276.29,276.29,271.21,269.8,265.8,253.61,248.7,251.5,283.79,282.1,279.2,279.2,276.5,272.21,267.5,264.0,258.21,254.11,254.11,284.29,281.6,281.6,277.29,277.1,273.1,266.3,262.21,262.21,263.8,259.61
2021-06-04 00:00:00,287.6,287.5,287.5,287.39,287.6,287.89,288.39,288.39,289.2,289.5,289.39,287.6,287.5,287.5,287.39,287.6,288.2,288.2,288.6,289.5,289.89,290.0,287.79,287.7,287.6,287.7,287.89,287.89,288.29,289.2,289.89,290.29,290.79,287.7,287.7,287.79,287.79,287.79,288.1,288.5,289.39,290.1,290.7,290.7,287.89,287.79,287.79,287.89,288.1,288.2,288.7,289.29,290.0,290.0,290.5,288.0,288.0,287.89,288.0,288.2,288.5,288.7,289.29,289.29,289.79,289.79,288.29,288.39,288.2,288.2,288.2,288.5,288.7,288.7,289.29,289.79,289.79,288.29,288.39,288.2,288.2,288.29,288.29,288.5,288.79,289.1,289.39,289.29,288.39,288.29,288.39,288.39,288.39,288.39,288.39,288.79,289.1,288.79,288.7,288.5,288.5,288.29,288.29,288.2,288.6,288.7,289.1,289.0,288.39,288.39,288.5,288.39,288.39,288.2,288.2,288.7,288.79,289.29,289.29,288.6,288.2
2021-06-21 09:00:00,273.89,272.61,266.5,266.61,273.7,274.1,274.39,274.39,274.5,273.79,274.89,273.89,272.61,266.5,266.61,273.7,275.2,275.2,271.21,270.3,271.61,272.61,270.21,270.8,270.71,266.9,268.9,268.9,270.3,267.4,266.21,266.9,269.9,268.5,268.9,268.5,268.0,268.0,267.21,264.0,262.3,262.4,263.8,263.8,267.71,268.71,268.71,268.8,269.0,269.0,265.5,264.21,263.21,263.21,263.0,267.0,267.0,268.5,270.4,269.9,268.71,267.8,266.0,266.0,264.9,262.61,266.9,266.9,269.4,270.8,269.9,268.71,267.8,267.8,266.0,264.9,262.61,266.9,266.9,269.4,270.8,270.9,270.9,271.11,268.8,266.9,267.61,267.9,267.0,266.3,271.4,276.0,276.0,272.11,269.71,269.9,268.9,270.9,272.5,267.0,268.61,275.0,275.0,278.0,273.5,269.5,268.8,268.3,272.0,272.0,267.9,272.3,272.3,276.39,278.0,275.5,268.61,267.4,267.4,269.71,272.61
2021-07-14 03:00:00,286.0,288.6,288.5,287.39,288.29,286.1,284.79,284.79,279.5,279.79,280.5,286.0,288.6,288.5,287.39,288.29,286.2,286.2,280.6,275.0,275.89,275.39,285.89,287.29,288.6,287.79,288.6,288.6,284.7,275.29,274.39,274.1,271.61,287.0,286.0,288.79,288.5,288.5,287.6,282.0,277.2,273.89,269.61,269.61,288.2,286.89,286.89,287.39,288.79,288.2,284.29,278.5,274.39,274.39,272.4,288.89,288.89,288.29,286.7,288.7,289.0,287.1,281.7,281.7,277.0,275.39,287.2,290.2,289.2,287.89,288.7,289.0,287.1,287.1,281.7,277.0,275.39,287.2,290.2,289.2,287.89,289.0,289.0,288.79,287.5,285.5,281.89,275.89,286.39,290.2,289.89,289.5,289.5,289.2,288.6,287.1,284.7,283.7,282.39,287.6,288.79,290.0,290.0,290.2,289.79,288.2,286.29,285.29,284.0,284.0,289.0,289.0,289.0,289.5,289.89,290.2,288.2,286.1,286.1,283.39,283.2
2021-07-15 09:00:00,212.7,209.31,203.39999999999998,200.39999999999998,206.81,217.81,228.2,228.2,238.31,247.31,263.5,212.7,209.31,203.39999999999998,200.39999999999998,206.81,214.7,214.7,220.5,224.9,230.0,251.11,205.9,204.9,202.39999999999998,200.81,204.31,204.31,209.0,213.31,215.7,219.61,242.81,205.2,207.61,209.5,209.2,209.2,208.11,208.5,209.9,212.61,218.2,218.2,206.5,209.2,209.2,211.11,211.9,212.2,212.5,212.2,213.31,213.31,219.61,207.61,207.61,209.9,211.5,213.11,214.31,215.81,214.7,214.7,215.2,222.81,208.31,209.11,211.2,213.4,213.11,214.31,215.81,215.81,214.7,215.2,222.81,208.31,209.11,211.2,213.4,214.81,214.81,215.4,215.0,216.81,219.81,225.81,211.5,211.11,212.31,213.9,213.9,215.4,214.4,214.2,215.11,220.31,241.7,216.7,213.9,211.61,211.61,211.0,211.2,212.11,214.61,217.2,222.7,222.7,224.4,220.31,220.31,215.61,211.81,209.5,212.11,217.61,217.61,223.31,229.61
2021-08-03 23:00:00,290.5,290.39,290.6,290.39,290.29,290.2,290.1,290.1,290.0,290.1,290.2,290.5,290.39,290.6,290.39,290.29,290.2,290.2,290.0,290.0,290.1,290.1,290.5,290.6,290.39,290.39,290.29,290.29,290.1,289.89,289.79,289.89,290.0,290.79,290.5,290.39,290.5,290.5,290.2,290.2,289.89,289.79,289.89,289.89,290.29,290.39,290.39,290.39,290.39,290.29,290.2,290.0,289.79,289.79,290.0,290.29,290.29,290.2,290.39,290.39,290.29,290.29,290.1,290.1,290.1,290.1,290.29,290.29,290.29,290.29,290.39,290.29,290.29,290.29,290.1,290.1,290.1,290.29,290.29,290.29,290.29,290.29,290.29,290.29,290.39,290.5,290.2,290.2,290.29,290.39,290.29,290.2,290.2,290.2,290.29,290.39,290.39,290.29,290.2,290.1,290.29,290.29,290.29,290.29,290.1,290.0,290.2,290.2,290.29,290.29,290.2,290.1,290.1,290.29,290.29,290.2,290.0,290.0,290.0,290.1,290.2
2021-08-17 06:00:00,291.5,291.5,291.5,292.39,293.29,293.2,293.5,293.5,292.89,293.29,293.1,291.5,291.5,291.5,292.39,293.29,293.6,293.6,293.6,293.39,293.0,293.1,291.5,291.39,291.39,292.7,293.89,293.89,293.7,293.29,293.5,293.5,293.1,291.2,291.5,291.7,293.1,293.1,293.6,293.5,293.79,293.29,293.7,293.7,291.6,291.39,291.39,292.2,293.2,293.6,293.7,293.6,293.6,293.6,293.2,292.0,292.0,291.7,292.29,293.39,293.6,293.5,293.5,293.5,293.39,292.6,292.1,292.1,292.2,292.39,293.39,293.6,293.5,293.5,293.5,293.39,292.6,292.1,292.1,292.2,292.39,293.5,293.5,293.5,293.29,293.2,292.7,292.7,292.5,292.1,292.39,292.7,292.7,293.39,293.29,293.2,292.7,292.2,292.6,293.0,292.39,292.2,292.2,292.79,293.29,293.2,292.89,292.5,292.1,292.1,293.1,292.5,292.5,292.0,292.89,293.2,292.79,292.5,292.5,292.2,292.1
2021-06-29 11:00:00,261.11,264.61,268.0,269.4,266.0,275.79,280.6,280.6,279.29,280.79,284.5,261.11,264.61,268.0,269.4,266.0,272.21,272.21,277.2,279.1,284.1,285.89,255.9,265.4,270.21,271.71,267.5,267.5,274.29,274.39,278.29,285.7,286.1,258.4,265.4,273.29,273.5,273.5,275.2,276.39,273.89,278.7,285.1,285.1,265.4,272.0,272.0,279.89,278.6,276.1,275.29,278.39,282.1,282.1,284.29,271.9,271.9,277.2,283.89,282.2,277.0,275.6,283.29,283.29,285.29,285.79,278.1,277.6,280.7,283.6,282.2,277.0,275.6,275.6,283.29,285.29,285.79,278.1,277.6,280.7,283.6,283.29,283.29,282.7,281.5,284.39,286.5,287.1,283.89,284.0,284.79,283.5,283.5,283.5,285.79,285.1,283.6,285.29,286.79,286.29,285.39,286.89,286.89,285.39,282.89,281.6,281.6,281.89,282.29,282.29,284.2,282.6,282.6,286.1,284.5,281.6,278.2,277.0,277.0,277.29,278.0
2021-07-07 05:00:00,225.81,228.0,228.9,227.5,228.81,229.61,228.7,228.7,228.2,227.9,227.11,225.81,228.0,228.9,227.5,228.81,230.11,230.11,228.9,228.31,228.31,227.5,225.0,227.9,228.81,227.7,228.7,228.7,229.81,230.2,228.9,228.5,226.5,225.2,226.7,227.31,227.7,227.7,228.9,229.7,230.2,230.0,228.31,228.31,224.7,226.0,226.0,226.4,226.7,227.5,228.31,229.5,228.5,228.5,227.4,224.5,224.5,225.31,225.2,225.61,225.81,226.7,227.2,227.2,226.61,227.11,223.61,223.7,224.5,224.7,225.61,225.81,226.7,226.7,227.2,226.61,227.11,223.61,223.7,224.5,224.7,224.4,224.4,225.11,225.7,225.5,225.4,226.4,223.81,223.5,224.0,224.11,224.11,224.0,225.31,225.4,225.4,225.61,225.9,224.2,224.81,225.61,225.61,225.4,225.2,225.2,225.5,225.5,227.5,227.5,225.0,226.4,226.4,227.5,226.11,226.31,225.81,225.4,225.4,227.11,229.2
2021-08-01 01:00:00,294.7,294.6,294.1,293.29,291.79,290.2,286.2,286.2,280.5,280.89,284.1,294.7,294.6,294.1,293.29,291.79,288.39,288.39,284.5,284.2,284.5,281.5,294.7,294.7,294.39,293.39,291.7,291.7,288.89,285.1,285.5,286.89,285.2,294.79,294.39,293.79,292.89,292.89,292.2,289.79,285.89,286.79,289.7,289.7,295.0,294.39,294.39,293.5,292.79,292.1,290.6,289.79,289.39,289.39,289.2,295.2,295.2,294.6,293.79,292.89,292.79,292.0,291.7,291.7,291.6,290.0,295.6,295.39,295.0,293.79,292.89,292.79,292.0,292.0,291.7,291.6,290.0,295.6,295.39,295.0,293.79,292.79,292.79,293.2,292.1,292.2,291.79,290.6,295.6,295.89,295.29,294.1,294.1,293.2,293.1,292.7,292.2,291.79,292.2,295.7,295.29,295.2,295.2,294.29,293.89,293.6,292.89,292.39,291.89,291.89,295.7,295.2,295.2,295.0,294.7,294.5,294.5,293.1,293.1,292.79,292.29
2021-08-11 07:00:00,255.4,254.9,259.0,261.61,253.11,249.61,244.31,244.31,243.31,244.61,246.2,255.4,254.9,259.0,261.61,253.11,248.2,248.2,249.9,245.4,240.0,244.7,260.71,256.8,265.4,267.3,253.4,253.4,246.7,245.4,244.11,248.4,243.61,258.3,259.8,269.61,270.0,270.0,254.2,245.2,242.61,242.7,250.4,250.4,246.2,259.71,259.71,271.71,260.5,248.7,241.7,241.11,239.9,239.9,240.5,239.5,239.5,258.0,263.3,250.11,243.61,237.11,235.81,235.81,234.11,233.0,226.81,235.11,248.9,256.11,250.11,243.61,237.11,237.11,235.81,234.11,233.0,226.81,235.11,248.9,256.11,242.61,242.61,236.4,234.7,231.7,229.4,231.4,226.4,233.7,244.9,250.4,250.4,241.2,233.31,231.7,229.4,228.11,232.2,233.61,242.2,249.81,249.81,255.31,250.81,236.2,230.5,238.11,237.11,237.11,243.9,244.81,244.81,255.5,270.5,258.3,240.4,233.31,233.31,241.7,243.7
2021-07-21 08:00:00,274.89,276.29,279.1,281.7,281.6,279.29,284.2,284.2,289.39,287.79,286.39,274.89,276.29,279.1,281.7,281.6,278.0,278.0,280.39,288.0,285.89,281.7,276.6,280.0,281.0,279.29,278.2,278.2,275.2,279.1,285.39,284.7,280.29,280.2,281.39,280.2,278.29,278.29,275.29,274.2,280.39,282.89,282.39,282.39,277.79,276.0,276.0,277.2,277.2,278.1,277.7,278.89,279.79,279.79,282.7,272.5,272.5,272.21,274.79,277.5,280.2,281.6,280.5,280.5,278.0,281.79,276.0,273.1,275.0,276.7,277.5,280.2,281.6,281.6,280.5,278.0,281.79,276.0,273.1,275.0,276.7,277.2,277.2,280.7,283.29,280.89,280.0,281.2,272.0,273.7,276.89,280.1,280.1,277.7,279.1,283.89,284.2,282.29,280.79,274.2,269.9,273.89,273.89,280.0,281.39,282.79,284.7,284.39,283.29,283.29,276.7,270.5,270.5,271.21,279.0,285.7,287.2,284.7,284.7,283.0,283.1
2021-06-27 03:00:00,285.39,284.89,286.39,288.6,288.29,286.1,287.2,287.2,286.7,286.29,286.2,285.39,284.89,286.39,288.6,288.29,286.6,286.6,286.7,287.1,287.2,286.89,286.2,286.39,288.0,289.2,288.7,288.7,287.6,287.39,287.5,287.1,286.89,287.1,287.6,288.89,289.29,289.29,288.7,288.2,288.1,287.79,287.2,287.2,287.1,287.0,287.0,288.0,289.0,288.79,288.2,288.1,287.79,287.79,287.39,285.6,285.6,286.0,287.6,288.1,288.29,288.1,288.1,288.1,287.89,287.79,286.79,285.39,286.0,287.0,288.1,288.29,288.1,288.1,288.1,287.89,287.79,286.79,285.39,286.0,287.0,287.2,287.2,287.6,288.29,288.89,288.0,287.39,286.2,285.79,285.79,286.0,286.0,286.29,286.79,288.39,289.29,287.89,286.5,286.7,286.2,285.89,285.89,285.79,286.6,287.5,288.39,288.5,287.89,287.89,287.5,286.79,286.79,286.1,286.39,287.2,287.89,288.39,288.39,288.2,288.0
2021-08-29 00:00:00,272.3,271.9,268.71,251.0,235.7,226.9,244.2,244.2,262.5,271.4,276.7,272.3,271.9,268.71,251.0,235.7,232.7,232.7,243.5,260.9,271.4,279.2,273.7,272.71,271.3,256.8,237.9,237.9,233.4,243.7,261.4,277.2,281.89,272.4,271.5,271.5,262.11,262.11,242.7,234.81,246.2,263.8,279.0,279.0,266.11,265.71,265.71,265.5,264.21,257.9,252.81,256.21,267.61,267.61,278.7,261.11,261.11,259.8,263.4,266.9,268.3,269.4,270.21,270.21,272.0,276.1,273.79,264.21,261.11,263.21,266.9,268.3,269.4,269.4,270.21,272.0,276.1,273.79,264.21,261.11,263.21,269.8,269.8,278.2,273.89,272.61,277.6,280.29,274.6,268.4,262.9,268.71,268.71,272.9,276.5,276.7,277.79,281.2,283.1,276.1,272.0,267.61,267.61,268.9,273.7,276.5,279.6,280.6,282.5,282.5,278.2,277.2,277.2,273.0,271.3,273.1,276.39,279.2,279.2,280.2,282.0
2021-08-05 22:00:00,273.0,276.0,280.79,287.2,288.0,289.39,289.39,289.39,289.5,289.6,289.89,273.0,276.0,280.79,287.2,288.0,289.0,289.0,289.29,289.39,289.5,289.5,273.29,274.7,280.29,286.29,287.6,287.6,288.79,289.0,289.29,289.39,289.39,273.2,275.1,279.6,285.29,285.29,287.89,288.0,288.29,289.0,289.39,289.39,280.1,279.0,279.0,279.79,283.7,286.2,286.1,287.79,288.6,288.6,289.2,278.2,278.2,283.29,280.79,281.29,285.2,284.79,285.2,285.2,288.7,289.6,264.8,272.4,280.39,283.39,281.29,285.2,284.79,284.79,285.2,288.7,289.6,264.8,272.4,280.39,283.39,280.29,280.29,280.29,285.89,288.1,286.7,288.89,261.21,268.61,275.1,280.7,280.7,279.1,280.39,285.39,286.79,285.7,287.89,258.4,264.9,269.8,269.8,274.89,279.29,280.29,281.89,285.0,286.89,286.89,256.21,258.61,258.61,263.21,271.5,277.5,279.39,277.79,277.79,284.0,286.89
2021-08-08 22:00:00,260.3,259.8,260.0,262.5,261.8,262.4,258.8,258.8,257.71,260.8,259.11,260.3,259.8,260.0,262.5,261.8,254.9,254.9,250.81,251.61,254.0,255.2,259.8,260.0,261.0,261.5,257.4,257.4,250.2,246.2,244.81,245.31,247.11,259.71,260.21,261.0,258.4,258.4,253.5,246.2,241.2,238.9,238.4,238.4,260.21,259.5,259.5,257.3,256.4,252.11,242.31,238.4,236.81,236.81,234.4,258.0,258.0,256.71,257.21,253.7,246.31,241.2,239.0,239.0,236.81,234.9,260.11,261.5,253.4,249.9,253.7,246.31,241.2,241.2,239.0,236.81,234.9,260.11,261.5,253.4,249.9,250.7,250.7,246.81,242.31,239.2,237.61,236.2,260.11,257.9,250.7,246.4,246.4,247.7,246.4,243.9,240.61,238.4,240.4,256.71,252.5,247.5,247.5,245.9,245.31,245.5,243.9,242.7,242.61,242.61,252.9,249.11,249.11,244.9,243.2,244.7,244.81,244.5,244.5,245.11,246.81
2021-08-14 23:00:00,289.2,289.5,289.39,289.39,289.39,289.2,289.2,289.2,289.29,289.5,289.89,289.2,289.5,289.39,289.39,289.39,289.39,289.39,289.29,289.39,289.39,289.6,289.29,289.6,289.5,289.6,289.5,289.5,289.6,289.2,289.2,289.29,289.29,289.6,289.6,289.6,289.7,289.7,289.6,289.6,289.29,289.2,289.0,289.0,289.5,289.7,289.7,289.89,289.7,289.89,289.6,289.0,289.39,289.39,289.39,289.6,289.6,289.79,289.79,290.0,289.89,289.5,289.29,289.29,289.5,289.79,289.7,289.7,289.79,290.0,290.0,289.89,289.5,289.5,289.29,289.5,289.79,289.7,289.7,289.79,290.0,290.1,290.1,289.89,290.0,289.6,290.0,290.0,290.0,289.6,289.7,290.2,290.2,290.1,290.29,290.29,289.7,290.39,290.5,290.0,290.0,289.89,289.89,290.0,290.39,290.2,290.5,290.6,290.5,290.5,290.0,290.0,290.0,290.1,290.1,290.2,290.39,290.5,290.5,290.6,290.5
2021-08-15 04:00:00,278.5,278.6,281.29,283.89,286.2,289.0,289.79,289.79,289.89,290.1,290.6,278.5,278.6,281.29,283.89,286.2,287.7,287.7,288.6,289.79,290.29,290.7,272.8,273.7,274.79,279.89,283.1,283.1,286.29,287.6,288.0,289.2,289.7,269.3,269.9,270.61,275.39,275.39,280.1,283.29,284.7,285.5,286.2,286.2,270.9,272.0,272.0,272.4,275.1,276.5,277.6,279.7,282.5,282.5,283.89,274.89,274.89,275.79,277.39,276.79,274.0,273.89,276.1,276.1,281.2,280.79,280.6,279.29,281.1,281.39,276.79,274.0,273.89,273.89,276.1,281.2,280.79,280.6,279.29,281.1,281.39,278.89,278.89,277.0,275.5,275.0,278.1,278.29,288.1,287.0,285.5,283.7,283.7,282.0,280.39,278.6,276.7,275.89,276.79,290.7,289.39,287.79,287.79,286.2,284.79,282.29,281.1,279.1,278.29,278.29,291.29,290.2,290.2,289.0,287.89,287.0,285.39,283.5,283.5,282.2,281.5
2021-08-18 01:00:00,289.7,290.7,290.7,291.2,288.79,285.5,286.5,286.5,286.6,287.6,289.0,289.7,290.7,290.7,291.2,288.79,283.2,283.2,286.39,288.2,290.1,289.79,289.2,289.7,290.5,291.39,289.7,289.7,287.5,287.79,288.89,289.79,289.7,289.7,288.2,289.89,291.0,291.0,291.5,291.6,290.5,289.39,289.2,289.2,289.6,289.0,289.0,290.6,291.0,291.6,291.79,291.1,290.29,290.29,289.2,290.2,290.2,289.79,291.0,291.2,291.2,291.29,291.5,291.5,290.89,288.6,290.5,290.29,290.39,291.0,291.2,291.2,291.29,291.29,291.5,290.89,288.6,290.5,290.29,290.39,291.0,291.2,291.2,291.1,290.6,291.5,290.5,287.6,290.7,290.5,290.89,291.39,291.39,291.2,290.7,290.2,290.39,289.39,286.5,290.79,291.1,291.29,291.29,291.29,291.29,290.6,290.0,289.29,288.0,288.0,291.0,291.5,291.5,291.6,291.5,291.29,290.29,289.6,289.6,288.39,286.39
2021-06-13 01:00:00,290.2,288.89,289.5,288.6,288.5,290.6,290.0,290.0,288.29,286.39,286.7,290.2,288.89,289.5,288.6,288.5,290.39,290.39,289.6,288.7,288.5,289.1,290.89,289.29,289.1,289.2,289.1,289.1,289.89,290.0,289.39,289.39,289.89,290.79,289.7,289.7,289.5,289.5,289.5,290.0,290.39,290.2,290.5,290.5,290.5,291.0,291.0,290.6,290.1,290.79,290.1,288.2,290.7,290.7,291.6,290.29,290.29,292.0,291.7,290.6,290.5,289.79,287.7,287.7,289.79,292.39,289.0,290.89,293.1,292.79,290.6,290.5,289.79,289.79,287.7,289.79,292.39,289.0,290.89,293.1,292.79,291.29,291.29,289.89,289.79,289.5,289.7,290.7,289.0,292.39,293.89,293.2,293.2,291.89,290.6,290.2,289.89,290.0,289.79,290.39,292.39,294.0,294.0,293.1,292.29,291.1,290.39,290.2,290.1,290.1,291.89,292.7,292.7,293.2,293.2,292.1,291.0,290.7,290.7,290.6,290.39
2021-07-01 08:00:00,293.39,293.0,292.89,293.5,293.79,293.39,293.1,293.1,293.0,292.89,292.89,293.39,293.0,292.89,293.5,293.79,293.5,293.5,293.1,293.1,292.79,292.39,293.0,292.79,292.79,293.29,293.7,293.7,293.29,293.2,293.1,293.1,292.5,292.6,292.7,292.79,293.1,293.1,293.5,293.2,293.2,293.1,293.2,293.2,292.7,292.6,292.6,292.79,293.2,293.2,293.39,293.39,293.1,293.1,292.5,292.6,292.6,292.7,292.89,293.1,293.1,293.1,293.2,293.2,292.7,291.5,292.89,292.79,292.7,292.89,293.1,293.1,293.1,293.1,293.2,292.7,291.5,292.89,292.79,292.7,292.89,292.89,292.89,292.79,292.89,292.6,291.89,291.39,293.1,292.6,292.79,292.79,292.79,292.89,292.6,292.7,292.1,291.1,291.6,292.79,292.79,292.79,292.79,292.7,292.89,292.7,292.1,291.5,291.29,291.29,292.5,292.29,292.29,292.7,292.89,292.7,292.0,291.29,291.29,291.29,291.1
2021-07-12 05:00:00,280.0,278.6,277.79,277.7,278.6,287.79,288.29,288.29,285.39,282.29,281.1,280.0,278.6,277.79,277.7,278.6,279.5,279.5,277.29,276.79,274.7,280.5,275.7,277.2,275.7,265.0,262.61,262.61,266.3,270.0,267.9,269.71,281.0,275.7,278.39,266.9,255.7,255.7,253.0,255.81,257.11,261.0,270.0,270.0,274.89,273.7,273.7,259.61,251.61,253.2,262.11,262.11,259.8,259.8,264.61,274.89,274.89,270.9,255.4,252.61,259.61,270.5,270.8,270.8,265.0,264.21,271.61,275.0,273.7,259.3,252.61,259.61,270.5,270.5,270.8,265.0,264.21,271.61,275.0,273.7,259.3,259.8,259.8,264.71,266.8,271.71,273.2,271.3,274.39,274.5,276.39,273.5,273.5,267.8,264.0,262.9,273.0,279.6,276.89,273.2,275.39,282.29,282.29,282.0,268.11,261.5,265.4,275.0,280.7,280.7,274.0,279.29,279.29,287.39,280.5,266.61,265.9,266.8,266.8,270.5,281.1
2021-08-28 04:00:00,276.89,278.39,280.0,280.0,280.5,281.39,280.1,280.1,279.89,280.2,280.0,276.89,278.39,280.0,280.0,280.5,280.89,280.89,279.7,279.1,278.39,278.5,276.29,277.1,278.39,279.7,280.1,280.1,279.6,278.89,278.0,277.5,278.2,274.7,275.2,276.79,278.7,278.7,278.7,278.6,278.6,277.2,277.29,277.29,273.29,273.5,273.5,274.5,276.39,276.89,278.2,277.7,277.2,277.2,276.89,270.9,270.9,271.5,272.71,272.71,275.39,276.29,276.7,276.7,276.7,276.5,262.5,265.0,267.3,269.71,272.71,275.39,276.29,276.29,276.7,276.7,276.5,262.5,265.0,267.3,269.71,270.4,270.4,274.39,274.89,275.6,276.0,276.6,260.0,261.3,264.21,266.5,266.5,268.9,273.1,273.1,273.89,275.29,275.5,257.8,260.71,267.3,267.3,266.61,268.11,270.8,269.5,271.61,274.39,274.39,256.9,262.61,262.61,269.0,267.4,267.61,267.61,266.5,266.5,269.3,272.61
2021-07-08 07:00:00,226.9,227.2,226.31,226.31,227.2,228.2,227.81,227.81,227.5,226.61,226.31,226.9,227.2,226.31,226.31,227.2,227.4,227.4,227.11,227.4,226.4,226.11,226.81,226.61,226.61,225.9,226.31,226.31,226.61,226.61,227.2,227.2,226.7,226.11,226.5,227.4,226.31,226.31,225.61,226.4,227.11,227.31,227.81,227.81,227.11,227.7,227.7,227.7,227.7,227.4,228.31,228.5,228.0,228.0,227.81,231.61,231.61,230.2,229.81,229.2,228.9,230.11,230.11,230.11,228.61,227.81,235.2,235.4,237.31,234.9,229.2,228.9,230.11,230.11,230.11,228.61,227.81,235.2,235.4,237.31,234.9,230.2,230.2,228.0,230.7,230.9,229.81,228.5,238.2,240.7,243.2,238.9,238.9,231.4,228.9,230.81,231.9,231.4,230.4,242.31,245.31,243.61,243.61,240.31,235.11,230.4,232.0,232.7,232.9,232.9,247.2,246.5,246.5,244.4,241.4,239.11,233.5,233.5,233.5,233.7,233.81
2021-07-13 08:00:00,284.7,283.79,284.2,285.5,282.29,278.6,275.89,275.89,274.2,274.29,278.2,284.7,283.79,284.2,285.5,282.29,278.79,278.79,278.2,274.39,273.5,280.7,286.6,286.0,285.6,284.2,281.29,281.29,280.2,277.29,274.2,274.39,277.0,286.79,287.29,285.0,281.79,281.79,279.39,279.7,278.7,273.79,273.7,273.7,284.7,283.89,283.89,282.5,279.89,278.29,278.2,278.0,274.5,274.5,269.3,280.89,280.89,280.89,278.29,279.1,277.7,276.5,276.7,276.7,274.0,267.21,278.29,277.7,278.79,276.89,279.1,277.7,276.5,276.5,276.7,274.0,267.21,278.29,277.7,278.79,276.89,276.89,276.89,276.2,275.39,274.5,272.71,266.8,276.2,276.6,277.2,276.2,276.2,275.6,274.79,273.79,272.71,270.8,268.71,275.29,275.2,276.2,276.2,277.39,277.2,273.6,272.8,272.9,272.11,272.11,274.89,274.39,274.39,276.1,277.7,279.2,276.2,273.89,273.89,272.5,273.6
2021-08-25 02:00:00,297.2,297.1,297.1,297.6,298.0,297.5,297.1,297.1,296.6,296.5,296.39,297.2,297.1,297.1,297.6,298.0,297.89,297.89,297.29,296.7,296.5,296.39,297.1,297.2,297.29,297.89,298.2,298.2,297.79,297.29,296.89,296.89,296.39,297.0,297.39,297.39,298.1,298.1,298.2,297.5,297.5,297.1,297.0,297.0,297.0,297.1,297.1,297.6,298.2,297.89,297.79,297.39,297.1,297.1,296.6,296.7,296.7,296.89,297.29,298.1,297.89,297.6,297.2,297.2,296.89,296.1,296.6,296.79,296.89,297.2,298.1,297.89,297.6,297.6,297.2,296.89,296.1,296.6,296.79,296.89,297.2,297.7,297.7,297.7,297.29,297.0,296.39,296.2,296.79,296.79,296.89,297.29,297.29,297.39,297.29,297.2,296.6,296.1,295.79,296.79,296.79,297.0,297.0,297.1,297.39,297.1,296.79,296.39,295.89,295.89,296.89,296.7,296.7,296.89,297.29,297.2,296.79,296.39,296.39,296.0,295.89
2021-06-11 04:00:00,288.2,291.5,294.1,294.39,295.2,296.39,296.79,296.79,296.29,295.39,294.29,288.2,291.5,294.1,294.39,295.2,295.89,295.89,296.2,296.0,295.0,293.89,288.89,292.1,293.5,295.0,295.79,295.79,295.7,295.5,295.29,294.7,293.0,289.29,292.5,293.89,295.2,295.2,295.79,295.5,295.29,294.39,293.39,293.39,289.89,293.1,293.1,294.7,295.29,295.7,295.39,294.89,293.6,293.6,292.1,291.0,291.0,293.29,294.6,295.2,295.29,294.89,294.1,294.1,292.39,290.79,291.6,292.39,293.5,294.5,295.2,295.29,294.89,294.89,294.1,292.39,290.79,291.6,292.39,293.5,294.5,295.1,295.1,294.89,294.2,292.89,291.1,290.39,292.2,293.2,293.89,294.6,294.6,295.0,294.2,293.29,291.5,290.29,290.2,292.7,294.29,295.1,295.1,295.1,294.39,293.6,291.79,290.7,290.29,290.29,293.2,295.89,295.89,295.7,294.89,294.0,291.7,290.6,290.6,290.29,290.2
2021-07-06 07:00:00,234.0,233.5,235.0,236.4,235.7,237.11,237.81,237.81,238.31,238.9,237.9,234.0,233.5,235.0,236.4,235.7,236.0,236.0,237.5,239.0,240.11,239.61,233.4,233.2,234.4,235.7,236.2,236.2,236.61,238.2,239.31,239.11,239.11,232.9,232.7,233.31,234.81,234.81,235.9,236.81,237.81,238.2,237.61,237.61,232.4,232.2,232.2,232.31,233.7,234.2,234.0,234.81,235.61,235.61,235.7,231.5,231.5,231.2,230.7,232.31,231.61,230.4,231.11,231.11,232.5,233.4,231.2,230.0,229.4,229.61,232.31,231.61,230.4,230.4,231.11,232.5,233.4,231.2,230.0,229.4,229.61,230.11,230.11,229.61,227.4,227.7,229.4,231.0,230.11,228.31,227.7,228.31,228.31,228.4,226.4,224.9,225.2,225.9,228.31,229.5,227.5,226.31,226.31,226.31,226.4,225.0,224.0,223.5,223.61,223.61,228.81,226.7,226.7,225.2,224.61,224.9,224.4,223.9,223.9,221.7,221.7
2021-07-06 09:00:00,222.5,223.0,225.0,227.81,230.11,230.11,233.5,233.5,237.0,238.81,239.61,222.5,223.0,225.0,227.81,230.11,233.5,233.5,237.4,241.7,243.0,243.9,223.11,223.7,225.81,229.7,233.31,233.31,238.2,242.9,246.61,246.61,246.11,224.2,224.2,227.61,231.31,231.31,235.4,241.7,247.0,250.5,248.2,248.2,225.7,225.11,225.11,228.2,232.81,237.4,242.9,247.7,251.31,251.31,250.7,228.0,228.0,227.0,229.5,235.11,239.61,242.9,250.61,250.61,251.7,250.31,232.5,230.9,230.0,232.81,235.11,239.61,242.9,242.9,250.61,251.7,250.31,232.5,230.9,230.0,232.81,238.11,238.11,241.5,246.2,250.31,252.31,251.0,234.81,233.4,232.4,236.11,236.11,240.9,244.31,249.0,251.11,251.61,252.81,236.61,233.9,234.11,234.11,239.31,245.4,249.5,254.81,254.5,253.5,253.5,238.31,234.5,234.5,236.4,240.0,249.2,259.11,259.5,259.5,256.21,257.0
2021-08-20 09:00:00,270.0,269.61,269.8,269.9,269.9,267.0,268.71,268.71,267.9,265.21,265.4,270.0,269.61,269.8,269.9,269.9,269.3,269.3,269.61,268.3,267.8,265.9,272.0,271.61,270.9,271.3,271.71,271.71,270.71,269.3,268.9,267.8,265.3,272.61,272.8,272.21,271.5,271.5,271.3,269.8,268.11,267.71,267.11,267.11,272.3,271.8,271.8,271.4,270.4,269.11,265.21,264.0,264.21,264.21,263.4,269.8,269.8,269.5,268.4,267.61,265.21,259.61,257.8,257.8,259.61,260.3,267.4,265.9,266.9,265.0,267.61,265.21,259.61,259.61,257.8,259.61,260.3,267.4,265.9,266.9,265.0,263.8,263.8,260.4,254.5,253.7,255.0,255.11,264.0,263.11,262.8,262.9,262.9,259.5,253.9,251.0,250.4,250.61,250.7,260.9,260.61,259.4,259.4,257.3,256.11,252.31,250.31,248.61,248.11,248.11,257.9,257.9,257.9,256.0,253.7,252.5,252.5,250.7,250.7,247.0,248.31
2021-06-12 00:00:00,292.5,292.5,292.5,292.1,291.39,291.1,290.79,290.79,290.6,290.6,290.6,292.5,292.5,292.5,292.1,291.39,290.6,290.6,290.39,290.39,290.1,290.2,292.5,292.6,292.39,292.0,291.5,291.5,290.6,290.1,290.1,290.1,290.6,292.39,292.39,292.1,291.79,291.79,291.5,290.7,290.0,289.89,290.29,290.29,292.6,292.39,292.39,292.29,291.5,290.79,290.6,290.39,290.29,290.29,290.39,292.29,292.29,292.39,291.89,291.1,290.7,290.39,290.29,290.29,290.6,290.79,291.6,291.89,291.79,291.39,291.1,290.7,290.39,290.39,290.29,290.6,290.79,291.6,291.89,291.79,291.39,290.79,290.79,290.29,290.7,291.0,290.79,290.6,291.39,291.29,291.2,291.2,291.2,290.5,290.39,291.0,290.89,291.0,290.39,291.6,291.39,291.0,291.0,290.79,290.7,290.89,290.79,290.79,290.89,290.89,292.0,291.6,291.6,291.0,290.89,291.1,291.0,290.6,290.6,290.5,290.6
2021-06-16 08:00:00,271.71,272.4,274.6,277.6,281.7,280.1,281.5,281.5,281.79,282.7,284.89,271.71,272.4,274.6,277.6,281.7,283.5,283.5,284.0,284.29,284.5,285.0,271.8,273.79,277.7,281.6,284.29,284.29,285.39,285.7,286.1,286.1,286.2,273.0,276.29,281.29,284.79,284.79,285.89,286.39,286.7,287.1,287.29,287.29,277.39,281.0,281.0,284.0,285.7,286.39,286.7,287.2,287.39,287.39,287.79,282.6,282.6,285.0,285.7,286.1,286.6,286.89,287.2,287.2,287.39,287.6,280.39,283.5,285.79,286.1,286.1,286.6,286.89,286.89,287.2,287.39,287.6,280.39,283.5,285.79,286.1,286.5,286.5,286.7,287.1,287.1,287.29,287.39,282.2,283.7,285.39,286.1,286.1,286.89,287.1,287.29,287.29,287.2,287.2,280.7,282.79,286.0,286.0,286.6,286.5,286.89,287.1,286.89,287.29,287.29,277.6,283.1,283.1,286.0,286.39,286.5,286.7,287.0,287.0,287.0,287.29
2021-06-26 23:00:00,287.89,288.5,288.2,288.1,287.89,287.2,286.5,286.5,286.1,285.89,286.0,287.89,288.5,288.2,288.1,287.89,288.2,288.2,287.89,287.39,287.29,287.2,289.39,288.39,288.29,288.79,288.79,288.79,288.5,288.39,288.0,287.5,287.1,289.29,287.79,288.6,288.7,288.7,288.79,288.29,288.1,288.0,286.79,286.79,288.0,288.2,288.2,288.5,288.6,287.7,288.29,287.79,287.6,287.6,287.1,287.39,287.39,287.89,288.0,287.79,287.39,287.7,287.6,287.6,287.2,286.79,287.1,287.6,287.39,287.1,287.79,287.39,287.7,287.7,287.6,287.2,286.79,287.1,287.6,287.39,287.1,287.39,287.39,287.39,287.29,287.2,286.89,286.6,287.2,287.2,286.89,287.2,287.2,287.0,287.0,287.0,287.0,286.89,286.5,287.1,287.1,287.2,287.2,287.2,287.0,286.89,286.79,286.7,286.7,286.7,286.7,286.89,286.89,287.2,287.1,286.79,286.5,286.39,286.39,286.39,286.6
2021-07-02 22:00:00,247.4,244.9,242.31,242.9,240.9,235.2,231.2,231.2,229.11,225.11,220.5,247.4,244.9,242.31,242.9,240.9,233.2,233.2,231.81,231.2,226.31,222.31,251.61,247.0,243.5,244.81,243.0,243.0,234.2,233.4,232.81,226.9,222.11,253.5,249.0,245.11,246.0,246.0,243.0,236.5,236.2,233.81,228.5,228.5,254.31,249.9,249.9,247.31,245.31,243.0,238.4,237.31,236.11,236.11,230.9,255.2,255.2,250.5,247.61,245.31,242.5,240.5,239.2,239.2,238.11,232.81,256.0,254.2,250.31,248.0,245.31,242.5,240.5,240.5,239.2,238.11,232.81,256.0,254.2,250.31,248.0,246.0,246.0,243.4,242.7,241.9,239.7,233.2,253.9,253.61,249.81,248.61,248.61,246.9,245.5,244.61,243.4,240.2,233.7,250.2,252.11,252.81,252.81,251.7,249.0,246.61,246.7,243.61,239.31,239.31,245.81,251.31,251.31,255.31,254.81,250.7,246.5,246.81,246.81,242.61,237.0
2021-06-17 04:00:00,278.39,277.6,275.2,273.39,271.61,273.1,270.71,270.71,274.39,274.89,274.7,278.39,277.6,275.2,273.39,271.61,271.71,271.71,273.2,275.79,276.1,275.5,276.89,277.29,276.0,275.0,274.0,274.0,274.1,274.79,277.0,277.0,276.5,272.4,275.7,275.5,275.6,275.6,276.0,276.2,276.7,277.39,277.39,277.39,270.9,273.1,273.1,274.2,276.29,278.0,277.79,278.0,278.0,278.0,278.39,272.71,272.71,271.21,272.21,277.0,279.39,279.39,278.39,278.39,279.0,279.29,274.6,275.0,273.89,274.7,277.0,279.39,279.39,279.39,278.39,279.0,279.29,274.6,275.0,273.89,274.7,276.6,276.6,277.29,279.1,279.29,279.39,279.39,275.7,276.89,277.39,277.2,277.2,276.2,275.29,278.1,279.5,279.1,279.2,275.6,276.79,276.89,276.89,276.7,275.89,276.0,277.5,278.79,278.6,278.6,275.0,275.5,275.5,275.79,276.2,275.89,276.2,277.0,277.0,278.29,277.6
2021-06-24 22:00:00,253.2,252.61,253.9,259.11,262.71,259.61,256.9,256.9,261.71,265.9,269.0,253.2,252.61,253.9,259.11,262.71,258.8,258.8,258.4,261.11,262.8,264.11,256.71,258.8,260.61,261.5,260.5,260.5,257.8,258.21,259.3,260.9,263.21,260.9,263.61,265.3,263.3,263.3,259.4,257.61,257.21,257.3,261.4,261.4,260.71,260.5,260.5,265.61,264.5,260.9,262.8,259.8,258.0,258.0,261.61,261.11,261.11,257.3,258.5,264.61,266.5,266.5,261.3,261.3,260.0,263.8,261.61,260.21,258.5,259.0,264.61,266.5,266.5,266.5,261.3,260.0,263.8,261.61,260.21,258.5,259.0,262.9,262.9,265.8,265.8,263.21,263.3,264.5,261.8,259.71,260.8,262.61,262.61,262.61,261.5,264.0,265.9,265.0,264.3,261.11,260.5,263.0,263.0,262.11,261.4,261.3,261.21,262.8,264.3,264.3,261.61,260.71,260.71,264.3,262.71,259.4,259.3,257.61,257.61,258.61,262.9
2021-06-29 09:00:00,255.2,257.61,259.71,261.3,268.61,276.2,279.7,279.7,279.1,280.89,281.6,255.2,257.61,259.71,261.3,268.61,279.6,279.6,282.79,277.39,275.5,276.5,257.3,260.0,261.0,264.71,269.4,269.4,278.79,283.39,277.6,272.5,272.8,260.8,262.3,264.5,267.8,267.8,270.61,277.0,279.0,277.1,272.3,272.3,265.11,265.4,265.4,266.8,268.61,271.3,273.79,275.0,274.1,274.1,272.5,267.61,267.61,268.11,268.5,269.11,269.9,271.0,271.5,271.5,271.21,272.71,268.0,269.61,268.8,266.61,269.11,269.9,271.0,271.0,271.5,271.21,272.71,268.0,269.61,268.8,266.61,269.9,269.9,270.61,270.5,269.8,269.61,270.9,270.61,270.5,268.3,266.5,266.5,269.21,270.4,270.11,268.8,268.5,269.21,270.8,270.8,270.21,270.21,269.11,268.8,269.21,269.11,269.0,268.71,268.71,269.61,271.61,271.61,272.0,270.11,269.0,268.61,268.4,268.4,268.71,269.4
2021-07-13 11:00:00,278.6,279.89,282.5,284.7,286.29,286.89,288.6,288.6,288.89,287.5,286.7,278.6,279.89,282.5,284.7,286.29,286.89,286.89,287.2,287.2,285.89,283.89,279.5,280.7,283.89,285.79,286.39,286.39,286.5,285.6,285.0,281.6,277.79,278.39,281.89,285.6,286.5,286.5,287.1,286.29,285.1,283.1,277.0,277.0,281.1,285.5,285.5,286.39,286.7,287.7,286.7,283.1,280.5,280.5,275.6,284.39,284.39,287.79,288.0,286.89,286.39,287.2,282.6,282.6,278.0,276.39,286.5,286.5,288.5,288.7,286.89,286.39,287.2,287.2,282.6,278.0,276.39,286.5,286.5,288.5,288.7,287.89,287.89,287.0,286.1,282.89,278.5,278.5,288.6,288.7,288.89,288.79,288.79,289.1,287.79,285.39,282.5,280.7,281.0,289.29,289.5,289.5,289.5,289.39,288.89,287.7,285.6,283.29,282.79,282.79,289.89,290.0,290.0,289.79,289.6,288.5,287.5,286.6,286.6,284.5,285.2
2021-06-26 11:00:00,243.5,241.9,242.31,243.61,244.11,243.61,241.61,241.61,241.0,239.31,237.9,243.5,241.9,242.31,243.61,244.11,243.11,243.11,241.4,237.81,235.31,234.11,243.2,241.7,240.61,241.7,242.4,242.4,241.2,238.81,235.5,232.61,232.11,242.7,241.61,239.5,238.81,238.81,239.61,237.9,237.0,234.7,232.2,232.2,242.7,240.7,240.7,237.0,236.0,236.31,235.2,235.81,236.31,236.31,237.61,243.0,243.0,239.4,235.0,233.31,234.11,233.5,236.11,236.11,241.2,244.81,245.7,243.11,240.2,236.4,233.31,234.11,233.5,233.5,236.11,241.2,244.81,245.7,243.11,240.2,236.4,233.11,233.11,233.5,233.5,239.2,248.31,253.2,246.4,245.81,241.9,238.5,238.5,235.5,234.61,235.7,243.81,253.9,262.3,246.7,244.81,246.0,246.0,242.7,240.11,238.7,241.7,251.11,257.8,257.8,247.31,246.11,246.11,248.11,248.7,244.61,242.61,248.5,248.5,256.9,261.11
2021-07-07 22:00:00,265.21,264.3,263.0,261.61,261.11,261.21,261.71,261.71,262.11,263.61,264.71,265.21,264.3,263.0,261.61,261.11,261.21,261.21,261.9,262.8,263.61,264.21,262.71,262.61,262.0,261.61,261.71,261.71,261.71,262.61,263.3,263.4,263.61,260.21,260.9,260.9,261.9,261.9,262.11,262.4,262.5,263.4,263.3,263.3,259.8,260.3,260.3,260.9,262.21,263.61,263.4,262.61,262.8,262.8,263.21,260.3,260.3,261.0,262.21,263.21,263.71,264.61,263.61,263.61,262.3,263.3,260.21,261.3,262.71,264.3,263.21,263.71,264.61,264.61,263.61,262.3,263.3,260.21,261.3,262.71,264.3,264.21,264.21,264.21,264.11,263.71,262.61,262.8,261.9,263.3,264.5,264.61,264.61,264.71,265.11,263.21,262.5,262.8,263.4,266.11,265.9,265.71,265.71,265.3,264.21,264.8,263.21,261.5,262.4,262.4,271.21,269.3,269.3,268.11,266.5,264.9,264.61,263.61,263.61,261.71,261.4
2021-07-23 04:00:00,292.0,292.7,292.89,293.39,294.1,294.1,294.2,294.2,293.89,293.5,293.29,292.0,292.7,292.89,293.39,294.1,294.39,294.39,294.29,294.29,293.7,293.1,291.7,292.7,293.1,293.5,293.79,293.79,294.1,294.2,294.39,294.0,293.29,291.6,292.39,292.79,293.1,293.1,293.29,293.2,293.39,293.39,293.29,293.29,291.6,292.29,292.29,292.39,292.29,292.39,292.0,291.2,291.1,291.1,291.39,291.5,291.5,292.0,292.0,291.1,290.1,289.7,288.89,288.89,288.0,287.39,292.0,292.1,291.6,291.1,291.1,290.1,289.7,289.7,288.89,288.0,287.39,292.0,292.1,291.6,291.1,290.29,290.29,288.5,286.5,285.89,284.1,284.79,292.0,292.0,290.6,289.89,289.89,289.5,288.89,284.0,278.1,280.39,285.29,291.29,291.1,290.7,290.7,290.39,290.1,289.0,282.1,277.79,278.0,278.0,290.6,290.7,290.7,290.89,290.5,291.5,288.2,281.89,281.89,277.39,277.5
2021-06-05 05:00:00,302.0,301.7,301.79,301.89,302.5,302.5,302.0,302.0,301.0,300.1,298.39,302.0,301.7,301.79,301.89,302.5,302.5,302.5,301.39,300.6,299.6,297.89,301.5,301.5,301.6,301.79,302.5,302.5,301.89,301.0,300.39,299.5,297.29,301.2,301.1,301.5,301.89,301.89,301.7,301.2,301.0,299.89,298.2,298.2,301.2,300.7,300.7,301.2,301.89,301.5,301.1,300.2,298.39,298.39,296.79,300.5,300.5,300.5,300.7,301.39,301.39,300.29,299.2,299.2,296.7,293.29,300.39,300.39,300.29,300.5,301.39,301.39,300.29,300.29,299.2,296.7,293.29,300.39,300.39,300.29,300.5,301.1,301.1,300.29,299.29,297.0,294.0,292.79,300.5,300.29,300.2,300.29,300.29,300.39,300.0,297.7,294.0,292.2,292.1,301.0,300.7,300.29,300.29,300.2,300.1,298.89,295.6,292.39,292.1,292.1,301.5,300.79,300.79,300.39,300.0,299.7,296.6,293.39,293.39,292.2,292.2
2021-07-22 05:00:00,291.7,292.0,292.6,292.79,293.1,293.1,292.79,292.79,292.6,292.89,292.79,291.7,292.0,292.6,292.79,293.1,293.1,293.1,292.6,292.5,292.6,292.29,292.2,292.29,292.39,292.7,292.89,292.89,292.79,292.6,292.29,292.5,292.7,292.29,292.29,292.29,292.29,292.29,292.39,292.29,292.5,292.0,292.39,292.39,292.0,292.0,292.0,292.2,292.1,292.2,292.1,292.1,292.0,292.0,292.29,291.6,291.6,291.89,292.1,292.0,292.29,291.79,291.89,291.89,291.89,291.7,292.2,292.29,292.1,292.1,292.0,292.29,291.79,291.79,291.89,291.89,291.7,292.2,292.29,292.1,292.1,292.2,292.2,292.0,292.0,292.2,292.0,291.29,292.39,292.29,292.0,292.0,292.0,292.2,291.89,292.1,292.39,291.89,291.5,292.0,292.1,291.5,291.5,291.7,291.79,292.2,292.29,292.1,292.29,292.29,291.7,291.5,291.5,291.0,291.39,291.39,292.0,292.2,292.2,292.5,292.5
2021-08-11 06:00:00,227.11,225.2,225.61,228.61,238.11,249.4,250.61,250.61,256.3,267.5,271.61,227.11,225.2,225.61,228.61,238.11,244.7,244.7,246.61,253.9,266.8,271.5,225.11,224.4,226.61,231.0,232.31,232.31,241.0,254.5,258.3,260.3,264.71,227.0,227.31,229.2,234.4,234.4,236.2,240.7,251.11,262.21,261.11,261.11,235.7,235.11,235.11,235.7,237.0,237.11,240.0,249.9,256.11,256.11,251.2,249.11,249.11,244.61,244.31,241.61,239.2,239.7,244.0,244.0,246.61,245.0,262.71,259.8,254.5,253.31,241.61,239.2,239.7,239.7,244.0,246.61,245.0,262.71,259.8,254.5,253.31,248.5,248.5,241.5,237.5,237.4,240.2,242.31,267.0,265.4,259.71,258.21,258.21,253.31,245.2,237.4,235.61,237.61,242.81,265.0,255.61,260.0,260.0,261.61,256.3,249.61,246.5,244.7,246.2,246.2,258.5,251.0,251.0,255.9,254.4,256.21,257.3,253.0,253.0,246.7,253.9
2021-08-20 23:00:00,289.0,288.89,289.0,289.0,289.0,289.29,289.6,289.6,289.6,289.7,289.6,289.0,288.89,289.0,289.0,289.0,289.1,289.1,289.1,289.39,289.29,289.5,288.79,288.6,288.89,288.89,288.79,288.79,288.6,288.79,288.89,289.1,289.1,288.89,288.5,288.7,288.89,288.89,288.6,288.29,288.29,288.6,288.79,288.79,288.79,288.79,288.79,288.79,288.89,288.5,288.5,288.39,288.7,288.7,288.7,288.89,288.89,288.89,288.89,288.7,288.6,288.6,288.6,288.6,288.6,288.6,288.79,288.89,288.79,288.79,288.7,288.6,288.6,288.6,288.6,288.6,288.6,288.79,288.89,288.79,288.79,288.7,288.7,288.6,288.6,288.6,288.5,288.6,288.6,288.89,288.6,288.7,288.7,288.5,288.79,288.5,288.2,288.2,288.6,288.7,288.6,288.5,288.5,288.39,288.29,288.29,288.1,287.89,287.79,287.79,288.7,288.29,288.29,288.29,288.29,288.0,287.7,287.39,287.39,287.39,287.1
2021-08-25 01:00:00,296.0,296.0,296.0,296.0,296.1,295.5,295.5,295.5,295.6,295.5,295.5,296.0,296.0,296.0,296.0,296.1,295.79,295.79,295.79,295.79,295.79,295.79,296.2,296.1,296.2,296.29,296.39,296.39,296.1,295.89,296.0,296.1,295.89,296.29,296.39,296.39,296.6,296.6,296.5,296.29,296.1,296.1,296.39,296.39,296.5,296.29,296.29,296.29,296.5,296.5,296.2,296.0,296.1,296.1,296.0,296.6,296.6,296.39,296.29,296.5,296.39,296.2,295.89,295.89,295.89,296.0,296.2,296.5,296.2,296.2,296.5,296.39,296.2,296.2,295.89,295.89,296.0,296.2,296.5,296.2,296.2,296.29,296.29,296.0,295.89,295.89,295.6,295.6,296.2,296.29,296.2,296.29,296.29,296.1,296.2,295.7,295.7,295.39,295.39,296.29,296.39,296.29,296.29,296.39,296.2,295.89,295.79,295.6,295.39,295.39,296.5,296.39,296.39,296.6,296.5,296.2,296.0,295.79,295.79,295.7,295.39
2021-06-28 11:00:00,291.6,291.79,291.79,291.5,291.2,291.1,290.79,290.79,291.1,291.39,291.39,291.6,291.79,291.79,291.5,291.2,291.0,291.0,290.89,291.1,291.2,291.1,291.6,291.6,291.5,291.2,291.1,291.1,291.1,291.0,290.79,291.0,290.89,291.6,291.6,291.39,291.2,291.2,291.5,291.2,291.2,290.79,290.89,290.89,291.5,291.5,291.5,291.29,291.29,291.39,291.39,291.2,291.2,291.2,291.1,291.5,291.5,291.29,291.2,291.29,291.39,291.2,291.5,291.5,291.5,291.1,291.39,291.2,291.2,291.2,291.29,291.39,291.2,291.2,291.5,291.5,291.1,291.39,291.2,291.2,291.2,291.2,291.2,291.0,291.1,291.39,291.5,291.39,291.39,291.5,291.2,291.1,291.1,291.1,291.0,291.0,291.0,290.7,290.89,291.29,291.0,291.2,291.2,291.2,291.1,290.89,290.6,290.1,289.6,289.6,291.1,291.0,291.0,291.1,291.1,291.0,290.7,290.39,290.39,289.6,288.79
2021-07-03 11:00:00,289.29,288.89,288.5,288.5,288.7,290.89,291.2,291.2,290.79,291.0,290.5,289.29,288.89,288.5,288.5,288.7,289.5,289.5,290.7,290.89,290.39,290.2,287.89,286.7,287.79,289.0,287.89,287.89,288.5,290.1,289.39,288.2,288.0,289.1,283.7,286.39,288.7,288.7,287.89,287.79,288.79,288.2,286.39,286.39,289.5,281.1,281.1,285.1,287.39,287.2,287.89,288.5,287.0,287.0,286.1,285.1,285.1,281.29,282.79,285.6,287.1,287.5,287.2,287.2,286.7,286.7,281.89,281.1,283.6,282.6,285.6,287.1,287.5,287.5,287.2,286.7,286.7,281.89,281.1,283.6,282.6,284.0,284.0,285.29,286.39,286.6,286.89,287.1,282.39,281.0,284.79,284.6,284.6,282.79,283.89,285.1,286.39,286.89,287.39,283.29,283.89,283.79,283.79,286.0,283.7,281.0,285.0,286.5,286.29,286.29,285.0,284.0,284.0,283.79,285.1,284.2,282.5,284.0,284.0,286.1,285.6
2021-08-24 23:00:00,294.5,294.5,294.6,294.6,294.6,294.6,294.29,294.29,294.5,294.6,294.6,294.5,294.5,294.6,294.6,294.6,294.5,294.5,294.5,294.7,294.7,294.79,294.6,294.5,294.6,294.7,294.6,294.6,294.5,294.6,294.7,294.7,294.79,294.5,294.5,294.79,294.6,294.6,294.79,294.6,294.5,294.89,294.7,294.7,294.29,294.39,294.39,294.29,294.39,294.5,294.39,294.5,294.79,294.79,295.1,294.29,294.29,294.2,294.2,294.2,294.29,294.29,294.5,294.5,295.0,295.2,293.89,293.89,293.89,294.0,294.2,294.29,294.29,294.29,294.5,295.0,295.2,293.89,293.89,293.89,294.0,293.89,293.89,294.1,294.2,294.5,295.2,295.5,293.7,293.6,293.6,293.7,293.7,293.89,294.0,294.2,294.79,295.5,295.6,293.6,293.2,293.5,293.5,293.6,293.79,293.89,294.39,295.0,295.5,295.5,293.29,293.29,293.29,293.39,293.6,293.89,294.2,294.79,294.79,295.29,295.39
2021-06-16 02:00:00,287.5,287.39,287.5,287.79,288.1,288.1,288.1,288.1,288.2,288.29,288.39,287.5,287.39,287.5,287.79,288.1,288.0,288.0,288.2,288.29,288.29,288.6,287.6,287.0,287.6,287.7,287.79,287.79,288.1,288.39,288.39,288.2,288.0,287.5,287.0,287.6,287.7,287.7,288.0,288.2,288.39,288.2,287.5,287.5,287.39,287.39,287.39,287.79,288.2,288.29,288.2,287.6,287.89,287.89,287.2,287.39,287.39,287.79,288.29,288.6,288.79,288.2,286.6,286.6,287.6,286.5,287.29,287.7,287.89,288.5,288.6,288.79,288.2,288.2,286.6,287.6,286.5,287.29,287.7,287.89,288.5,289.2,289.2,288.6,288.5,288.7,288.2,281.89,287.39,287.39,287.7,288.0,288.0,288.29,288.89,288.1,287.1,287.6,282.0,286.79,286.79,286.79,286.79,286.0,285.29,285.7,283.6,283.39,284.89,284.89,286.2,285.39,285.39,284.6,283.6,281.89,280.39,279.2,279.2,279.39,279.7
2021-07-01 00:00:00,290.79,290.89,291.29,291.5,291.39,290.7,290.6,290.6,291.0,290.7,290.7,290.79,290.89,291.29,291.5,291.39,291.2,291.2,291.39,291.29,291.0,290.6,290.6,290.7,290.89,291.39,291.6,291.6,291.5,291.5,291.2,290.6,290.2,290.39,290.1,290.0,289.89,289.89,290.29,290.39,290.5,290.6,290.2,290.2,290.1,289.5,289.5,288.29,287.79,287.39,287.5,288.2,289.29,289.29,289.29,289.89,289.89,289.2,287.1,285.79,283.6,283.89,286.79,286.79,286.7,286.89,289.29,289.0,288.29,287.29,285.79,283.6,283.89,283.89,286.79,286.7,286.89,289.29,289.0,288.29,287.29,283.79,283.79,279.39,280.79,286.1,284.0,284.79,289.2,288.79,287.89,286.1,286.1,282.2,276.89,279.29,282.6,282.29,282.5,290.6,289.39,287.5,287.5,284.89,281.7,277.79,279.6,281.6,279.89,279.89,291.79,290.39,290.39,287.5,284.6,281.79,281.2,280.7,280.7,279.39,277.79
2021-07-28 00:00:00,218.31,220.4,220.9,219.4,219.5,220.11,220.11,220.11,219.31,219.61,219.4,218.31,220.4,220.9,219.4,219.5,220.0,220.0,219.81,219.31,219.61,218.9,219.11,220.9,220.7,220.0,219.81,219.81,220.4,219.61,219.4,219.0,218.4,220.31,220.81,220.31,219.7,219.7,220.31,219.9,219.4,218.7,218.31,218.31,220.11,220.81,220.81,219.61,219.5,219.4,219.0,218.31,218.2,218.2,217.5,219.7,219.7,220.5,219.81,218.9,218.7,218.0,217.5,217.5,217.9,217.11,219.31,220.0,220.61,219.2,218.9,218.7,218.0,218.0,217.5,217.9,217.11,219.31,220.0,220.61,219.2,218.7,218.7,217.81,217.4,217.4,217.31,217.0,219.61,220.31,220.4,219.5,219.5,218.5,217.61,217.5,217.61,217.61,217.31,220.11,220.7,220.5,220.5,219.9,219.4,218.4,218.81,218.61,218.9,218.9,220.9,221.11,221.11,221.31,221.11,220.81,220.5,220.5,220.5,220.31,221.0
2021-06-09 07:00:00,235.11,234.11,238.81,239.31,236.81,237.9,236.2,236.2,235.7,237.5,239.11,235.11,234.11,238.81,239.31,236.81,236.4,236.4,236.7,235.31,235.5,237.61,235.9,236.5,238.4,240.61,240.0,240.0,239.31,237.61,236.2,235.4,238.5,237.61,239.7,239.7,240.81,240.81,243.11,242.2,240.31,238.4,238.11,238.11,239.0,240.11,240.11,241.31,242.9,244.61,244.0,242.9,243.11,243.11,246.2,240.7,240.7,241.2,243.4,244.9,244.9,245.5,246.7,246.7,249.81,252.7,246.31,244.0,244.61,245.81,244.9,244.9,245.5,245.5,246.7,249.81,252.7,246.31,244.0,244.61,245.81,246.2,246.2,245.31,247.0,252.4,256.21,257.9,249.0,248.7,248.2,248.4,248.4,247.61,243.5,248.4,259.5,262.8,261.61,253.11,254.11,252.11,252.11,252.0,249.81,243.2,250.81,265.5,268.4,268.4,256.3,256.8,256.8,255.61,253.61,250.5,249.5,255.5,255.5,268.5,272.3
2021-06-11 23:00:00,291.2,291.0,291.2,291.5,291.29,290.89,290.29,290.29,290.0,289.79,289.89,291.2,291.0,291.2,291.5,291.29,291.0,291.0,290.39,290.0,289.89,290.2,291.1,291.2,291.5,291.5,291.39,291.39,290.79,290.39,290.2,290.2,290.6,291.1,291.29,291.5,291.5,291.5,291.1,290.7,290.6,290.29,290.5,290.5,291.0,291.29,291.29,291.39,291.29,290.7,290.6,290.5,290.5,290.5,290.79,290.89,290.89,291.1,291.29,291.0,290.6,290.5,290.29,290.29,290.7,290.89,290.5,290.6,290.7,290.7,291.0,290.6,290.5,290.5,290.29,290.7,290.89,290.5,290.6,290.7,290.7,290.7,290.7,290.5,290.39,290.5,290.7,290.7,290.1,290.39,290.39,290.29,290.29,290.39,290.39,290.39,290.89,290.6,290.39,290.0,290.1,290.1,290.1,290.2,290.1,290.2,290.5,290.89,290.5,290.5,289.89,289.89,289.89,289.89,290.1,289.89,290.2,290.6,290.6,290.6,290.39
2021-07-15 08:00:00,283.29,284.1,284.29,283.79,283.89,281.79,282.5,282.5,283.39,284.89,285.5,283.29,284.1,284.29,283.79,283.89,283.29,283.29,284.89,285.7,287.1,287.5,280.0,282.79,283.0,280.39,283.2,283.2,286.1,286.5,286.5,288.39,287.79,278.39,281.2,278.6,276.39,276.39,281.39,286.1,286.29,286.39,288.1,288.1,274.6,279.1,279.1,275.89,276.1,279.6,284.39,285.6,285.79,285.79,286.6,270.71,270.71,275.29,273.0,275.29,278.5,282.1,281.79,281.79,284.29,284.39,254.0,265.11,273.5,270.61,275.29,278.5,282.1,282.1,281.79,284.29,284.39,254.0,265.11,273.5,270.61,273.2,273.2,277.1,277.89,278.0,279.5,285.2,250.9,262.71,270.0,269.11,269.11,270.21,276.1,274.79,271.21,276.0,282.6,253.0,259.11,264.21,264.21,266.3,265.9,274.79,272.61,271.61,270.5,270.5,254.0,257.3,257.3,260.5,261.61,265.5,270.8,272.21,272.21,270.8,266.4
2021-07-21 10:00:00,293.79,293.5,293.1,292.2,290.5,287.29,277.7,277.7,278.1,280.2,282.1,293.79,293.5,293.1,292.2,290.5,287.6,287.6,282.5,281.5,280.89,283.7,293.6,293.6,292.79,292.0,290.79,290.79,288.79,286.29,284.39,284.89,286.7,293.29,293.29,292.79,291.79,291.79,291.0,290.7,288.79,287.89,287.0,287.0,293.6,293.2,293.2,292.39,291.89,292.0,291.5,290.89,290.39,290.39,290.0,293.29,293.29,293.0,292.7,292.29,292.29,292.2,292.39,292.39,292.29,292.29,293.2,292.79,292.79,292.39,292.29,292.29,292.2,292.2,292.39,292.29,292.29,293.2,292.79,292.79,292.39,292.2,292.2,292.5,292.89,293.29,293.0,292.79,292.79,292.6,292.5,292.29,292.29,292.1,292.6,293.2,293.2,292.39,292.0,292.7,292.6,292.7,292.7,292.7,292.29,291.89,291.7,290.6,290.1,290.1,292.7,292.7,292.7,292.79,292.79,292.29,290.89,289.2,289.2,287.6,286.6
2021-07-23 06:00:00,292.79,293.1,292.89,292.6,292.39,292.5,292.5,292.5,292.0,291.89,291.6,292.79,293.1,292.89,292.6,292.39,292.7,292.7,292.39,292.1,291.5,291.39,292.39,292.6,292.6,292.5,292.5,292.5,292.6,291.89,291.89,291.6,291.5,292.39,292.0,292.1,292.39,292.39,292.5,292.2,291.79,291.29,291.6,291.6,292.5,291.89,291.89,292.1,292.29,292.29,292.2,291.39,291.2,291.2,291.39,292.29,292.29,292.1,292.29,292.0,292.39,291.89,291.1,291.1,291.1,291.1,292.5,292.6,292.2,292.39,292.0,292.39,291.89,291.89,291.1,291.1,291.1,292.5,292.6,292.2,292.39,292.29,292.29,292.0,291.79,291.2,291.0,291.1,292.7,292.79,292.29,292.1,292.1,292.39,292.2,291.6,291.1,290.89,291.0,292.7,292.5,292.2,292.2,292.1,292.39,292.39,291.7,291.2,291.1,291.1,292.6,292.29,292.29,292.1,292.0,292.5,292.5,291.79,291.79,291.5,291.39
2021-08-08 02:00:00,294.39,294.0,293.89,294.29,294.6,294.89,294.7,294.7,294.89,295.0,294.7,294.39,294.0,293.89,294.29,294.6,294.6,294.6,294.6,294.79,294.79,294.6,294.7,294.29,293.89,294.29,294.6,294.6,294.39,294.39,294.7,295.0,294.6,294.6,294.6,294.1,294.1,294.1,294.29,294.29,294.6,294.39,294.79,294.79,294.6,294.39,294.39,294.0,294.29,294.39,294.5,294.39,294.39,294.39,294.39,294.2,294.2,294.2,294.1,294.29,294.29,294.5,294.2,294.2,294.29,294.1,294.6,294.2,294.29,294.2,294.29,294.29,294.5,294.5,294.2,294.29,294.1,294.6,294.2,294.29,294.2,294.39,294.39,294.39,294.5,294.29,294.0,293.6,294.6,294.2,294.29,294.29,294.29,294.6,294.39,294.5,293.89,293.79,293.5,294.6,294.39,294.5,294.5,294.5,294.7,294.6,294.29,293.7,293.7,293.7,294.7,294.5,294.5,294.7,294.79,294.79,294.39,293.89,293.89,293.79,293.6
2021-06-03 02:00:00,263.9,268.71,266.4,253.31,241.5,238.9,234.0,234.0,235.7,243.0,249.61,263.9,268.71,266.4,253.31,241.5,236.4,236.4,235.2,236.9,243.11,249.11,266.0,267.61,263.3,248.7,239.11,239.11,235.5,235.5,240.81,247.31,253.81,266.8,266.4,259.4,245.4,245.4,241.2,234.61,239.81,246.4,248.9,248.9,267.61,266.9,266.9,261.0,245.7,237.81,236.81,245.5,251.61,251.61,255.0,268.4,268.4,267.9,262.9,247.9,238.9,241.61,249.7,249.7,257.11,262.8,268.11,268.4,268.3,264.4,247.9,238.9,241.61,241.61,249.7,257.11,262.8,268.11,268.4,268.3,264.4,250.0,250.0,244.31,249.31,256.21,262.0,265.21,267.8,268.11,268.21,265.8,265.8,252.81,250.81,256.4,261.0,264.9,267.71,267.9,267.5,267.3,267.3,265.71,257.61,258.11,261.21,264.21,267.21,267.21,268.21,267.61,267.61,266.61,265.5,262.8,262.9,265.21,265.21,267.0,267.8
2021-06-03 04:00:00,270.0,269.21,269.9,270.5,271.11,271.9,271.61,271.61,270.9,270.21,270.21,270.0,269.21,269.9,270.5,271.11,271.11,271.11,270.3,270.3,270.5,269.3,266.61,266.61,267.4,268.0,269.11,269.11,269.4,269.21,269.4,269.8,268.71,262.5,263.9,264.8,265.9,265.9,266.8,267.8,267.9,267.61,267.3,267.3,259.8,262.21,262.21,263.21,263.61,263.11,264.5,265.4,265.71,265.71,265.21,255.81,255.81,258.71,259.8,259.5,257.8,259.61,262.21,262.21,262.3,261.9,246.61,246.4,249.61,252.7,259.5,257.8,259.61,259.61,262.21,262.3,261.9,246.61,246.4,249.61,252.7,255.2,255.2,256.4,257.3,259.21,257.21,252.9,241.5,239.0,240.0,245.4,245.4,250.4,255.0,254.81,251.7,249.9,249.9,238.11,237.5,238.2,238.2,242.31,243.4,245.81,245.5,244.0,244.0,244.0,235.5,237.7,237.7,238.2,238.11,237.31,235.5,235.0,235.0,236.81,238.11
2021-06-16 23:00:00,276.79,277.29,279.0,279.39,280.39,277.2,274.2,274.2,272.5,275.6,278.5,276.79,277.29,279.0,279.39,280.39,277.1,277.1,274.1,273.7,277.0,279.29,275.1,275.5,275.89,277.1,277.79,277.79,277.2,276.29,275.2,276.2,278.39,273.7,273.5,274.6,274.5,274.5,275.1,277.39,277.39,276.6,277.1,277.1,272.4,272.21,272.21,272.8,273.29,273.2,275.89,276.89,276.79,276.79,276.7,270.71,270.71,271.0,271.21,271.71,272.4,273.7,274.7,274.7,275.79,277.2,269.8,269.5,269.8,270.0,271.71,272.4,273.7,273.7,274.7,275.79,277.2,269.8,269.5,269.8,270.0,270.3,270.3,271.9,273.0,273.0,274.6,275.39,269.0,268.5,269.11,269.4,269.4,269.61,271.21,272.21,272.61,272.71,273.2,268.8,268.61,268.71,268.71,269.3,269.4,270.11,270.9,271.5,271.0,271.0,268.9,268.71,268.71,268.8,269.0,269.4,269.61,270.0,270.0,270.21,270.71
2021-06-17 10:00:00,272.4,271.4,272.9,272.3,272.0,275.1,274.79,274.79,275.39,276.39,275.6,272.4,271.4,272.9,272.3,272.0,274.0,274.0,274.79,275.6,275.5,274.89,273.29,271.3,271.5,271.3,270.11,270.11,271.3,274.2,275.29,274.0,273.5,272.71,271.21,269.9,269.61,269.61,269.61,267.8,271.0,273.7,272.71,272.71,272.3,272.21,272.21,270.21,267.9,268.11,265.9,267.8,270.8,270.8,270.8,271.8,271.8,272.4,270.21,266.61,267.61,265.3,266.11,266.11,268.21,270.11,272.3,271.5,271.4,271.5,266.61,267.61,265.3,265.3,266.11,268.21,270.11,272.3,271.5,271.4,271.5,268.21,268.21,266.4,267.71,266.4,265.9,268.21,272.71,271.11,270.61,271.71,271.71,270.21,267.71,269.8,267.3,264.3,266.11,272.3,272.9,272.4,272.4,269.8,272.11,272.21,269.9,268.61,265.3,265.3,272.0,273.0,273.0,273.29,273.0,273.2,273.0,271.5,271.5,270.21,268.4
2021-08-14 04:00:00,288.5,288.29,287.39,286.39,286.39,284.89,284.39,284.39,282.79,280.5,280.0,288.5,288.29,287.39,286.39,286.39,286.0,286.0,286.0,285.7,283.7,283.29,288.0,289.39,289.1,288.0,287.0,287.0,287.0,287.79,287.79,286.89,286.89,288.7,289.2,288.89,289.0,289.0,287.89,287.6,288.1,289.29,289.79,289.79,289.0,289.79,289.79,289.7,288.5,288.79,288.5,289.2,290.0,290.0,290.0,289.89,289.89,290.29,290.6,288.5,288.29,289.79,290.1,290.1,290.0,289.5,289.29,290.1,290.39,289.79,288.5,288.29,289.79,289.79,290.1,290.0,289.5,289.29,290.1,290.39,289.79,289.29,289.29,289.39,289.89,290.1,289.7,289.5,289.5,289.89,290.0,290.2,290.2,289.7,289.39,290.1,289.79,289.5,290.0,290.2,290.29,290.2,290.2,289.79,289.5,289.79,289.7,289.6,289.7,289.7,290.7,290.5,290.5,290.29,289.6,289.39,289.2,289.29,289.29,289.6,289.6
2021-08-24 08:00:00,254.7,253.9,253.5,254.61,254.7,253.11,252.7,252.7,252.5,251.4,248.11,254.7,253.9,253.5,254.61,254.7,253.61,253.61,252.7,251.81,251.4,250.81,254.0,254.81,254.11,255.2,256.0,256.0,254.5,251.9,251.4,251.7,251.7,253.9,255.11,255.2,255.11,255.11,256.71,254.61,252.5,251.0,251.9,251.9,254.31,254.31,254.31,255.2,255.11,255.2,254.81,253.11,251.9,251.9,252.2,255.2,255.2,253.9,254.0,254.81,255.5,254.11,254.0,254.0,252.9,253.7,257.5,255.11,254.11,254.2,254.81,255.5,254.11,254.11,254.0,252.9,253.7,257.5,255.11,254.11,254.2,254.9,254.9,254.11,254.0,254.9,254.5,254.11,257.5,255.4,254.5,255.4,255.4,254.5,253.0,253.2,254.9,255.5,253.9,257.21,256.71,256.21,256.21,256.0,255.5,253.31,252.31,254.7,255.11,255.11,257.3,258.21,258.21,258.0,257.8,256.9,254.4,252.81,252.81,252.61,254.9
2021-06-24 09:00:00,285.6,285.39,284.39,285.89,287.29,288.29,288.7,288.7,290.0,290.5,290.89,285.6,285.39,284.39,285.89,287.29,289.1,289.1,290.6,291.2,291.39,291.39,281.5,284.0,285.39,287.1,288.2,288.2,290.29,290.89,290.5,290.39,290.0,279.0,284.1,286.29,287.89,287.89,288.79,289.5,289.1,288.2,287.29,287.29,283.79,286.5,286.5,288.2,288.79,287.39,286.2,285.29,284.89,284.89,282.5,286.2,286.2,289.1,290.0,288.89,285.7,282.2,281.29,281.29,280.29,275.7,283.5,286.89,289.89,290.29,288.89,285.7,282.2,282.2,281.29,280.29,275.7,283.5,286.89,289.89,290.29,288.2,288.2,282.6,280.29,278.6,274.5,269.5,283.79,286.79,289.0,288.39,288.39,284.39,279.1,277.2,273.5,267.11,263.11,284.79,285.6,285.5,285.5,283.1,276.6,273.5,272.8,266.3,259.5,259.5,284.39,282.89,282.89,280.5,275.1,269.61,270.3,269.61,269.61,261.71,253.31
2021-06-30 22:00:00,282.39,282.79,282.7,282.79,283.39,284.0,282.39,282.39,282.39,279.39,280.1,282.39,282.79,282.7,282.79,283.39,281.79,281.79,278.1,276.6,275.6,275.1,282.29,283.6,283.79,282.7,281.29,281.29,277.39,273.5,271.8,271.61,272.4,284.5,284.5,284.6,283.5,283.5,279.2,273.0,272.4,268.4,268.0,268.0,285.5,285.5,285.5,285.1,284.6,282.1,273.7,268.5,269.71,269.71,272.71,287.0,287.0,286.6,286.5,286.29,283.1,275.39,272.21,272.21,272.4,272.4,287.79,288.0,288.2,287.5,286.29,283.1,275.39,275.39,272.21,272.4,272.4,287.79,288.0,288.2,287.5,285.7,285.7,284.0,279.79,275.7,275.0,276.5,285.6,285.1,286.89,285.89,285.89,283.1,283.29,282.5,280.1,277.7,276.1,281.6,281.89,280.79,280.79,280.2,279.79,280.7,279.6,278.89,277.6,277.6,278.29,278.6,278.6,275.5,275.1,277.0,277.5,276.6,276.6,276.0,276.1
2021-08-15 10:00:00,287.89,285.1,281.79,280.0,277.39,269.8,264.5,264.5,262.61,264.61,263.8,287.89,285.1,281.79,280.0,277.39,274.89,274.89,274.1,271.61,268.71,268.9,289.39,288.5,288.0,286.2,281.89,281.89,280.1,281.7,278.39,276.29,277.5,290.7,290.79,290.6,290.2,290.2,287.7,284.79,285.6,284.39,283.39,283.39,290.7,291.1,291.1,290.7,290.29,289.6,288.5,288.0,287.7,287.7,286.39,290.7,290.7,290.6,289.7,288.79,290.0,290.0,289.79,289.79,289.0,287.6,290.89,290.79,290.39,289.7,288.79,290.0,290.0,290.0,289.79,289.0,287.6,290.89,290.79,290.39,289.7,288.5,288.5,287.7,288.6,289.6,289.1,288.7,291.1,290.89,290.6,289.39,289.39,288.29,286.5,286.5,287.79,288.79,289.7,291.1,290.89,290.29,290.29,289.6,288.2,287.89,286.29,286.6,288.79,288.79,291.1,290.6,290.6,290.29,290.39,289.29,288.1,287.39,287.39,286.89,288.7
2021-06-08 05:00:00,239.0,240.7,241.0,246.4,251.4,252.0,252.31,252.31,251.61,252.4,256.71,239.0,240.7,241.0,246.4,251.4,252.4,252.4,252.0,252.0,251.4,257.0,239.11,240.0,239.7,244.31,249.4,249.4,251.2,252.7,253.0,251.31,253.2,239.9,239.81,240.2,242.61,242.61,244.9,248.9,253.4,252.31,248.81,248.81,238.5,238.4,238.4,238.7,238.81,241.81,243.9,246.7,246.81,246.81,246.0,240.61,240.61,239.7,238.0,237.81,238.61,240.11,241.9,241.9,242.4,242.31,243.0,243.9,243.61,241.9,237.81,238.61,240.11,240.11,241.9,242.4,242.31,243.0,243.9,243.61,241.9,240.7,240.7,238.5,236.81,238.11,239.2,240.4,249.7,249.0,250.4,250.5,250.5,247.31,243.0,239.2,239.4,239.7,239.81,259.8,265.21,264.0,264.0,261.61,260.0,254.7,248.9,246.5,245.81,245.81,271.3,276.29,276.29,278.5,276.7,272.4,264.9,259.71,259.71,255.5,253.4
2021-06-15 01:00:00,224.2,222.9,222.5,221.2,220.61,219.5,219.4,219.4,218.5,218.4,217.5,224.2,222.9,222.5,221.2,220.61,220.9,220.9,220.11,219.9,219.61,218.2,225.9,224.4,222.9,222.11,221.61,221.61,221.7,221.4,221.11,220.9,219.81,228.2,225.4,224.31,222.2,222.2,221.9,221.9,222.31,222.0,221.7,221.7,229.7,227.11,227.11,224.5,222.2,221.31,221.11,222.11,223.11,223.11,222.9,232.0,232.0,229.5,227.31,224.5,222.0,222.2,224.61,224.61,225.61,224.61,234.2,233.2,233.4,230.81,224.5,222.0,222.2,222.2,224.61,225.61,224.61,234.2,233.2,233.4,230.81,227.81,227.81,225.5,225.81,228.0,229.4,228.2,237.2,238.4,239.61,237.2,237.2,235.31,232.81,232.81,233.2,236.2,236.61,245.0,250.11,247.31,247.31,246.9,248.61,244.11,240.9,239.5,245.5,245.5,254.81,261.4,261.4,256.3,256.4,261.11,257.3,250.0,250.0,247.2,254.5
2021-07-08 09:00:00,236.61,235.31,233.61,233.61,234.4,235.2,235.2,235.2,235.2,236.61,238.0,236.61,235.31,233.61,233.61,234.4,234.61,234.61,234.2,234.5,235.5,237.4,237.4,236.2,234.61,233.31,234.0,234.0,234.81,234.4,233.7,234.5,235.5,237.61,237.31,236.0,233.31,233.31,234.4,235.0,234.0,233.5,233.31,233.31,240.31,237.81,237.81,235.31,236.31,236.2,234.9,233.81,233.61,233.61,233.61,243.4,243.4,239.11,239.0,239.2,237.0,235.61,234.4,234.4,234.5,234.0,248.5,245.31,243.7,242.9,239.2,237.0,235.61,235.61,234.4,234.5,234.0,248.5,245.31,243.7,242.9,241.31,241.31,238.61,236.9,235.7,236.0,234.61,250.0,249.61,247.2,245.0,245.0,242.81,239.81,238.2,237.4,236.9,235.5,248.9,253.7,250.2,250.2,246.4,243.61,240.5,239.61,238.31,236.4,236.4,246.7,253.2,253.2,252.31,246.81,244.4,243.7,241.4,241.4,237.2,236.61
2021-08-01 03:00:00,296.2,295.79,295.29,295.7,295.89,295.89,293.0,293.0,290.39,292.5,292.2,296.2,295.79,295.29,295.7,295.89,296.5,296.5,296.1,290.89,289.39,291.29,296.0,295.89,296.0,296.1,296.2,296.2,295.89,294.6,292.7,291.7,290.89,296.0,296.1,296.5,296.7,296.7,295.6,294.7,294.89,294.0,292.1,292.1,296.2,296.1,296.1,296.1,296.29,295.7,295.2,294.79,293.89,293.89,291.5,296.1,296.1,295.89,295.89,295.79,295.79,295.7,295.2,295.2,294.0,291.5,296.2,296.0,296.1,296.0,295.79,295.79,295.7,295.7,295.2,294.0,291.5,296.2,296.0,296.1,296.0,295.89,295.89,295.1,293.79,294.0,292.79,292.2,296.39,296.2,296.1,296.29,296.29,296.0,294.7,292.0,292.29,292.2,293.2,296.5,296.2,296.1,296.1,296.2,296.2,294.7,291.79,291.39,293.2,293.2,296.6,296.2,296.2,296.1,296.2,296.0,295.2,291.7,291.7,291.39,293.89
2021-08-23 08:00:00,223.81,239.81,243.31,240.5,243.61,235.2,226.31,226.31,222.4,217.31,214.31,223.81,239.81,243.31,240.5,243.61,240.9,240.9,235.81,235.81,234.4,227.5,217.0,225.5,232.31,233.9,232.11,232.11,237.2,245.0,245.11,245.11,242.7,205.9,211.9,219.2,224.7,224.7,226.4,230.31,244.61,251.2,252.5,252.5,202.7,205.9,205.9,211.2,216.2,221.81,227.9,240.31,246.5,246.5,246.0,201.31,201.31,203.0,204.61,208.11,215.4,223.61,230.81,230.81,235.2,235.0,203.11,202.31,203.11,204.11,208.11,215.4,223.61,223.61,230.81,235.2,235.0,203.11,202.31,203.11,204.11,205.61,205.61,210.0,213.7,217.31,220.31,223.2,204.5,204.39999999999998,205.61,207.0,207.0,207.4,206.4,206.2,205.0,205.5,210.5,205.4,206.31,206.31,206.31,207.4,207.61,207.2,206.2,204.0,203.11,203.11,205.31,206.4,206.4,206.5,207.11,207.31,208.81,208.61,208.61,208.2,208.2
2021-08-25 04:00:00,297.7,297.6,297.5,297.79,298.2,298.39,298.29,298.29,298.2,298.0,297.79,297.7,297.6,297.5,297.79,298.2,298.7,298.7,298.2,298.2,298.1,297.7,297.39,297.6,297.5,298.0,298.7,298.7,298.5,298.2,298.2,298.29,297.79,297.1,297.29,297.7,298.2,298.2,298.39,298.2,298.29,297.89,298.1,298.1,297.2,297.1,297.1,297.5,298.2,298.2,298.1,297.89,297.7,297.7,297.5,296.89,296.89,296.89,297.5,297.89,297.89,297.79,297.5,297.5,297.29,296.5,296.89,296.89,296.79,296.89,297.89,297.89,297.79,297.79,297.5,297.29,296.5,296.89,296.89,296.79,296.89,297.6,297.6,297.5,297.2,297.0,296.29,296.1,297.0,297.0,296.7,296.6,296.6,297.39,297.2,296.79,296.0,295.7,295.6,297.0,297.0,296.79,296.79,296.89,297.1,296.79,296.2,295.7,295.5,295.5,297.1,297.0,297.0,297.0,297.1,297.0,296.29,295.7,295.7,295.5,295.6
2021-06-06 02:00:00,303.79,303.29,303.79,304.1,304.39,304.0,303.6,303.6,302.7,301.2,299.89,303.79,303.29,303.79,304.1,304.39,304.29,304.29,303.39,302.5,300.89,299.5,303.6,303.6,303.6,304.1,304.5,304.5,303.7,302.89,302.29,301.29,298.79,303.5,303.5,303.79,304.1,304.1,303.79,303.2,303.1,301.89,300.2,300.2,303.29,303.1,303.1,303.29,303.79,303.6,303.2,302.29,300.6,300.6,298.0,302.89,302.89,302.79,302.7,303.29,303.29,302.5,301.2,301.2,298.5,295.1,302.6,302.7,302.5,302.29,303.29,303.29,302.5,302.5,301.2,298.5,295.1,302.6,302.7,302.5,302.29,302.79,302.79,302.39,301.1,298.79,295.89,294.2,302.5,302.5,302.39,302.2,302.2,302.0,301.79,299.2,295.5,293.89,293.6,302.6,302.39,302.0,302.0,302.0,301.6,299.89,296.5,294.0,293.2,293.2,302.89,302.29,302.29,301.79,301.6,301.1,297.2,294.2,294.2,293.7,293.2
2021-06-10 23:00:00,282.5,280.2,281.79,281.39,281.1,281.2,272.0,272.0,280.1,285.29,280.6,282.5,280.2,281.79,281.39,281.1,284.29,284.29,281.2,281.1,285.89,287.0,286.5,285.79,285.39,285.39,284.89,284.89,285.2,286.79,283.5,285.5,288.39,289.79,289.5,289.29,288.6,288.6,288.29,287.5,287.7,287.0,286.7,286.7,291.39,291.2,291.2,290.79,290.29,289.6,289.1,288.79,288.7,288.7,288.29,291.6,291.6,291.5,291.39,290.79,290.29,289.89,289.5,289.5,289.29,289.5,291.1,291.0,290.89,291.0,290.79,290.29,289.89,289.89,289.5,289.29,289.5,291.1,291.0,290.89,291.0,290.7,290.7,290.5,290.2,290.0,290.0,290.0,290.6,290.1,290.29,290.2,290.2,290.2,290.1,290.2,290.0,290.0,289.89,290.29,290.29,290.1,290.1,289.89,290.0,290.1,290.0,290.0,290.0,290.0,290.39,290.39,290.39,290.0,290.1,289.89,290.0,290.0,290.0,290.1,290.0
2021-07-13 05:00:00,242.4,247.7,251.4,255.11,262.61,265.8,265.3,265.3,267.3,262.21,265.21,242.4,247.7,251.4,255.11,262.61,264.71,264.71,262.8,265.61,261.4,261.3,240.4,244.9,248.61,253.61,258.11,258.11,260.3,258.71,262.9,260.3,258.61,237.61,241.81,247.0,251.11,251.11,253.11,254.5,256.61,259.3,255.9,255.9,237.11,239.61,239.61,242.4,247.9,251.61,253.7,256.3,254.5,254.5,251.2,235.7,235.7,237.31,241.0,244.31,250.4,254.61,253.61,253.61,250.11,246.5,235.5,235.61,236.61,238.7,244.31,250.4,254.61,254.61,253.61,250.11,246.5,235.5,235.61,236.61,238.7,241.9,241.9,250.11,252.11,250.0,246.7,242.81,234.0,234.81,235.9,237.81,237.81,241.2,246.5,249.5,248.4,244.2,241.4,233.2,233.11,233.9,233.9,236.2,239.4,242.11,247.11,247.81,243.0,243.0,233.0,231.9,231.9,231.5,234.81,236.7,238.61,244.7,244.7,246.9,242.81
2021-08-12 06:00:00,230.7,232.61,234.0,235.5,236.31,237.7,238.61,238.61,234.61,234.0,235.7,230.7,232.61,234.0,235.5,236.31,240.5,240.5,237.9,236.61,238.0,236.11,234.2,233.5,231.9,234.31,239.5,239.5,245.5,243.0,239.7,237.11,236.61,233.0,235.61,238.4,234.7,234.7,238.31,249.61,251.11,241.5,237.81,237.81,234.11,236.9,236.9,241.7,241.2,242.31,249.81,251.9,244.81,244.81,244.2,237.31,237.31,238.61,245.11,248.11,245.81,250.61,251.9,251.9,248.7,250.7,241.7,241.4,245.0,248.11,248.11,245.81,250.61,250.61,251.9,248.7,250.7,241.7,241.4,245.0,248.11,252.5,252.5,251.0,253.0,253.4,252.0,255.31,244.81,248.4,249.5,250.7,250.7,255.7,255.61,255.2,255.31,254.61,257.8,249.2,251.5,251.2,251.2,251.31,258.0,258.71,257.71,257.5,256.9,256.9,253.5,251.11,251.11,252.0,255.7,258.8,259.4,260.5,260.5,259.4,258.5
2021-08-29 09:00:00,257.9,257.5,258.61,259.61,259.4,260.71,261.71,261.71,264.4,263.61,263.0,257.9,257.5,258.61,259.61,259.4,260.71,260.71,262.5,262.21,260.9,260.11,259.0,258.21,259.4,260.0,258.8,258.8,260.21,261.0,261.11,259.8,258.4,259.3,258.21,257.8,258.4,258.4,257.71,258.61,259.8,260.3,259.21,259.21,256.11,254.2,254.2,253.9,251.9,254.4,258.0,258.8,259.71,259.71,260.0,254.7,254.7,250.81,246.81,247.31,250.5,257.61,259.71,259.71,260.0,260.11,253.9,251.2,248.4,243.2,247.31,250.5,257.61,257.61,259.71,260.0,260.11,253.9,251.2,248.4,243.2,244.0,244.0,248.9,254.9,260.0,261.4,261.3,254.5,248.2,247.2,246.61,246.61,243.11,246.0,253.5,259.61,262.8,263.3,257.21,253.11,251.9,251.9,250.9,248.0,248.4,253.2,259.3,263.61,263.61,260.5,259.8,259.8,258.0,257.21,255.11,253.0,254.81,254.81,259.71,264.21
2021-08-31 09:00:00,280.79,282.1,281.7,280.79,278.6,278.79,274.79,274.79,271.4,267.4,268.21,280.79,282.1,281.7,280.79,278.6,275.5,275.5,269.9,266.4,264.21,261.8,273.2,275.79,278.0,278.5,275.1,275.1,269.9,264.0,261.0,257.61,255.2,264.3,267.9,271.0,273.7,273.7,269.21,262.5,258.21,255.61,252.5,252.5,253.5,259.11,259.11,265.11,262.21,256.4,251.0,249.81,247.81,247.81,248.0,242.5,242.5,250.5,254.7,248.5,241.31,238.0,238.81,238.81,239.81,241.61,228.0,232.61,237.61,238.5,248.5,241.31,238.0,238.0,238.81,239.81,241.61,228.0,232.61,237.61,238.5,232.7,232.7,227.4,225.11,226.81,231.5,237.61,220.4,224.5,224.11,220.2,220.2,217.31,215.2,213.61,214.81,222.5,234.31,216.0,215.81,214.7,214.7,211.0,208.5,207.2,207.5,209.4,217.5,217.5,212.9,211.11,211.11,208.61,206.9,206.0,206.2,206.4,206.4,209.2,215.7
2021-06-15 10:00:00,290.6,290.7,290.6,290.79,290.5,290.79,290.7,290.7,290.6,290.79,290.5,290.6,290.7,290.6,290.79,290.5,290.7,290.7,290.7,290.7,290.7,290.7,290.79,290.6,290.6,290.7,290.6,290.6,290.7,290.7,290.6,290.7,290.6,290.7,290.5,290.39,290.6,290.6,290.39,290.7,290.79,290.6,290.29,290.29,290.6,290.5,290.5,290.39,290.5,290.5,290.5,290.5,290.39,290.39,290.39,290.39,290.39,290.29,290.39,290.39,290.2,290.2,290.2,290.2,290.2,290.39,290.29,290.1,290.29,290.1,290.39,290.2,290.2,290.2,290.2,290.2,290.39,290.29,290.1,290.29,290.1,290.29,290.29,290.2,290.0,290.0,290.2,290.1,290.0,290.0,289.89,290.0,290.0,290.0,289.89,289.79,289.89,290.0,289.89,289.89,289.7,289.89,289.89,289.79,289.7,289.39,289.7,289.7,289.79,289.79,289.79,289.79,289.79,289.6,289.5,289.39,289.39,289.5,289.5,289.5,289.6
2021-07-02 05:00:00,277.89,279.79,280.89,279.7,271.0,265.9,255.7,255.7,240.9,234.2,238.7,277.89,279.79,280.89,279.7,271.0,266.9,266.9,259.0,243.31,239.5,252.61,275.7,280.29,279.79,278.1,267.21,267.21,261.4,254.9,248.0,252.31,269.5,269.4,279.5,281.89,275.2,275.2,262.9,254.9,246.5,253.4,270.9,270.9,269.71,275.6,275.6,278.7,274.6,260.3,249.5,249.7,265.61,265.61,278.5,267.11,267.11,270.4,275.6,273.1,255.81,247.2,263.4,263.4,274.79,281.89,263.11,266.4,266.9,267.61,273.1,255.81,247.2,247.2,263.4,274.79,281.89,263.11,266.4,266.9,267.61,267.61,267.61,259.21,261.4,271.0,279.0,283.89,265.3,264.8,264.11,258.8,258.8,260.0,268.5,273.0,277.1,280.79,283.89,266.8,265.11,265.5,265.5,262.5,260.11,266.5,276.1,282.1,283.39,283.39,267.8,271.3,271.3,269.11,262.71,263.9,271.61,276.29,276.29,281.39,286.39
2021-07-28 09:00:00,226.11,227.5,229.2,229.81,230.0,225.7,224.2,224.2,224.4,226.31,227.0,226.11,227.5,229.2,229.81,230.0,228.31,228.31,227.81,227.4,226.61,228.61,226.7,227.5,229.11,231.11,230.7,230.7,231.2,230.61,230.0,229.7,231.2,226.7,227.7,229.4,231.5,231.5,232.5,232.31,231.5,231.5,232.4,232.4,227.0,229.4,229.4,231.61,231.5,230.0,230.11,230.5,230.61,230.61,231.9,227.9,227.9,231.61,232.61,231.0,228.2,226.9,226.9,226.9,228.9,231.2,225.9,229.11,231.9,232.7,231.0,228.2,226.9,226.9,226.9,228.9,231.2,225.9,229.11,231.9,232.7,229.11,229.11,225.81,224.5,225.81,226.61,226.9,226.7,230.2,231.61,230.0,230.0,227.11,223.61,222.61,223.11,223.61,223.2,228.5,229.4,228.9,228.9,227.61,225.2,222.7,221.7,221.31,221.7,221.7,229.5,229.2,229.2,225.4,224.9,224.0,222.11,221.31,221.31,221.0,220.0
2021-08-25 23:00:00,245.7,246.2,246.4,245.4,245.81,245.61,246.5,246.5,247.11,247.5,247.5,245.7,246.2,246.4,245.4,245.81,246.61,246.61,247.61,248.81,248.5,248.7,247.5,246.5,247.5,246.4,246.5,246.5,247.81,249.7,250.81,249.81,249.11,249.7,246.9,246.0,248.2,248.2,248.9,248.2,251.4,252.4,250.7,250.7,247.31,247.11,247.11,246.9,248.31,249.4,247.11,248.2,252.31,252.31,256.8,245.31,245.31,245.5,248.0,248.61,246.11,245.81,247.9,247.9,251.7,255.2,248.2,241.61,241.7,244.7,248.61,246.11,245.81,245.81,247.9,251.7,255.2,248.2,241.61,241.7,244.7,249.7,249.7,247.5,248.31,248.61,248.7,252.4,246.81,239.31,239.0,243.2,243.2,249.9,251.9,250.11,244.81,245.0,251.11,243.31,244.11,244.61,244.61,247.11,250.7,252.7,247.0,244.4,244.5,244.5,241.61,247.4,247.4,252.11,250.81,253.0,250.4,245.81,245.81,245.5,246.31
2021-06-09 02:00:00,276.2,276.7,278.2,282.79,287.2,288.6,289.79,289.79,290.1,289.39,289.5,276.2,276.7,278.2,282.79,287.2,289.6,289.6,289.7,289.5,290.7,291.0,271.3,274.89,276.39,284.2,287.39,287.39,288.89,290.2,290.29,291.39,291.2,262.0,272.61,278.29,283.7,283.7,287.79,288.39,290.5,291.7,291.7,291.7,263.11,270.11,270.11,276.1,283.6,287.6,289.79,291.5,291.29,291.29,290.5,263.9,263.9,268.11,275.89,282.89,287.89,291.1,291.89,291.89,290.6,289.2,269.8,262.21,269.9,275.5,282.89,287.89,291.1,291.1,291.89,290.6,289.2,269.8,262.21,269.9,275.5,282.39,282.39,288.1,290.0,291.1,290.1,289.7,269.5,266.8,270.0,277.0,277.0,283.0,285.79,289.29,290.0,289.79,289.89,264.11,264.5,269.9,269.9,277.1,285.0,288.2,288.5,288.89,290.2,290.2,257.21,261.61,261.61,270.21,280.79,287.1,287.7,288.39,288.39,289.5,290.29
2021-06-11 01:00:00,296.0,295.89,296.1,296.1,295.89,296.0,295.6,295.6,294.79,293.29,292.2,296.0,295.89,296.1,296.1,295.89,295.5,295.5,295.39,294.79,293.0,291.39,295.89,296.0,295.89,295.79,295.5,295.5,294.89,294.2,293.6,292.39,290.7,296.0,295.79,295.79,295.29,295.29,295.0,294.0,293.39,292.39,291.0,291.0,295.7,295.5,295.5,295.6,295.0,294.5,293.79,292.39,291.7,291.7,290.7,295.29,295.29,295.2,294.79,294.6,294.29,293.1,291.6,291.6,290.89,290.7,295.29,294.89,294.7,294.5,294.6,294.29,293.1,293.1,291.6,290.89,290.7,295.29,294.89,294.7,294.5,294.39,294.39,293.7,292.5,290.79,290.6,290.39,295.2,294.7,294.29,294.2,294.2,294.0,293.29,291.6,290.7,290.5,290.29,295.0,294.7,294.29,294.29,294.1,293.7,292.29,291.0,290.7,290.39,290.39,295.0,294.39,294.39,294.29,294.0,293.2,291.2,290.6,290.6,290.5,290.39
2021-06-23 23:00:00,259.11,260.71,262.61,265.3,269.9,262.71,261.9,261.9,261.61,260.8,260.11,259.11,260.71,262.61,265.3,269.9,268.71,268.71,267.8,263.4,260.3,259.4,262.11,263.21,266.11,271.8,275.6,275.6,276.7,273.79,265.8,261.71,260.3,265.11,266.5,271.21,276.2,276.2,280.7,281.7,276.1,267.71,262.5,262.5,271.61,273.39,273.39,276.1,278.1,280.5,280.29,274.79,267.21,267.21,264.21,279.79,279.79,279.39,277.5,277.89,278.6,275.7,269.8,269.8,266.21,268.3,282.29,282.6,280.5,276.5,277.89,278.6,275.7,275.7,269.8,266.21,268.3,282.29,282.6,280.5,276.5,276.6,276.6,277.2,272.11,266.61,267.3,270.0,286.0,283.39,279.2,276.7,276.7,275.2,274.39,270.4,268.21,268.9,268.21,288.0,283.89,278.29,278.29,274.2,272.8,274.7,273.1,270.3,270.0,270.0,287.39,284.1,284.1,276.1,272.21,270.11,272.5,275.6,275.6,274.79,270.3
2021-06-27 05:00:00,285.29,285.6,285.7,284.79,283.29,285.1,284.7,284.7,285.1,285.29,284.79,285.29,285.6,285.7,284.79,283.29,282.29,282.29,282.89,283.29,283.79,284.29,286.1,285.7,284.29,282.7,281.79,281.79,280.89,281.0,281.7,281.89,282.6,286.39,286.0,283.39,280.89,280.89,279.7,279.79,280.29,280.1,280.0,280.0,287.6,285.6,285.6,282.7,279.5,277.6,277.6,279.6,279.7,279.7,280.5,288.7,288.7,285.5,281.39,278.79,277.39,276.5,277.29,277.29,280.79,281.89,289.29,288.2,285.5,281.5,278.79,277.39,276.5,276.5,277.29,280.79,281.89,289.29,288.2,285.5,281.5,278.79,278.79,278.29,278.2,280.29,281.0,283.1,289.7,288.5,285.2,281.1,281.1,279.79,280.6,281.1,281.89,282.6,284.29,290.6,288.5,286.2,286.2,283.5,282.1,282.6,283.29,283.89,284.79,284.79,291.2,289.1,289.1,287.79,286.29,285.0,284.89,285.2,285.2,285.79,286.5
2021-07-07 02:00:00,244.11,246.81,250.9,251.61,249.5,239.81,237.7,237.7,240.5,246.81,248.0,244.11,246.81,250.9,251.61,249.5,244.61,244.61,244.31,244.11,246.31,246.9,242.7,244.81,247.61,251.2,249.2,249.2,250.7,252.7,250.2,247.81,247.5,242.9,244.5,246.5,251.2,251.2,252.2,255.5,257.3,255.31,252.0,252.0,243.0,245.31,245.31,246.9,253.5,257.9,256.61,257.4,258.11,258.11,251.4,239.7,239.7,245.81,249.5,256.21,259.21,255.81,257.61,257.61,256.3,251.31,236.4,240.11,245.7,250.5,256.21,259.21,255.81,255.81,257.61,256.3,251.31,236.4,240.11,245.7,250.5,257.5,257.5,260.4,255.7,252.61,252.61,250.0,235.0,239.81,244.9,251.61,251.61,256.71,259.5,254.2,249.2,247.61,248.7,233.61,239.2,244.61,244.61,250.11,253.2,255.4,250.5,246.11,246.11,246.11,233.11,238.81,238.81,244.4,247.5,250.2,249.31,247.2,247.2,246.11,245.4
2021-08-02 01:00:00,292.2,292.29,292.29,292.1,292.2,292.29,292.2,292.2,292.5,292.39,292.0,292.2,292.29,292.29,292.1,292.2,292.1,292.1,292.2,292.39,292.6,292.1,292.2,292.39,292.2,292.2,292.1,292.1,292.2,292.29,292.39,292.6,292.39,292.2,292.29,292.39,292.1,292.1,292.1,292.29,292.5,292.39,292.29,292.29,292.29,292.1,292.1,292.1,292.2,292.1,292.29,292.29,292.6,292.6,292.29,292.0,292.0,292.0,292.0,292.1,292.1,292.1,292.29,292.29,292.5,292.1,291.79,291.89,292.0,291.79,292.1,292.1,292.1,292.1,292.29,292.5,292.1,291.79,291.89,292.0,291.79,291.89,291.89,292.0,292.0,292.0,292.29,292.1,291.6,291.7,291.79,291.79,291.79,291.6,291.89,291.79,292.0,292.0,292.29,291.7,292.0,291.89,291.89,291.79,291.6,291.7,292.0,292.1,292.0,292.0,291.79,291.79,291.79,291.89,291.79,291.5,291.7,291.89,291.89,292.0,291.79
2021-06-02 01:00:00,254.5,261.21,265.61,269.5,269.3,269.0,266.71,266.71,263.4,260.9,259.8,254.5,261.21,265.61,269.5,269.3,268.3,268.3,263.21,262.5,263.9,261.61,248.4,253.11,257.9,266.3,268.61,268.61,267.61,265.11,261.5,258.8,257.71,243.61,244.0,251.31,261.4,261.4,265.3,265.61,265.0,259.0,253.11,253.11,241.0,244.5,244.5,248.7,253.9,254.7,257.9,256.8,254.2,254.2,251.4,240.4,240.4,244.81,244.5,244.5,245.11,246.81,247.2,247.2,246.9,248.31,238.81,241.2,240.7,238.81,244.5,245.11,246.81,246.81,247.2,246.9,248.31,238.81,241.2,240.7,238.81,237.31,237.31,238.5,239.81,240.31,240.81,242.81,240.9,240.4,237.4,233.2,233.2,232.61,232.2,235.2,235.11,235.5,237.7,240.61,238.81,235.2,235.2,234.9,233.81,232.81,234.9,233.5,235.4,235.4,241.5,237.4,237.4,236.81,239.0,237.5,235.31,237.31,237.31,235.2,237.4
2021-06-02 07:00:00,265.61,267.11,269.0,268.9,268.61,274.39,272.11,272.11,271.21,275.79,279.2,265.61,267.11,269.0,268.9,268.61,268.11,268.11,263.61,265.5,274.39,277.89,255.81,257.61,259.5,260.21,262.9,262.9,261.71,256.8,263.0,268.71,267.8,246.31,247.5,249.9,252.11,252.11,253.7,253.81,257.9,259.4,257.8,257.8,238.61,239.11,239.11,242.11,245.31,246.61,249.0,251.7,253.31,253.31,253.11,235.0,235.0,234.7,237.81,242.0,243.7,245.61,247.11,247.11,247.31,248.5,239.5,237.4,237.11,238.9,242.0,243.7,245.61,245.61,247.11,247.31,248.5,239.5,237.4,237.11,238.9,241.61,241.61,242.9,243.11,242.0,243.81,246.61,245.7,242.7,242.11,243.9,243.9,244.11,243.2,240.9,239.9,241.7,246.61,252.7,250.4,246.31,246.31,252.0,251.0,246.2,241.7,243.7,244.31,244.31,260.3,252.7,252.7,253.0,259.71,258.3,251.11,244.61,244.61,247.2,247.81
2021-06-20 05:00:00,295.29,296.0,295.2,295.29,295.89,293.7,296.39,296.39,294.79,294.79,294.39,295.29,296.0,295.2,295.29,295.89,296.79,296.79,296.7,296.2,295.5,295.1,297.1,298.1,297.89,297.79,298.2,298.2,298.0,297.7,296.6,296.6,295.0,299.29,299.7,299.89,299.6,299.6,299.39,298.5,298.29,296.6,295.79,295.79,300.2,300.7,300.7,301.0,301.1,300.5,299.6,298.2,296.29,296.29,294.79,300.0,300.0,300.7,301.0,301.29,300.6,299.6,297.7,297.7,295.39,293.0,300.29,300.29,300.29,300.6,301.29,300.6,299.6,299.6,297.7,295.39,293.0,300.29,300.29,300.29,300.6,301.0,301.0,300.29,299.0,296.2,293.89,292.6,299.29,299.39,299.39,299.0,299.0,299.6,298.89,297.1,294.0,292.5,292.1,296.39,296.2,297.29,297.29,296.0,296.6,296.39,293.6,291.89,291.89,291.89,292.2,293.2,293.2,293.6,293.79,293.0,291.2,290.1,290.1,290.5,290.5
2021-07-05 00:00:00,217.81,220.5,220.7,220.7,224.0,220.9,218.9,218.9,217.9,217.5,218.31,217.81,220.5,220.7,220.7,224.0,223.0,223.0,221.4,220.61,220.31,221.5,219.4,221.5,222.5,224.11,225.61,225.61,224.7,224.31,224.5,225.4,226.9,220.2,222.11,223.9,226.31,226.31,227.4,227.11,229.0,230.81,232.0,232.0,223.11,221.5,221.5,222.5,226.31,230.11,229.81,234.5,238.81,238.81,239.11,229.81,229.81,223.81,222.61,227.4,233.11,234.0,240.11,240.11,246.4,245.4,242.4,234.4,228.7,227.11,227.4,233.11,234.0,234.0,240.11,246.4,245.4,242.4,234.4,228.7,227.11,229.7,229.7,234.5,237.4,247.0,253.2,252.2,250.5,240.9,236.9,234.5,234.5,236.2,235.7,243.61,252.0,258.0,258.71,257.21,252.7,249.2,249.2,242.2,242.0,243.5,253.5,254.9,260.5,260.5,261.61,261.3,261.3,260.0,250.0,247.4,253.61,259.11,259.11,258.8,259.3
2021-06-01 23:00:00,239.61,240.81,241.11,240.31,238.4,238.7,238.81,238.81,239.5,240.5,240.9,239.61,240.81,241.11,240.31,238.4,237.11,237.11,236.9,238.4,241.11,240.9,240.0,239.61,240.0,240.31,239.11,239.11,237.0,237.61,239.31,241.4,242.11,240.81,239.61,239.9,241.2,241.2,240.31,238.4,239.2,241.0,243.7,243.7,242.61,241.5,241.5,241.9,241.9,241.2,241.31,242.7,244.11,244.11,244.5,244.31,244.31,243.7,242.7,243.0,243.4,244.2,244.61,244.61,246.5,247.0,245.9,244.31,244.5,244.0,243.0,243.4,244.2,244.2,244.61,246.5,247.0,245.9,244.31,244.5,244.0,244.4,244.4,244.11,245.31,245.9,247.2,250.11,245.9,244.0,243.81,244.4,244.4,244.2,244.11,244.81,246.0,247.2,249.31,243.5,243.0,242.2,242.2,242.31,243.2,244.0,244.7,246.31,246.11,246.11,240.31,240.81,240.81,240.5,240.5,241.81,243.7,244.31,244.31,245.4,244.31
2021-06-19 06:00:00,277.7,274.7,276.2,282.29,284.29,289.0,287.89,287.89,287.0,287.1,285.89,277.7,274.7,276.2,282.29,284.29,286.2,286.2,285.1,281.39,281.6,283.1,267.5,266.0,268.5,277.0,279.0,279.0,278.2,279.39,277.0,278.1,281.1,255.7,257.8,263.5,270.61,270.61,270.9,269.5,272.3,271.0,273.39,273.39,252.0,254.31,254.31,260.71,263.11,264.4,266.0,268.3,266.5,266.5,265.8,255.0,255.0,255.11,257.9,257.3,260.11,263.9,265.4,265.4,263.4,257.5,263.0,257.21,257.8,257.5,257.3,260.11,263.9,263.9,265.4,263.4,257.5,263.0,257.21,257.8,257.5,256.21,256.21,258.21,262.4,262.61,260.3,256.8,269.4,263.5,261.61,260.8,260.8,259.3,260.9,264.11,262.11,261.11,261.61,273.79,272.11,271.3,271.3,268.9,265.61,265.5,267.11,267.4,268.9,268.9,277.39,278.79,278.79,280.5,279.6,273.89,269.11,271.8,271.8,275.5,276.79
2021-08-20 08:00:00,263.9,262.5,262.3,263.11,265.11,266.4,266.5,266.5,265.0,263.61,263.61,263.9,262.5,262.3,263.11,265.11,264.21,264.21,266.0,265.0,263.0,262.8,264.5,263.3,262.71,262.8,262.9,262.9,262.61,264.61,264.9,262.71,264.3,265.4,263.9,262.0,262.0,262.0,262.71,261.21,261.71,264.5,263.71,263.71,263.8,262.21,262.21,261.61,262.4,262.3,260.9,261.8,263.4,263.4,263.4,262.4,262.4,259.9,261.21,262.8,261.5,260.71,262.0,262.0,261.71,262.8,264.9,261.8,260.21,261.11,262.8,261.5,260.71,260.71,262.0,261.71,262.8,264.9,261.8,260.21,261.11,262.11,262.11,261.11,260.4,261.4,260.71,260.4,263.8,262.0,260.71,260.71,260.71,261.3,260.8,260.11,260.3,259.3,259.8,263.0,262.21,260.61,260.61,259.71,260.11,259.8,259.61,258.71,258.3,258.3,261.3,260.3,260.3,259.61,258.9,257.9,258.11,257.9,257.9,257.9,257.5
2021-06-17 07:00:00,280.5,280.39,280.39,280.5,280.7,280.6,280.7,280.7,281.0,281.2,281.1,280.5,280.39,280.39,280.5,280.7,280.7,280.7,280.89,280.89,280.7,280.29,280.39,280.29,280.5,280.7,280.29,280.29,280.5,280.6,280.7,280.39,280.2,280.2,280.1,280.1,280.29,280.29,280.39,279.7,279.79,280.29,279.89,279.89,279.89,280.0,280.0,280.0,279.2,279.2,279.0,279.0,279.29,279.29,279.1,279.7,279.7,279.7,279.5,278.1,277.7,277.89,278.1,278.1,278.1,278.29,279.39,279.0,279.0,278.79,278.1,277.7,277.89,277.89,278.1,278.1,278.29,279.39,279.0,279.0,278.79,277.6,277.6,276.5,276.5,276.7,276.89,277.7,279.1,278.39,278.2,277.5,277.5,277.29,276.0,275.29,275.89,276.2,276.6,278.79,278.39,277.79,277.79,277.2,276.79,276.5,275.39,275.29,276.2,276.2,278.6,278.1,278.1,277.6,277.0,276.7,277.1,276.2,276.2,274.89,276.29
2021-07-01 09:00:00,293.39,293.2,292.89,293.1,293.29,293.2,293.1,293.1,292.89,292.6,292.7,293.39,293.2,292.89,293.1,293.29,293.1,293.1,293.0,292.79,292.6,292.39,292.89,292.89,292.79,292.89,292.89,292.89,292.89,292.6,292.7,292.79,292.2,292.7,292.79,292.5,292.79,292.79,292.7,292.6,292.7,292.6,292.39,292.39,292.5,292.5,292.5,292.39,292.7,292.7,292.7,292.39,292.39,292.39,291.89,292.39,292.39,292.29,292.39,292.5,292.6,292.5,292.29,292.29,292.0,291.29,292.2,292.0,292.2,292.29,292.5,292.6,292.5,292.5,292.29,292.0,291.29,292.2,292.0,292.2,292.29,292.6,292.6,292.5,292.39,292.0,291.39,291.0,292.2,292.1,292.0,292.29,292.29,292.5,292.6,292.2,291.39,291.1,290.7,292.29,292.1,292.1,292.1,292.2,292.5,292.39,291.79,290.89,291.0,291.0,292.39,292.2,292.2,292.29,292.39,292.5,291.79,291.39,291.39,291.29,291.0
2021-07-18 07:00:00,292.1,292.5,293.0,292.79,292.89,292.7,292.39,292.39,292.39,292.1,291.89,292.1,292.5,293.0,292.79,292.89,292.79,292.79,292.39,292.39,292.0,291.89,292.1,292.7,292.79,293.0,292.79,292.79,292.6,292.2,292.1,291.89,291.89,292.6,292.7,292.7,293.1,293.1,292.5,292.29,292.39,291.79,292.1,292.1,292.2,292.5,292.5,292.5,292.5,292.29,291.79,291.5,291.79,291.79,291.5,292.2,292.2,292.2,292.1,292.0,291.7,291.2,291.5,291.5,291.6,291.29,292.39,292.0,291.89,291.5,292.0,291.7,291.2,291.2,291.5,291.6,291.29,292.39,292.0,291.89,291.5,291.39,291.39,291.0,291.0,291.29,291.1,290.7,292.39,292.0,291.5,291.29,291.29,290.79,290.7,291.1,290.89,290.6,290.39,292.2,291.6,291.2,291.2,291.0,290.6,290.7,290.89,290.39,290.39,290.39,291.89,291.6,291.6,291.1,290.6,290.79,290.79,290.6,290.6,290.5,290.29
2021-06-01 22:00:00,239.9,238.9,239.4,239.31,238.81,241.31,242.81,242.81,243.9,244.5,245.2,239.9,238.9,239.4,239.31,238.81,239.31,239.31,240.81,241.4,241.9,243.2,238.5,238.11,238.4,237.81,237.61,237.61,237.9,238.61,239.31,240.31,241.0,237.61,236.81,236.7,236.61,236.61,237.0,237.11,237.0,237.61,238.2,238.2,236.0,235.81,235.81,235.81,236.2,236.31,236.31,236.0,236.4,236.4,237.0,235.61,235.61,235.2,235.81,235.61,236.0,235.5,234.61,234.61,235.2,236.7,241.31,238.7,237.5,236.61,235.61,236.0,235.5,235.5,234.61,235.2,236.7,241.31,238.7,237.5,236.61,235.81,235.81,236.2,235.4,234.61,235.0,236.2,244.61,242.2,239.5,237.31,237.31,236.4,236.4,235.7,235.31,235.4,235.11,246.4,242.61,241.31,241.31,240.5,239.11,237.11,236.0,235.61,235.9,235.9,247.31,244.11,244.11,242.4,241.7,241.81,238.31,236.81,236.81,236.81,237.31
2021-06-10 06:00:00,239.2,241.31,240.0,238.2,237.61,240.61,242.31,242.31,244.7,245.61,245.9,239.2,241.31,240.0,238.2,237.61,239.61,239.61,242.11,246.11,249.2,246.31,236.4,235.61,234.9,234.5,235.0,235.0,239.11,245.31,246.5,247.81,247.9,232.81,230.61,230.11,231.5,231.5,235.5,240.0,242.61,246.4,248.0,248.0,232.61,229.4,229.4,228.11,229.4,233.61,236.5,239.9,244.7,244.7,245.4,231.5,231.5,229.7,228.0,228.81,231.61,233.0,235.7,235.7,240.81,243.61,231.11,230.11,229.5,228.4,228.81,231.61,233.0,233.0,235.7,240.81,243.61,231.11,230.11,229.5,228.4,228.9,228.9,229.9,230.81,233.9,236.7,237.81,230.4,229.5,229.7,230.0,230.0,229.2,230.0,230.2,233.5,233.81,232.7,230.4,228.9,229.5,229.5,230.5,230.81,231.61,231.81,233.11,232.31,232.31,231.0,229.5,229.5,229.4,230.9,232.61,232.7,233.61,233.61,233.7,231.81
2021-06-28 02:00:00,287.6,287.5,287.79,287.6,287.79,287.79,287.7,287.7,288.0,288.1,288.0,287.6,287.5,287.79,287.6,287.79,287.89,287.89,287.7,288.39,288.0,287.89,287.7,287.5,287.39,287.7,287.7,287.7,288.1,288.1,288.2,287.79,288.1,287.5,287.6,287.5,287.7,287.7,288.0,288.2,288.0,287.89,288.2,288.2,287.7,287.7,287.7,287.7,287.7,287.79,287.89,287.79,287.89,287.89,288.6,287.79,287.79,287.89,288.0,287.7,287.39,287.5,288.0,288.0,287.89,288.0,289.1,288.39,287.7,287.79,287.7,287.39,287.5,287.5,288.0,287.89,288.0,289.1,288.39,287.7,287.79,287.7,287.7,287.6,287.7,287.79,287.79,287.7,289.29,288.5,287.7,287.39,287.39,287.79,288.0,288.0,288.0,287.7,287.5,288.89,288.7,287.79,287.79,287.6,287.7,288.0,287.89,287.6,287.6,287.6,288.39,288.5,288.5,288.1,287.79,287.79,288.0,287.7,287.7,287.6,287.6
2021-08-01 05:00:00,296.29,296.29,296.2,296.2,296.39,296.2,295.7,295.7,295.5,295.39,295.0,296.29,296.29,296.2,296.2,296.39,296.29,296.29,295.7,295.6,295.0,294.89,296.29,296.39,296.2,296.5,296.5,296.5,296.2,295.6,295.39,295.29,294.5,296.39,296.39,296.6,296.7,296.7,296.39,296.1,295.89,295.2,294.89,294.89,296.6,296.39,296.39,296.5,296.79,296.2,296.0,295.6,295.1,295.1,294.29,296.5,296.5,296.39,296.6,296.5,296.2,295.7,295.2,295.2,294.79,294.0,296.39,296.39,296.5,296.39,296.5,296.2,295.7,295.7,295.2,294.79,294.0,296.39,296.39,296.5,296.39,296.29,296.29,295.89,295.29,295.0,294.29,293.89,296.7,296.5,296.5,296.29,296.29,296.29,295.6,295.1,294.39,294.0,293.7,296.79,296.5,296.5,296.5,296.29,296.0,295.5,294.6,294.2,293.89,293.89,297.1,296.6,296.6,296.7,296.29,295.89,294.7,294.29,294.29,293.89,293.89
2021-08-11 08:00:00,242.11,237.61,235.0,240.9,253.31,245.0,245.7,245.7,248.7,259.5,268.11,242.11,237.61,235.0,240.9,253.31,244.9,244.9,241.4,250.31,266.5,275.2,238.11,237.11,237.7,241.81,249.2,249.2,252.81,257.3,255.7,261.61,262.0,232.7,237.11,238.9,240.81,240.81,247.31,259.61,266.11,261.4,250.81,250.81,231.11,232.2,232.2,232.9,238.61,248.7,256.9,261.0,255.4,255.4,245.11,227.5,227.5,227.2,231.9,236.9,244.9,251.9,251.0,251.0,245.7,241.7,227.5,226.0,227.4,230.61,236.9,244.9,251.9,251.9,251.0,245.7,241.7,227.5,226.0,227.4,230.61,234.9,234.9,241.61,244.11,238.4,236.11,235.0,227.2,227.81,227.9,229.2,229.2,231.7,236.81,233.2,227.2,227.2,228.81,227.7,229.11,231.2,231.2,233.5,230.81,228.7,223.4,220.0,223.11,223.11,228.5,229.4,229.4,234.31,236.2,231.9,222.2,217.7,217.7,218.7,222.4
2021-06-02 10:00:00,262.3,257.0,257.21,259.0,263.3,262.11,254.81,254.81,252.31,249.4,248.5,262.3,257.0,257.21,259.0,263.3,263.4,263.4,258.8,248.9,246.11,248.7,268.61,257.9,254.2,260.8,268.71,268.71,269.11,260.71,246.4,243.2,247.5,272.8,259.4,252.31,262.21,262.21,269.61,272.4,260.0,244.81,242.0,242.0,266.0,260.11,260.11,257.9,259.0,265.0,265.71,251.0,246.0,246.0,249.31,261.21,261.21,262.4,259.21,257.9,263.5,257.71,246.31,246.31,248.31,257.4,256.4,260.5,258.9,256.61,257.9,263.5,257.71,257.71,246.31,248.31,257.4,256.4,260.5,258.9,256.61,257.0,257.0,257.21,258.9,254.81,251.4,255.5,254.5,255.9,255.61,257.5,257.5,254.11,254.4,260.61,260.21,255.31,253.61,256.11,258.4,260.8,260.8,259.3,257.3,258.8,259.71,263.11,259.71,259.71,260.71,265.0,265.0,266.61,266.11,263.71,264.21,263.0,263.0,262.61,264.11
2021-06-09 08:00:00,247.2,248.31,251.31,249.2,244.61,236.81,235.9,235.9,235.9,237.61,238.5,247.2,248.31,251.31,249.2,244.61,241.81,241.81,240.81,240.2,240.7,240.61,247.31,250.7,251.5,251.31,248.31,248.31,244.9,245.7,244.61,242.61,241.11,249.5,252.11,252.81,252.2,252.2,249.7,247.0,247.0,247.0,245.0,245.0,253.11,253.2,253.2,252.9,251.81,248.81,245.81,245.4,247.7,247.7,241.7,256.0,256.0,254.9,253.9,250.7,246.81,243.11,244.81,244.81,245.7,239.9,259.9,258.3,257.5,254.2,250.7,246.81,243.11,243.11,244.81,245.7,239.9,259.9,258.3,257.5,254.2,248.61,248.61,244.4,242.2,243.0,242.4,238.4,261.4,261.0,258.3,251.4,251.4,247.4,244.2,241.5,242.11,238.7,236.4,259.21,257.5,254.0,254.0,248.81,249.31,246.2,243.81,242.7,238.11,238.11,256.5,247.7,247.7,249.0,251.11,249.7,247.5,246.4,246.4,242.61,239.0
2021-06-19 08:00:00,273.7,272.71,269.71,265.21,263.3,261.0,259.61,259.61,264.5,268.61,264.71,273.7,272.71,269.71,265.21,263.3,261.4,261.4,264.61,266.11,265.21,263.0,272.71,271.71,266.61,265.21,263.61,263.61,262.8,263.8,264.61,264.21,261.21,270.61,267.8,265.8,263.3,263.3,261.8,263.0,264.11,262.21,261.4,261.4,268.4,264.0,264.0,260.4,259.61,261.11,261.0,261.21,259.11,259.11,259.71,267.8,267.8,260.4,250.81,256.71,258.21,256.5,262.0,262.0,257.4,253.5,267.8,267.8,258.0,247.0,256.71,258.21,256.5,256.5,262.0,257.4,253.5,267.8,267.8,258.0,247.0,252.4,252.4,256.0,251.7,252.61,257.0,256.0,265.61,265.5,255.2,248.61,248.61,250.5,250.5,248.0,248.0,254.9,257.5,262.61,256.61,254.81,254.81,252.4,252.5,250.11,248.4,248.4,252.7,252.7,259.0,253.2,253.2,254.11,256.4,256.9,252.81,254.11,254.11,254.9,255.2
2021-08-27 03:00:00,271.4,273.0,274.89,273.89,270.8,272.5,271.0,271.0,270.3,271.61,275.2,271.4,273.0,274.89,273.89,270.8,266.8,266.8,269.21,268.21,271.5,275.2,269.0,270.3,271.4,271.3,271.4,271.4,267.8,264.8,267.71,270.3,272.21,265.5,267.9,270.11,269.5,269.5,269.71,270.3,266.3,266.71,270.3,270.3,268.5,267.5,267.5,267.4,269.3,271.5,270.9,270.3,267.9,267.9,269.21,270.9,270.9,268.8,267.3,269.8,272.61,272.9,273.29,273.29,270.8,270.3,272.0,271.4,271.4,270.9,269.8,272.61,272.9,272.9,273.29,270.8,270.3,272.0,271.4,271.4,270.9,270.0,270.0,272.21,274.6,275.1,274.39,274.29,272.3,273.1,273.5,274.0,274.0,271.5,268.9,274.7,277.39,277.29,274.5,273.5,273.7,273.7,273.7,273.0,272.21,268.71,272.0,275.2,276.0,276.0,273.39,273.89,273.89,271.8,271.0,271.3,270.4,268.0,268.0,269.71,272.21
2021-06-07 00:00:00,294.2,294.2,294.6,295.0,295.0,294.79,294.79,294.79,293.2,291.79,291.6,294.2,294.2,294.6,295.0,295.0,295.0,295.0,294.29,292.89,291.5,290.89,295.0,295.39,295.6,295.7,295.6,295.6,295.1,293.29,291.79,290.6,290.79,296.0,296.2,296.1,296.2,296.2,295.79,294.6,293.39,290.0,290.2,290.2,296.2,296.2,296.2,296.1,296.29,295.6,294.39,292.0,289.39,289.39,290.29,296.0,296.0,295.79,295.6,295.79,295.79,293.7,289.1,289.1,289.6,290.1,295.2,295.5,295.89,295.5,295.79,295.79,293.7,293.7,289.1,289.6,290.1,295.2,295.5,295.89,295.5,295.0,295.0,294.39,290.7,288.79,289.39,289.5,294.79,295.29,295.6,295.1,295.1,294.7,292.1,288.1,288.89,289.39,289.0,294.1,294.39,294.2,294.2,294.29,293.79,290.0,285.89,288.1,289.1,289.1,293.39,293.39,293.39,293.1,292.79,292.6,287.39,284.7,284.7,287.89,288.89
2021-07-13 01:00:00,252.7,247.0,241.0,238.61,237.31,237.61,238.11,238.11,238.7,239.61,241.11,252.7,247.0,241.0,238.61,237.31,237.31,237.31,238.11,239.2,240.5,242.61,247.0,241.7,239.11,236.81,236.31,236.31,236.31,237.81,239.9,241.7,243.5,241.4,238.9,237.4,236.2,236.2,235.7,235.4,238.11,240.11,242.5,242.5,239.0,238.2,238.2,236.4,236.2,234.9,235.61,238.11,240.5,240.5,241.81,237.81,237.81,237.61,236.61,235.81,235.0,236.0,238.4,238.4,240.81,240.5,237.81,236.61,235.81,235.5,235.81,235.0,236.0,236.0,238.4,240.81,240.5,237.81,236.61,235.81,235.5,235.9,235.9,236.61,237.0,239.2,239.9,239.81,236.9,235.61,234.5,234.7,234.7,235.9,237.11,238.31,239.0,239.2,240.81,235.4,235.11,235.2,235.2,234.5,234.2,236.61,237.0,238.5,240.5,240.5,234.4,235.5,235.5,236.31,233.81,233.61,235.61,236.0,236.0,239.5,242.0
2021-07-18 06:00:00,293.1,293.2,293.1,292.79,293.1,292.6,292.1,292.1,292.2,292.0,291.6,293.1,293.2,293.1,292.79,293.1,292.79,292.79,292.39,292.0,291.39,291.0,293.2,293.2,293.0,292.79,293.2,293.2,292.79,291.89,291.89,291.39,291.0,292.89,293.0,293.0,292.89,292.89,292.7,292.39,292.1,291.39,291.2,291.2,292.89,292.79,292.79,293.0,292.79,292.6,292.0,291.6,291.29,291.29,291.1,292.6,292.6,292.6,292.6,292.5,292.2,291.5,291.29,291.29,291.1,290.5,292.7,292.6,292.39,292.2,292.5,292.2,291.5,291.5,291.29,291.1,290.5,292.7,292.6,292.39,292.2,292.1,292.1,291.89,291.29,291.1,290.6,290.39,292.79,292.5,292.1,291.79,291.79,291.7,291.5,291.1,290.79,290.2,290.0,292.7,292.39,292.2,292.2,291.7,291.5,291.2,291.0,290.29,290.2,290.2,292.7,292.2,292.2,292.1,291.5,291.1,290.79,290.5,290.5,290.2,290.1
2021-07-25 03:00:00,279.0,278.89,277.7,276.0,276.6,281.1,281.39,281.39,274.89,275.0,276.2,279.0,278.89,277.7,276.0,276.6,280.7,280.7,281.0,276.1,271.11,274.5,277.2,279.5,279.79,278.2,273.29,273.29,275.29,278.0,276.1,273.7,274.6,276.29,279.6,282.89,280.5,280.5,271.8,270.21,275.0,276.0,273.0,273.0,280.1,280.29,280.29,284.5,282.6,272.71,275.39,278.79,274.29,274.29,269.8,281.2,281.2,281.6,282.5,283.0,281.0,281.0,278.39,278.39,272.9,268.21,280.89,280.6,281.89,283.0,283.0,281.0,281.0,281.0,278.39,272.9,268.21,280.89,280.6,281.89,283.0,284.39,284.39,283.39,282.39,278.0,272.3,268.3,279.89,279.1,280.1,282.2,282.2,283.5,283.1,281.89,278.5,271.21,264.21,275.79,275.2,276.1,276.1,278.2,277.0,278.5,281.1,275.5,264.5,264.5,269.4,269.71,269.71,269.8,273.39,268.5,273.1,278.7,278.7,269.8,260.71
2021-08-27 08:00:00,275.0,275.2,275.5,275.89,276.7,277.39,277.0,277.0,276.79,277.29,277.5,275.0,275.2,275.5,275.89,276.7,277.0,277.0,276.89,277.1,277.6,277.5,274.39,273.6,273.39,275.2,276.7,276.7,277.39,277.29,277.39,276.79,277.29,273.1,272.21,272.9,274.0,274.0,275.89,277.2,277.29,277.29,276.7,276.7,272.61,271.9,271.9,272.8,273.0,274.2,275.1,276.0,277.1,277.1,277.89,272.0,272.0,271.9,272.0,272.11,272.61,273.0,274.0,274.0,277.0,278.2,271.61,271.5,271.5,271.3,272.11,272.61,273.0,273.0,274.0,277.0,278.2,271.61,271.5,271.5,271.3,270.9,270.9,271.71,272.0,274.0,275.7,277.29,270.61,271.71,271.3,271.0,271.0,270.9,271.5,272.5,273.5,274.5,278.1,268.71,269.9,270.61,270.61,272.0,273.1,272.8,272.71,274.39,275.2,275.2,266.0,268.8,268.8,269.8,271.71,275.1,275.2,273.5,273.5,274.89,275.79
2021-06-04 07:00:00,266.71,271.5,269.3,270.11,271.11,279.6,283.1,283.1,282.29,278.5,271.3,266.71,271.5,269.3,270.11,271.11,275.2,275.2,274.2,272.21,272.9,263.9,263.21,263.5,263.11,265.8,262.3,262.3,263.21,265.11,265.5,267.0,262.71,260.3,258.61,261.71,265.9,265.9,255.7,253.7,258.8,261.11,264.21,264.21,264.9,263.9,263.9,267.61,267.11,261.4,256.5,259.21,261.5,261.5,263.61,275.5,275.5,273.1,276.39,274.0,268.71,265.9,263.61,263.61,264.0,269.4,287.39,285.2,283.0,283.6,274.0,268.71,265.9,265.9,263.61,264.0,269.4,287.39,285.2,283.0,283.6,282.29,282.29,280.2,275.39,269.5,268.4,275.39,294.2,291.79,290.0,288.79,288.79,288.79,287.89,283.0,278.1,274.2,277.7,296.29,292.79,294.29,294.29,294.29,292.0,289.5,285.5,283.0,281.2,281.2,296.39,296.0,296.0,295.79,295.7,294.39,289.7,286.5,286.5,286.5,286.1
2021-06-20 00:00:00,275.7,279.29,282.39,285.89,288.2,291.2,292.39,292.39,293.2,293.6,293.7,275.7,279.29,282.39,285.89,288.2,290.89,290.89,292.29,292.39,293.2,293.6,275.6,278.1,280.89,285.5,288.29,288.29,289.39,291.79,291.2,293.6,293.1,276.7,277.39,281.5,285.6,285.6,286.6,288.89,290.5,291.2,292.5,292.5,280.29,280.89,280.89,284.79,286.5,288.0,289.29,290.29,291.39,291.39,292.0,285.6,285.6,286.79,288.79,290.0,290.5,291.2,291.5,291.5,291.89,291.29,290.0,290.39,291.1,291.79,290.0,290.5,291.2,291.2,291.5,291.89,291.29,290.0,290.39,291.1,291.79,292.7,292.7,292.79,292.79,292.5,292.0,291.39,294.1,294.29,293.89,294.1,294.1,294.29,294.2,293.7,292.5,291.79,291.5,296.5,295.79,295.6,295.6,295.2,294.79,294.0,293.1,292.2,291.6,291.6,296.89,296.1,296.1,295.7,295.1,294.7,293.29,292.29,292.29,291.7,291.6
2021-07-09 09:00:00,293.0,292.79,293.39,294.2,293.79,294.79,293.5,293.5,291.7,291.2,291.29,293.0,292.79,293.39,294.2,293.79,292.5,292.5,290.7,289.2,289.0,289.29,291.5,290.5,291.1,291.29,290.29,290.29,288.6,286.7,286.29,287.39,288.29,290.89,289.2,290.2,289.29,289.29,286.7,285.7,286.0,284.1,285.89,285.89,293.39,291.29,291.29,289.0,288.39,288.79,287.79,285.2,284.39,284.39,287.5,293.89,293.89,292.89,289.79,286.39,287.79,287.39,286.0,286.0,283.39,286.89,294.0,292.7,291.6,288.89,286.39,287.79,287.39,287.39,286.0,283.39,286.89,294.0,292.7,291.6,288.89,285.0,285.0,283.1,282.7,282.5,282.29,285.0,289.39,286.89,285.7,284.6,284.6,280.29,277.1,275.6,276.29,278.79,281.6,279.0,274.5,273.7,273.7,273.7,269.21,263.0,265.9,264.3,266.61,266.61,264.3,259.71,259.71,257.9,256.0,253.11,249.7,251.0,251.0,251.5,251.4
2021-07-25 00:00:00,265.8,264.11,262.9,261.4,261.0,262.3,262.21,262.21,261.11,258.21,255.7,265.8,264.11,262.9,261.4,261.0,262.61,262.61,264.11,265.3,260.9,254.7,265.4,264.71,262.21,260.71,260.3,260.3,262.8,265.3,267.3,263.21,256.9,263.8,263.71,262.21,259.11,259.11,258.9,262.11,265.3,267.8,264.71,264.71,259.3,260.11,260.11,260.71,257.9,258.4,261.4,263.61,265.9,265.9,265.4,255.9,255.9,256.71,257.3,258.4,258.61,259.8,261.5,261.5,262.8,264.0,248.9,251.9,256.21,259.3,258.4,258.61,259.8,259.8,261.5,262.8,264.0,248.9,251.9,256.21,259.3,259.71,259.71,256.61,256.3,257.8,259.9,264.0,245.2,248.9,258.8,262.8,262.8,261.4,257.0,254.0,254.5,257.21,261.3,247.7,254.0,261.9,261.9,264.61,264.5,262.3,258.0,253.4,253.9,253.9,254.81,256.9,256.9,266.61,266.9,269.4,266.61,263.21,263.21,256.9,249.31
2021-08-01 07:00:00,294.79,294.6,294.7,294.7,295.0,294.6,294.2,294.2,294.5,294.5,294.2,294.79,294.6,294.7,294.7,295.0,294.7,294.7,294.29,294.6,294.5,294.2,294.89,294.79,294.6,294.79,295.1,295.1,294.7,294.29,294.7,294.7,294.2,295.0,294.6,294.7,294.6,294.6,294.7,294.29,294.6,294.6,294.39,294.39,294.29,294.29,294.29,294.29,294.29,294.29,294.1,294.0,294.29,294.29,293.89,293.79,293.79,293.89,293.6,293.89,293.5,293.39,293.7,293.7,293.5,293.1,293.5,293.7,293.6,293.39,293.89,293.5,293.39,293.39,293.7,293.5,293.1,293.5,293.7,293.6,293.39,293.29,293.29,292.6,292.79,293.0,292.7,292.6,293.29,293.6,293.5,292.79,292.79,292.79,292.1,292.1,292.29,291.89,292.29,293.79,293.7,293.2,293.2,292.79,292.29,292.0,291.6,291.89,291.7,291.7,293.89,293.5,293.5,293.1,292.39,292.2,292.0,291.39,291.39,291.6,291.7
2021-06-17 03:00:00,273.0,274.7,275.1,276.5,276.79,278.29,278.7,278.7,279.29,279.7,279.2,273.0,274.7,275.1,276.5,276.79,276.2,276.2,276.29,277.0,277.29,276.0,272.8,272.8,273.5,274.1,274.7,274.7,273.7,273.29,274.0,274.39,272.61,273.0,271.61,272.0,272.3,272.3,271.61,271.5,271.0,271.11,270.4,270.4,273.1,271.21,271.21,270.5,270.71,270.11,269.8,269.61,269.21,269.21,268.5,273.39,273.39,271.11,270.21,269.4,268.61,268.61,268.3,268.3,268.0,267.8,275.7,273.1,270.61,269.4,269.4,268.61,268.61,268.61,268.3,268.0,267.8,275.7,273.1,270.61,269.4,268.61,268.61,267.9,267.9,267.8,267.61,267.61,276.0,272.71,270.61,269.3,269.3,268.71,268.0,268.11,267.71,267.8,268.0,275.39,273.1,270.61,270.61,269.3,268.71,268.4,268.21,267.9,267.9,267.9,274.89,273.0,273.0,270.9,269.3,268.71,268.5,268.5,268.5,268.4,268.3
2021-06-19 04:00:00,298.39,298.39,298.5,298.5,298.39,298.6,298.2,298.2,297.79,297.1,296.2,298.39,298.39,298.5,298.5,298.39,298.2,298.2,297.6,297.5,296.1,295.39,298.0,298.1,298.2,298.1,298.2,298.2,297.6,297.1,296.79,296.39,294.5,297.2,297.7,297.7,297.7,297.7,297.6,297.1,297.2,296.39,295.29,295.29,297.1,297.2,297.2,297.1,297.2,297.29,296.79,296.2,295.6,295.6,294.29,296.7,296.7,296.7,296.6,296.7,296.7,296.1,295.29,295.29,294.29,292.7,296.79,296.6,296.29,296.39,296.7,296.7,296.1,296.1,295.29,294.29,292.7,296.79,296.6,296.29,296.39,296.2,296.2,295.5,295.1,293.89,292.79,292.0,296.5,296.2,295.89,295.89,295.89,295.89,295.6,293.89,292.0,292.0,291.39,297.5,296.89,296.39,296.39,296.39,296.5,295.29,293.0,291.89,291.6,291.6,298.39,297.6,297.6,297.0,297.29,296.89,294.39,292.5,292.5,292.1,291.6
2021-07-06 23:00:00,209.11,208.4,208.31,208.31,208.81,208.0,207.31,207.31,207.5,207.7,207.61,209.11,208.4,208.31,208.31,208.81,210.0,210.0,210.4,209.61,208.61,208.4,209.7,208.61,209.31,209.5,210.2,210.2,212.61,214.11,211.81,209.2,208.9,209.4,209.0,209.0,210.5,210.5,212.7,214.4,215.4,213.81,210.5,210.5,209.9,210.0,210.0,210.11,211.5,212.81,213.9,215.11,214.11,214.11,211.9,211.2,211.2,211.11,211.81,212.31,212.9,213.11,213.9,213.9,214.5,211.61,211.4,211.7,211.7,212.5,212.31,212.9,213.11,213.11,213.9,214.5,211.61,211.4,211.7,211.7,212.5,212.61,212.61,212.9,213.5,212.9,213.2,212.31,211.5,212.7,212.31,212.0,212.0,212.61,212.9,212.81,213.2,211.9,210.0,210.7,211.31,212.61,212.61,212.5,212.81,212.31,212.0,211.0,211.81,211.81,209.31,210.81,210.81,212.0,211.9,212.7,211.5,210.81,210.81,210.7,211.9
2021-07-14 07:00:00,293.7,293.89,293.6,293.1,290.79,290.39,290.29,290.29,290.5,289.79,289.5,293.7,293.89,293.6,293.1,290.79,291.0,291.0,290.2,290.29,290.0,289.1,293.89,293.79,293.39,293.2,291.7,291.7,291.1,290.89,290.7,289.39,288.2,293.7,293.5,293.39,293.1,293.1,292.6,291.1,291.6,290.89,289.5,289.5,293.5,293.39,293.39,293.2,293.1,293.29,292.0,292.0,291.0,291.0,289.0,293.5,293.5,293.29,292.89,293.1,293.2,292.6,291.89,291.89,290.7,288.2,293.5,293.39,293.29,293.29,293.1,293.2,292.6,292.6,291.89,290.7,288.2,293.5,293.39,293.29,293.29,293.1,293.1,292.7,292.1,290.89,290.2,288.89,293.39,293.29,293.39,293.39,293.39,292.89,292.29,291.1,290.1,289.7,290.1,293.6,293.39,293.39,293.39,293.2,293.0,292.39,291.5,290.6,290.5,290.5,293.6,293.39,293.39,293.1,293.0,292.6,292.29,291.39,291.39,290.79,290.79
2021-08-02 06:00:00,292.6,292.6,292.79,293.39,293.79,293.89,293.7,293.7,293.6,293.5,293.1,292.6,292.6,292.79,293.39,293.79,293.79,293.79,293.39,293.5,293.6,292.89,293.29,292.89,293.1,293.39,293.6,293.6,293.6,293.39,293.39,293.39,293.1,293.79,293.6,293.29,293.29,293.29,293.29,293.29,293.39,293.2,293.0,293.0,293.89,294.0,294.0,293.79,293.6,293.6,293.5,293.29,293.1,293.1,293.2,293.89,293.89,294.0,294.0,293.7,293.6,293.6,293.6,293.6,293.0,293.0,293.7,293.79,293.89,293.79,293.7,293.6,293.6,293.6,293.6,293.0,293.0,293.7,293.79,293.89,293.79,294.0,294.0,293.89,294.0,293.5,293.2,292.89,293.79,293.7,293.6,293.79,293.79,294.2,293.89,294.0,293.2,293.2,292.7,294.29,294.2,294.0,294.0,293.79,294.29,294.2,293.79,293.2,292.89,292.89,294.79,294.79,294.79,294.29,294.2,294.29,293.79,293.6,293.6,293.0,292.6
2021-08-22 23:00:00,257.71,261.3,263.21,263.71,264.71,262.5,260.71,260.71,260.11,259.11,254.4,257.71,261.3,263.21,263.71,264.71,265.21,265.21,264.5,261.9,255.5,253.5,261.3,262.3,263.4,264.0,265.21,265.21,265.11,264.0,262.4,259.8,256.11,264.21,263.21,264.0,264.4,264.4,265.21,264.8,264.21,263.61,261.8,261.8,261.8,263.11,263.11,264.11,264.4,265.4,265.61,265.21,264.3,264.3,261.61,260.71,260.71,261.8,263.4,264.21,265.11,265.8,265.5,265.5,264.3,258.4,262.0,260.71,260.5,261.5,264.21,265.11,265.8,265.8,265.5,264.3,258.4,262.0,260.71,260.5,261.5,263.61,263.61,265.5,265.9,265.4,262.61,254.11,263.0,260.21,259.3,260.61,260.61,262.3,265.8,265.9,263.5,260.0,250.4,264.0,261.0,257.61,257.61,258.71,262.4,264.4,264.61,262.21,255.7,255.7,264.61,260.9,260.9,255.81,259.5,261.4,261.71,262.4,262.4,259.9,250.81
2021-08-24 04:00:00,271.4,261.5,256.71,259.4,257.5,253.9,258.61,258.61,253.9,240.7,248.11,271.4,261.5,256.71,259.4,257.5,254.0,254.0,254.0,254.5,254.2,256.11,271.0,263.21,259.61,259.3,257.8,257.8,255.9,255.9,256.71,257.3,257.5,266.9,266.11,265.4,258.8,258.8,257.0,256.71,256.5,257.3,259.61,259.61,270.11,267.3,267.3,266.71,259.8,258.0,257.3,256.11,257.61,257.61,258.61,277.7,277.7,266.5,266.11,262.4,259.9,257.9,257.11,257.11,256.8,258.4,277.89,277.5,269.3,263.21,262.4,259.9,257.9,257.9,257.11,256.8,258.4,277.89,277.5,269.3,263.21,266.11,266.11,261.11,257.5,257.4,256.71,257.4,279.0,274.0,270.4,267.4,267.4,266.3,262.61,257.11,256.3,256.4,259.8,278.0,279.1,270.9,270.9,267.0,266.9,265.0,260.21,257.3,257.5,257.5,278.29,276.29,276.29,273.2,266.61,268.5,269.21,264.0,264.0,260.0,259.5
2021-07-02 01:00:00,277.89,282.29,281.1,282.0,284.39,280.89,277.5,277.5,280.1,275.5,264.4,277.89,282.29,281.1,282.0,284.39,283.0,283.0,280.6,280.29,280.6,271.0,285.6,286.39,286.5,285.7,285.0,285.0,284.79,282.7,280.7,280.89,273.6,289.2,289.5,289.79,288.2,288.2,287.29,285.79,283.29,278.39,275.5,275.5,290.39,290.5,290.5,290.29,289.2,288.79,286.29,280.29,270.9,270.9,264.21,290.5,290.5,290.2,289.7,289.2,289.29,286.79,274.6,274.6,260.3,256.4,289.7,290.2,289.89,289.29,289.2,289.29,286.79,286.79,274.6,260.3,256.4,289.7,290.2,289.89,289.29,288.89,288.89,288.29,286.29,271.4,252.4,245.4,289.79,289.89,289.5,288.7,288.7,288.39,288.1,286.0,269.21,250.61,236.4,289.89,290.1,289.5,289.5,288.6,288.39,287.6,286.7,274.2,258.8,258.8,289.79,290.0,290.0,289.79,288.89,288.39,288.1,287.6,287.6,281.29,269.8
2021-07-29 10:00:00,286.6,286.6,286.6,286.6,286.39,286.29,286.39,286.39,286.29,286.2,287.0,286.6,286.6,286.6,286.6,286.39,286.29,286.29,286.39,286.2,286.39,287.2,286.5,286.7,286.5,286.6,286.39,286.39,286.39,286.39,286.2,286.5,287.2,286.5,286.7,286.5,286.5,286.5,286.5,286.5,286.29,286.39,286.7,286.7,286.6,286.5,286.5,286.5,286.6,286.39,286.39,286.39,286.39,286.39,286.39,286.39,286.39,286.39,286.6,286.5,286.39,286.29,286.39,286.39,286.39,286.6,286.6,286.39,286.39,286.39,286.5,286.39,286.29,286.29,286.39,286.39,286.6,286.6,286.39,286.39,286.39,286.5,286.5,286.29,286.39,286.39,286.39,286.7,286.7,286.39,286.39,286.5,286.5,286.39,286.29,286.39,286.39,286.5,286.6,286.5,286.5,286.5,286.5,286.29,286.29,286.39,286.29,286.5,286.39,286.39,286.39,286.6,286.6,286.5,286.29,286.2,286.2,286.39,286.39,286.2,286.29
2021-08-11 23:00:00,251.0,250.31,250.5,252.7,254.7,254.5,254.61,254.61,253.5,251.5,250.5,251.0,250.31,250.5,252.7,254.7,256.0,256.0,256.8,256.21,253.9,253.61,253.7,253.7,254.11,255.5,256.5,256.5,257.3,257.71,258.61,257.9,256.61,254.9,256.71,257.5,257.4,257.4,257.11,257.61,259.0,260.3,259.21,259.21,256.3,257.5,257.5,257.0,257.61,258.5,258.0,258.5,259.3,259.3,259.3,256.21,256.21,257.3,255.81,257.0,259.9,258.11,257.5,257.5,258.3,257.61,256.3,255.9,256.8,256.3,257.0,259.9,258.11,258.11,257.5,258.3,257.61,256.3,255.9,256.8,256.3,256.71,256.71,257.9,257.5,256.4,256.8,257.11,255.31,255.4,255.61,256.11,256.11,255.81,256.0,256.4,255.9,255.61,256.61,253.61,254.81,255.11,255.11,255.2,255.11,256.21,256.4,255.7,256.4,256.4,251.7,254.31,254.31,254.31,254.4,255.2,255.7,257.0,257.0,257.4,257.61
2021-06-11 09:00:00,271.8,275.2,274.0,273.5,274.89,273.7,273.89,273.89,278.0,282.6,282.89,271.8,275.2,274.0,273.5,274.89,280.2,280.2,281.2,278.29,280.5,285.7,276.2,276.5,274.6,278.6,280.39,280.39,282.6,284.0,282.2,282.2,285.7,277.2,277.39,278.0,282.89,282.89,285.0,284.0,286.5,285.7,283.5,283.5,280.79,283.0,283.0,282.89,284.7,286.39,286.7,287.7,287.79,287.79,286.39,286.7,286.7,287.89,287.39,286.0,286.6,288.89,289.5,289.5,289.0,288.5,289.2,289.5,288.89,287.39,286.0,286.6,288.89,288.89,289.5,289.0,288.5,289.2,289.5,288.89,287.39,288.2,288.2,290.2,289.89,289.89,289.6,289.0,291.79,291.1,288.5,288.6,288.6,290.0,290.39,291.0,290.2,290.0,289.5,292.79,291.6,290.29,290.29,289.79,290.0,290.39,290.39,290.0,290.0,290.0,292.39,292.29,292.29,291.7,291.0,290.1,290.1,289.79,289.79,289.6,289.79
2021-06-16 05:00:00,286.89,287.1,287.39,287.6,287.79,287.6,287.7,287.7,288.1,288.2,288.5,286.89,287.1,287.39,287.6,287.79,287.79,287.79,287.79,288.29,288.5,288.6,287.0,287.2,287.29,287.6,287.7,287.7,287.89,288.2,288.2,288.5,288.7,287.0,287.29,287.5,287.5,287.5,287.7,288.2,288.2,288.29,288.6,288.6,287.0,287.39,287.39,287.39,287.6,287.79,288.1,288.1,288.39,288.39,288.39,287.0,287.0,287.29,287.39,287.6,287.79,288.0,288.2,288.2,288.29,288.6,286.89,287.0,287.2,287.29,287.6,287.79,288.0,288.0,288.2,288.29,288.6,286.89,287.0,287.2,287.29,287.6,287.6,287.89,288.2,288.29,288.39,288.5,286.89,287.2,287.2,287.2,287.2,287.6,288.29,288.5,288.29,288.5,288.6,287.1,287.2,287.29,287.29,287.6,287.89,288.29,288.5,288.6,288.7,288.7,287.39,287.29,287.29,287.6,287.79,288.29,288.5,288.6,288.6,288.6,288.79
2021-06-22 23:00:00,291.6,291.6,291.5,291.6,291.6,291.5,291.2,291.2,291.6,291.6,291.5,291.6,291.6,291.5,291.6,291.6,291.5,291.5,291.39,291.5,291.29,291.2,291.5,291.5,291.39,291.5,291.6,291.6,291.5,291.29,291.39,291.29,290.89,291.5,291.39,291.29,291.5,291.5,291.5,291.5,291.1,291.2,291.1,291.1,291.39,291.39,291.39,291.2,291.39,291.29,291.29,291.0,291.1,291.1,290.79,291.29,291.29,291.29,291.1,291.2,291.0,291.0,290.89,290.89,290.7,290.39,291.29,291.29,291.1,291.0,291.2,291.0,291.0,291.0,290.89,290.7,290.39,291.29,291.29,291.1,291.0,290.89,290.89,290.89,290.79,290.7,290.29,290.0,291.39,291.2,291.1,291.1,291.1,290.6,290.6,290.79,290.29,290.0,290.0,291.39,291.2,291.0,291.0,290.89,290.7,290.6,290.39,290.2,289.89,289.89,291.29,291.1,291.1,290.89,290.89,290.79,290.5,290.0,290.0,289.79,289.89
2021-07-06 04:00:00,214.31,211.2,211.31,212.61,212.81,210.7,208.61,208.61,208.31,208.11,207.5,214.31,211.2,211.31,212.61,212.81,210.0,210.0,208.31,208.11,207.31,207.2,215.4,213.9,214.4,214.2,211.61,211.61,210.2,208.81,207.61,207.11,206.9,217.5,216.61,217.31,215.11,215.11,211.5,210.11,209.61,207.2,207.0,207.0,218.7,218.5,218.5,217.7,215.11,211.7,210.4,210.5,207.7,207.7,206.61,220.81,220.81,219.2,216.5,214.61,211.9,211.11,210.4,210.4,208.61,207.5,221.31,220.7,219.4,216.81,214.61,211.9,211.11,211.11,210.4,208.61,207.5,221.31,220.7,219.4,216.81,213.9,213.9,211.9,211.2,210.11,209.2,209.2,222.31,221.5,219.4,215.9,215.9,213.9,212.2,211.2,209.5,210.0,211.5,223.9,221.9,218.81,218.81,216.61,213.9,212.0,210.4,210.31,211.0,211.0,225.2,222.2,222.2,218.61,216.31,214.5,212.4,210.2,210.2,210.0,212.31
2021-07-08 23:00:00,289.29,289.29,289.29,289.1,289.1,289.29,289.29,289.29,289.39,289.6,289.89,289.29,289.29,289.29,289.1,289.1,289.29,289.29,289.1,289.29,289.39,289.5,289.0,288.89,288.89,288.79,288.89,288.89,289.0,289.2,289.0,289.1,289.39,289.0,288.6,288.89,288.79,288.79,288.7,288.79,289.2,288.79,289.29,289.29,289.7,289.39,289.39,289.2,289.2,289.2,289.1,289.1,289.2,289.2,288.89,290.6,290.6,290.2,290.1,289.6,289.29,289.29,289.29,289.29,289.2,289.0,291.7,291.39,290.89,290.0,289.6,289.29,289.29,289.29,289.29,289.2,289.0,291.7,291.39,290.89,290.0,289.39,289.39,289.1,288.89,288.89,289.0,288.89,290.39,290.1,289.1,288.79,288.79,288.5,288.29,288.5,289.0,288.7,288.7,286.1,285.1,284.0,284.0,285.29,286.79,287.1,287.1,287.89,288.89,288.89,280.5,278.2,278.2,277.6,281.7,283.89,284.39,284.6,284.6,286.6,288.2
2021-07-10 08:00:00,289.7,290.6,289.89,290.5,291.2,292.39,292.5,292.5,292.5,290.39,289.89,289.7,290.6,289.89,290.5,291.2,291.2,291.2,291.2,291.1,290.0,289.1,290.7,290.0,289.1,290.6,290.79,290.79,289.79,290.0,290.5,289.0,286.7,289.5,289.29,290.5,290.79,290.79,289.5,289.6,289.5,289.79,288.39,288.39,290.39,289.7,289.7,290.29,290.6,290.6,289.7,289.2,288.79,288.79,288.6,289.79,289.79,290.0,291.29,290.1,290.0,290.5,289.39,289.39,288.1,288.79,289.29,289.5,291.1,291.29,290.1,290.0,290.5,290.5,289.39,288.1,288.79,289.29,289.5,291.1,291.29,290.7,290.7,290.79,291.1,290.89,289.2,288.0,289.1,290.89,291.79,291.79,291.79,291.5,290.89,292.0,291.39,290.1,288.89,289.5,291.79,292.89,292.89,291.89,291.6,291.7,291.5,291.39,291.0,291.0,289.2,292.7,292.7,293.1,292.39,291.79,291.39,291.0,291.0,291.29,291.5
2021-07-13 09:00:00,274.89,273.79,272.21,274.7,275.79,276.1,278.5,278.5,278.7,274.6,270.0,274.89,273.79,272.21,274.7,275.79,277.0,277.0,282.39,282.39,279.29,274.79,271.21,272.71,272.9,275.79,274.1,274.1,280.79,285.79,285.2,282.89,280.0,267.3,272.4,274.79,274.89,274.89,275.6,282.2,286.5,286.2,285.1,285.1,265.61,271.61,271.61,272.8,273.6,276.29,282.2,285.0,286.1,286.1,286.1,265.21,265.21,270.71,270.0,270.9,274.79,280.0,283.0,283.0,284.29,285.7,268.21,267.8,269.61,270.71,270.9,274.79,280.0,280.0,283.0,284.29,285.7,268.21,267.8,269.61,270.71,267.3,267.3,269.5,276.39,280.39,281.7,285.5,273.1,271.71,271.21,267.8,267.8,265.8,265.9,272.21,278.29,279.79,282.7,275.2,278.29,273.89,273.89,261.4,265.71,266.9,268.4,276.2,279.0,279.0,278.0,281.7,281.7,276.29,262.61,265.71,268.3,267.5,267.5,272.3,279.0
2021-08-03 03:00:00,292.6,293.1,293.29,293.89,294.1,293.7,293.2,293.2,292.5,291.79,291.39,292.6,293.1,293.29,293.89,294.1,293.89,293.89,293.5,292.79,292.1,291.89,292.7,293.2,293.2,293.79,293.79,293.79,293.6,293.5,293.0,292.7,292.6,292.7,293.5,293.29,293.7,293.7,293.6,293.2,293.2,293.29,293.1,293.1,292.89,293.2,293.2,293.5,293.39,293.0,292.89,292.89,293.0,293.0,293.29,292.79,292.79,293.1,293.5,293.29,292.7,292.6,292.6,292.6,292.89,292.79,293.0,292.89,293.1,292.79,293.29,292.7,292.6,292.6,292.6,292.89,292.79,293.0,292.89,293.1,292.79,293.1,293.1,293.1,292.29,292.5,292.5,292.2,293.29,293.29,292.79,292.89,292.89,292.89,292.6,292.39,292.79,292.1,292.0,293.2,293.2,292.7,292.7,292.79,293.0,293.0,292.79,292.2,292.2,292.2,293.2,293.0,293.0,292.79,292.89,293.2,293.39,292.89,292.89,292.5,292.6
2021-08-20 05:00:00,234.11,232.7,231.7,231.9,233.9,235.2,237.0,237.0,234.31,228.81,224.4,234.11,232.7,231.7,231.9,233.9,237.9,237.9,241.0,239.61,230.9,224.5,234.11,232.2,230.81,232.61,234.4,234.4,241.31,244.9,241.7,234.11,226.61,233.2,231.9,230.7,232.4,232.4,237.61,243.31,244.0,242.9,237.4,237.4,233.7,232.81,232.81,231.81,233.9,237.31,239.81,238.4,240.2,240.2,240.0,233.9,233.9,234.5,235.4,235.7,235.5,234.9,234.81,234.81,236.81,238.61,235.7,234.2,235.81,237.81,235.7,235.5,234.9,234.9,234.81,236.81,238.61,235.7,234.2,235.81,237.81,238.61,238.61,235.11,233.11,233.5,235.4,236.11,239.11,236.9,238.2,241.2,241.2,240.7,237.0,233.5,234.5,236.31,235.0,245.61,242.2,246.31,246.31,246.7,242.61,238.31,237.11,240.31,239.31,239.31,251.5,252.2,252.2,253.0,249.0,245.0,242.81,241.7,241.7,246.7,243.11
2021-06-13 08:00:00,277.7,278.5,278.39,267.61,256.71,263.71,254.31,254.31,249.81,251.5,252.7,277.7,278.5,278.39,267.61,256.71,259.21,259.21,254.4,245.4,239.9,237.5,271.71,271.61,269.11,255.5,247.9,247.9,253.11,248.2,239.11,234.61,234.7,266.61,263.3,254.0,244.5,244.5,248.0,246.0,239.61,235.4,232.61,232.61,258.11,252.5,252.5,246.11,245.5,243.7,239.0,235.61,231.4,231.4,229.9,244.2,244.2,242.31,245.4,250.31,244.61,233.81,230.7,230.7,227.81,228.2,238.2,233.31,236.2,242.61,250.31,244.61,233.81,233.81,230.7,227.81,228.2,238.2,233.31,236.2,242.61,255.81,255.81,251.2,234.9,229.31,226.31,227.0,230.7,230.0,237.11,241.7,241.7,260.61,251.2,237.11,231.4,227.9,226.61,226.81,236.81,243.11,243.11,252.7,255.4,238.9,230.0,229.81,232.11,232.11,229.4,235.61,235.61,250.61,261.11,246.31,225.4,221.11,221.11,229.11,235.0
2021-06-14 08:00:00,249.2,249.5,249.2,247.61,247.5,243.5,241.81,241.81,242.5,245.2,246.2,249.2,249.5,249.2,247.61,247.5,247.7,247.7,246.61,245.31,244.0,248.0,249.61,250.2,249.7,248.9,248.81,248.81,250.31,248.7,247.31,249.0,252.9,250.61,250.0,249.7,249.4,249.4,251.0,251.7,251.4,250.5,253.61,253.61,251.0,250.7,250.7,250.31,250.9,251.81,253.2,254.0,253.7,253.7,257.8,251.61,251.61,251.4,251.31,252.5,253.7,254.5,255.4,255.4,257.5,259.21,251.9,251.31,251.0,251.5,252.5,253.7,254.5,254.5,255.4,257.5,259.21,251.9,251.31,251.0,251.5,254.5,254.5,256.5,255.81,256.4,260.11,261.71,252.7,250.0,251.0,254.11,254.11,256.71,256.9,257.3,259.8,261.21,262.21,253.5,251.4,253.9,253.9,256.61,258.21,259.21,258.8,259.61,261.9,261.9,254.4,254.7,254.7,256.71,259.0,260.3,260.11,259.9,259.9,260.4,261.71
2021-08-04 23:00:00,292.5,292.6,292.39,292.7,292.7,292.7,292.6,292.6,292.6,292.79,292.79,292.5,292.6,292.39,292.7,292.7,292.7,292.7,292.7,292.7,292.79,292.6,292.5,292.7,292.6,292.7,292.79,292.79,292.7,292.79,292.79,292.7,292.5,292.6,292.79,292.39,292.79,292.79,292.6,292.6,292.6,292.6,292.5,292.5,292.5,292.79,292.79,292.79,292.7,292.39,292.29,292.39,292.2,292.2,292.2,292.39,292.39,292.5,292.7,292.39,292.0,291.89,291.79,291.79,291.6,292.0,292.5,292.5,292.39,292.2,292.39,292.0,291.89,291.89,291.79,291.6,292.0,292.5,292.5,292.39,292.2,292.1,292.1,291.89,291.39,291.1,291.29,291.5,292.29,292.39,292.0,291.6,291.6,291.7,291.5,291.1,290.79,291.1,291.1,292.0,292.0,291.7,291.7,291.6,291.29,291.1,290.79,291.0,291.0,291.0,291.5,291.39,291.39,291.29,291.29,291.1,290.39,290.79,290.79,290.79,291.0
2021-08-11 04:00:00,275.2,274.29,267.3,258.9,249.61,243.61,259.3,259.3,276.7,285.39,284.2,275.2,274.29,267.3,258.9,249.61,250.61,250.61,264.3,279.39,287.79,282.29,267.5,274.6,273.0,266.5,262.4,262.4,264.21,273.7,281.2,285.0,282.0,266.61,273.39,275.29,273.89,273.89,275.0,277.2,281.5,282.89,283.1,283.1,270.71,275.29,275.29,277.6,281.89,285.2,284.1,286.5,284.89,284.89,281.7,273.5,273.5,277.5,284.0,287.29,288.79,288.7,288.5,288.5,285.5,282.0,281.29,276.79,283.89,289.7,287.29,288.79,288.7,288.7,288.5,285.5,282.0,281.29,276.79,283.89,289.7,291.2,291.2,291.5,290.39,287.5,283.1,284.2,285.79,285.89,287.0,289.39,289.39,290.7,289.39,287.0,283.5,280.1,283.2,285.89,283.79,283.89,283.89,286.0,286.39,285.0,283.2,278.29,274.1,274.1,284.6,280.79,280.79,279.6,282.0,281.79,280.5,278.7,278.7,273.6,268.3
2021-08-19 08:00:00,292.2,291.6,291.1,290.5,291.0,292.29,291.89,291.89,291.6,291.29,291.2,292.2,291.6,291.1,290.5,291.0,291.7,291.7,291.5,291.2,291.2,291.6,291.6,290.79,289.29,289.5,290.2,290.2,290.2,290.39,291.29,291.79,291.89,291.7,290.0,287.39,288.7,288.7,290.1,288.6,290.0,291.39,292.0,292.0,291.1,290.0,290.0,288.79,289.1,289.2,289.89,290.39,291.5,291.5,291.89,290.7,290.7,290.1,289.7,289.5,290.1,290.79,291.39,291.39,291.6,291.5,290.0,290.1,290.2,290.2,289.5,290.1,290.79,290.79,291.39,291.6,291.5,290.0,290.1,290.2,290.2,290.7,290.7,291.2,291.5,291.7,291.6,291.6,289.39,290.2,290.39,291.1,291.1,292.0,292.2,292.39,291.89,291.89,291.6,289.5,290.2,291.5,291.5,291.79,292.1,292.5,292.39,292.0,292.0,292.0,289.89,291.29,291.29,291.89,291.89,291.79,292.0,292.0,292.0,291.89,292.0
2021-08-24 06:00:00,257.61,257.8,257.8,258.3,258.4,257.9,257.4,257.4,256.8,257.5,256.5,257.61,257.8,257.8,258.3,258.4,258.11,258.11,257.71,257.21,256.8,255.9,257.4,257.21,257.3,258.21,258.9,258.9,258.4,257.5,256.5,256.11,256.3,256.5,256.71,257.21,257.8,257.8,258.71,258.8,257.0,255.81,256.11,256.11,257.21,256.61,256.61,256.5,257.21,257.8,257.8,257.3,256.5,256.5,255.9,257.9,257.9,257.3,256.5,256.71,257.0,257.3,257.3,257.3,257.71,256.5,257.8,258.8,258.3,256.71,256.71,257.0,257.3,257.3,257.3,257.71,256.5,257.8,258.8,258.3,256.71,255.7,255.7,256.4,257.0,257.61,257.8,257.71,258.11,260.0,259.8,257.0,257.0,255.7,256.11,257.0,258.0,257.71,257.9,257.71,260.9,261.11,261.11,259.3,257.3,257.71,256.9,256.61,257.11,257.11,257.61,259.9,259.9,263.0,263.0,260.5,258.3,257.8,257.8,256.61,256.71
2021-06-06 00:00:00,298.89,298.89,299.0,299.29,299.1,298.6,298.39,298.39,297.7,297.1,296.6,298.89,298.89,299.0,299.29,299.1,299.0,299.0,298.39,297.6,296.7,296.2,299.0,299.2,299.2,299.29,299.39,299.39,298.89,298.0,297.6,297.0,295.5,299.2,299.2,299.39,299.29,299.29,299.1,298.6,298.39,297.29,296.2,296.2,299.0,299.1,299.1,299.1,299.2,298.89,298.5,297.89,296.6,296.6,294.6,298.7,298.7,298.7,298.79,298.7,298.7,297.89,297.39,297.39,295.29,293.0,298.39,298.39,298.2,298.29,298.7,298.7,297.89,297.89,297.39,295.29,293.0,298.39,298.39,298.2,298.29,298.29,298.29,298.0,297.1,295.79,293.7,292.39,298.29,298.0,297.79,297.7,297.7,297.89,297.5,296.0,293.39,292.5,292.1,298.29,298.1,297.6,297.6,297.6,297.5,296.5,294.29,292.79,292.0,292.0,298.29,298.0,298.0,297.6,297.39,297.1,294.79,293.0,293.0,292.29,291.89
2021-06-15 04:00:00,287.0,287.1,287.2,287.1,287.39,288.2,288.79,288.79,288.79,288.39,287.6,287.0,287.1,287.2,287.1,287.39,287.7,287.7,288.1,288.5,288.0,287.7,287.1,286.5,286.79,286.89,287.1,287.1,287.79,287.79,287.7,287.7,287.29,287.2,286.6,285.7,287.0,287.0,287.79,287.89,287.5,287.29,287.6,287.6,287.39,286.2,286.2,286.89,287.39,287.39,287.5,287.6,287.7,287.7,287.89,286.29,286.29,286.7,288.1,288.1,287.89,287.39,287.7,287.7,288.39,288.2,286.6,287.79,287.6,287.89,288.1,287.89,287.39,287.39,287.7,288.39,288.2,286.6,287.79,287.6,287.89,288.6,288.6,288.7,288.29,288.29,288.6,288.7,287.2,288.1,288.6,288.79,288.79,288.79,289.1,289.29,289.1,288.79,288.89,287.7,288.2,288.79,288.79,289.1,289.2,289.29,289.39,289.0,289.2,289.2,288.5,288.7,288.7,288.89,289.1,289.6,289.29,289.2,289.2,289.2,289.39
2021-07-12 07:00:00,266.8,265.9,268.5,268.3,267.3,271.21,272.4,272.4,269.21,264.71,273.29,266.8,265.9,268.5,268.3,267.3,276.1,276.1,276.7,273.2,270.8,279.0,264.9,270.8,276.6,271.9,271.8,271.8,276.6,276.2,278.29,281.29,283.6,261.71,276.0,278.29,275.1,275.1,272.71,275.79,277.0,280.89,286.5,286.5,266.21,275.6,275.6,273.5,272.0,275.5,274.39,276.1,281.89,281.89,285.1,269.61,269.61,272.21,263.71,267.71,271.11,272.3,277.29,277.29,280.39,279.6,259.3,265.8,261.11,256.11,267.71,271.11,272.3,272.3,277.29,280.39,279.6,259.3,265.8,261.11,256.11,261.3,261.3,266.5,271.3,273.89,275.89,275.29,258.11,259.8,246.81,245.5,245.5,254.5,262.11,267.71,270.8,270.5,265.4,251.2,250.4,239.7,239.7,240.7,247.7,254.31,259.8,264.11,265.11,265.11,241.31,238.7,238.7,235.7,237.7,241.2,245.7,251.0,251.0,260.0,261.4
2021-08-13 02:00:00,254.81,254.0,252.61,253.11,255.61,255.11,254.4,254.4,252.4,250.9,251.11,254.81,254.0,252.61,253.11,255.61,256.61,256.61,255.2,252.11,251.0,251.4,253.9,254.2,253.11,254.31,256.4,256.4,256.0,253.5,252.81,253.2,253.11,251.81,253.9,254.4,255.4,255.4,255.9,254.4,252.81,252.9,253.61,253.61,249.61,253.0,253.0,254.9,255.5,255.0,253.81,252.4,252.11,252.11,252.4,248.0,248.0,251.4,253.0,254.81,254.5,252.81,251.4,251.4,250.9,250.2,240.61,246.0,249.5,250.81,254.81,254.5,252.81,252.81,251.4,250.9,250.2,240.61,246.0,249.5,250.81,253.4,253.4,254.11,252.5,250.11,249.31,247.4,237.81,244.2,246.61,248.9,248.9,251.31,253.31,251.9,249.0,247.2,245.2,235.7,240.4,244.2,244.2,247.4,249.5,251.81,250.9,248.61,246.0,246.0,234.4,237.9,237.9,242.2,245.61,248.61,249.4,250.11,250.11,248.0,245.11
2021-07-11 03:00:00,262.4,263.11,263.11,263.9,263.0,263.11,262.4,262.4,259.3,255.0,252.61,262.4,263.11,263.11,263.9,263.0,261.11,261.11,260.0,257.3,255.5,254.61,260.4,263.61,265.61,261.61,258.9,258.9,258.9,259.4,256.4,254.11,253.0,260.5,263.8,263.9,259.61,259.61,257.0,257.0,257.8,256.5,253.4,253.4,259.9,260.71,260.71,258.5,259.0,257.0,255.2,255.2,255.2,255.2,254.4,256.5,256.5,256.0,257.0,256.8,254.7,253.5,253.4,253.4,253.5,254.81,255.31,254.81,254.81,255.11,256.8,254.7,253.5,253.5,253.4,253.5,254.81,255.31,254.81,254.81,255.11,253.9,253.9,252.31,251.81,251.9,252.7,255.0,253.61,254.4,254.5,253.81,253.81,252.0,250.9,250.81,251.7,252.81,255.2,253.11,253.9,253.61,253.61,252.81,251.31,251.0,251.0,252.0,253.2,253.2,253.31,253.11,253.11,253.11,252.2,251.4,251.31,251.81,251.81,252.7,253.5
2021-07-25 22:00:00,271.11,269.5,269.21,263.9,255.4,248.9,248.0,248.0,248.81,252.61,255.11,271.11,269.5,269.21,263.9,255.4,251.2,251.2,251.7,250.11,252.0,254.31,273.7,270.61,269.5,266.9,263.21,263.21,258.11,255.11,252.0,251.5,252.81,273.6,271.71,270.21,269.5,269.5,267.8,264.61,259.61,254.2,251.61,251.61,271.9,273.79,273.79,270.8,269.71,268.8,266.4,261.61,257.71,257.71,254.81,270.0,270.0,273.1,270.0,267.5,266.21,265.5,265.21,265.21,261.4,256.11,265.11,266.61,268.9,269.21,267.5,266.21,265.5,265.5,265.21,261.4,256.11,265.11,266.61,268.9,269.21,265.21,265.21,263.9,264.4,264.21,263.5,261.3,262.4,264.3,264.61,266.11,266.11,264.21,262.71,262.61,263.61,263.9,263.4,260.21,261.71,262.8,262.8,263.4,262.5,263.9,263.4,262.9,262.61,262.61,257.21,259.4,259.4,260.3,261.4,261.5,263.4,264.71,264.71,262.8,260.8
2021-07-30 10:00:00,292.39,292.39,292.2,292.29,292.39,292.2,291.89,291.89,292.0,291.79,291.7,292.39,292.39,292.2,292.29,292.39,292.2,292.2,292.2,292.0,291.89,292.0,292.7,292.39,292.29,292.39,292.29,292.29,292.2,292.1,292.0,292.1,292.0,292.7,292.39,292.5,292.39,292.39,292.2,292.1,292.2,292.0,292.2,292.2,292.6,292.5,292.5,292.5,292.5,292.2,292.29,292.1,292.1,292.1,292.2,292.39,292.39,292.39,292.39,292.29,292.29,292.2,292.1,292.1,292.0,291.89,292.29,292.1,292.1,292.2,292.29,292.29,292.2,292.2,292.1,292.0,291.89,292.29,292.1,292.1,292.2,292.2,292.2,292.2,292.0,291.89,291.89,291.7,292.0,292.0,291.79,292.29,292.29,292.1,291.89,292.0,291.7,291.79,291.7,292.2,291.89,292.0,292.0,292.0,292.1,291.89,291.79,291.89,291.7,291.7,292.0,291.89,291.89,291.89,292.0,291.89,291.79,291.7,291.7,291.6,291.6
2021-08-12 03:00:00,240.61,237.11,234.2,232.81,232.7,232.0,231.81,231.81,231.31,230.4,230.7,240.61,237.11,234.2,232.81,232.7,232.81,232.81,232.7,232.7,231.4,230.61,243.61,240.11,235.5,233.5,234.0,234.0,234.5,234.31,234.31,233.0,232.61,246.61,242.31,238.0,235.4,235.4,235.2,237.31,237.0,236.7,235.9,235.9,245.9,243.2,243.2,239.0,238.11,237.31,238.81,239.2,238.61,238.61,238.7,244.2,244.2,243.5,241.11,240.31,239.2,239.7,240.31,240.31,240.11,241.4,251.0,245.0,244.5,242.5,240.31,239.2,239.7,239.7,240.31,240.11,241.4,251.0,245.0,244.5,242.5,242.31,242.31,240.61,240.11,240.5,242.2,244.4,251.11,247.0,246.31,246.5,246.5,245.0,242.11,241.31,243.2,243.61,245.7,252.61,250.2,248.7,248.7,249.7,249.2,247.61,246.4,245.7,244.5,244.5,254.61,253.9,253.9,252.31,252.9,253.31,253.11,250.9,250.9,247.31,245.5
2021-08-15 06:00:00,290.0,289.2,289.29,288.2,287.7,289.39,287.5,287.5,289.89,289.6,283.79,290.0,289.2,289.29,288.2,287.7,290.2,290.2,289.29,289.5,289.1,287.0,287.79,287.6,288.89,288.5,285.29,285.29,287.79,290.1,289.1,290.39,289.6,286.39,286.5,287.7,288.5,288.5,287.2,285.6,287.5,289.5,290.5,290.5,286.6,288.1,288.1,287.5,287.39,287.5,287.0,287.79,288.79,288.79,289.1,289.5,289.5,289.5,287.39,286.79,288.1,288.89,288.89,288.89,288.1,287.7,289.89,289.79,289.5,288.6,286.79,288.1,288.89,288.89,288.89,288.1,287.7,289.89,289.79,289.5,288.6,288.1,288.1,288.39,289.0,289.7,287.7,286.2,291.6,290.5,289.6,289.6,289.6,289.5,288.79,289.1,290.1,288.1,285.29,291.2,291.1,290.5,290.5,289.7,289.79,289.79,289.29,288.5,288.29,288.29,290.6,290.39,290.39,291.1,290.7,290.7,290.2,289.5,289.5,289.79,288.5
2021-08-25 07:00:00,286.0,284.39,289.1,294.79,296.2,295.79,296.0,296.0,295.89,296.0,296.29,286.0,284.39,289.1,294.79,296.2,296.29,296.29,296.2,296.5,296.2,296.5,292.39,292.1,293.89,296.1,297.1,297.1,296.79,296.39,296.7,297.0,296.79,297.29,297.29,297.1,297.2,297.2,297.29,297.1,297.1,296.79,297.0,297.0,298.6,298.39,298.39,298.1,297.79,297.29,297.39,297.1,296.6,296.6,296.79,297.89,297.89,297.5,297.29,297.6,297.29,297.0,296.79,296.79,296.39,295.89,296.89,296.79,296.6,296.39,297.6,297.29,297.0,297.0,296.79,296.39,295.89,296.89,296.79,296.6,296.39,296.89,296.89,296.5,296.5,296.29,295.79,295.6,295.7,296.0,295.89,295.7,295.7,296.2,296.1,296.0,295.7,295.39,295.2,295.79,295.89,295.7,295.7,295.79,296.0,295.89,295.5,295.29,295.29,295.29,296.5,295.89,295.89,296.0,296.1,296.0,295.7,295.2,295.2,295.1,295.2
2021-06-27 10:00:00,288.7,286.29,284.7,282.89,281.39,276.89,278.29,278.29,281.29,283.29,283.5,288.7,286.29,284.7,282.89,281.39,278.1,278.1,278.7,282.1,282.89,283.2,286.89,285.6,284.79,283.29,283.0,283.0,281.1,282.0,281.89,282.89,284.89,285.39,284.29,284.0,282.89,282.89,282.29,282.2,282.2,280.79,280.79,280.79,284.7,282.7,282.7,285.6,283.0,281.1,279.79,280.39,280.7,280.7,281.7,284.39,284.39,283.29,284.6,284.29,281.5,277.5,278.29,278.29,282.29,283.39,287.2,285.7,284.7,285.5,284.29,281.5,277.5,277.5,278.29,282.29,283.39,287.2,285.7,284.7,285.5,284.79,284.79,280.6,277.0,281.5,281.89,282.2,287.29,286.6,286.0,285.6,285.6,284.79,280.89,278.2,282.7,282.89,278.5,286.89,286.79,286.6,286.6,286.1,285.0,283.2,281.39,282.29,283.29,283.29,286.39,287.1,287.1,287.39,287.29,285.5,284.5,283.2,283.2,285.6,283.39
2021-07-01 11:00:00,270.3,268.5,271.3,276.6,281.0,283.39,281.1,281.1,281.2,284.0,284.7,270.3,268.5,271.3,276.6,281.0,280.79,280.79,277.7,279.7,282.89,281.79,271.0,268.11,267.4,271.5,275.39,275.39,274.89,275.0,277.6,282.29,281.39,271.8,270.21,266.3,268.5,268.5,270.61,270.5,272.71,276.39,279.2,279.2,273.29,269.9,269.9,268.61,269.9,271.8,274.6,276.0,276.29,276.29,275.79,278.39,278.39,271.0,269.8,273.39,278.1,280.39,279.0,279.0,276.6,275.29,286.89,284.29,277.79,273.39,273.39,278.1,280.39,280.39,279.0,276.6,275.29,286.89,284.29,277.79,273.39,276.7,276.7,281.29,283.0,279.7,276.6,277.2,288.29,288.1,283.89,277.29,277.29,277.7,284.7,283.79,278.7,277.5,281.0,290.2,287.79,283.2,283.2,279.5,275.89,283.2,283.7,277.79,279.0,279.0,290.2,287.5,287.5,282.1,275.79,274.2,281.79,281.5,281.5,275.79,281.0
2021-07-15 23:00:00,210.31,209.9,209.81,209.5,210.4,211.11,211.0,211.0,210.4,210.7,211.11,210.31,209.9,209.81,209.5,210.4,210.61,210.61,210.9,210.0,210.5,211.0,210.61,210.2,209.4,209.31,210.0,210.0,210.11,209.7,210.31,210.9,211.2,209.81,209.81,209.2,209.0,209.0,208.5,209.2,209.2,210.4,210.4,210.4,208.81,208.11,208.11,207.9,208.0,208.31,208.61,209.2,209.81,209.81,210.61,207.31,207.31,206.5,207.0,207.0,207.61,208.7,209.4,209.4,210.0,210.61,206.81,206.31,205.61,206.11,207.0,207.61,208.7,208.7,209.4,210.0,210.61,206.81,206.31,205.61,206.11,206.0,206.0,207.0,208.61,210.0,210.81,211.0,205.5,205.11,205.11,205.11,205.11,205.31,206.2,208.81,210.11,211.9,211.61,205.2,204.81,204.39999999999998,204.39999999999998,204.0,205.4,207.5,209.11,211.2,213.4,213.4,205.81,205.31,205.31,204.11,203.81,205.9,208.61,209.7,209.7,212.5,214.61
2021-07-25 02:00:00,259.8,262.21,265.3,267.8,269.61,273.6,278.39,278.39,278.39,276.1,269.9,259.8,262.21,265.3,267.8,269.61,272.8,272.8,276.6,275.1,271.21,267.61,258.61,261.61,265.11,267.21,269.61,269.61,271.4,272.61,271.71,267.71,261.5,257.8,261.21,264.71,266.3,266.3,267.8,269.5,269.11,268.11,263.4,263.4,256.11,260.4,260.4,264.3,263.9,263.11,266.21,267.11,264.3,264.3,259.9,255.31,255.31,259.4,261.61,260.8,260.3,262.5,264.71,264.71,262.11,257.0,254.81,255.11,256.71,258.21,260.8,260.3,262.5,262.5,264.71,262.11,257.0,254.81,255.11,256.71,258.21,258.3,258.3,258.71,259.61,260.4,260.0,257.61,254.7,254.0,253.9,255.4,255.4,256.11,256.9,257.5,256.9,258.4,259.61,254.2,253.31,254.0,254.0,254.0,254.61,257.0,258.0,256.5,258.8,258.8,253.61,253.0,253.0,254.7,253.9,254.0,257.5,259.0,259.0,259.0,259.9
2021-08-05 09:00:00,291.5,291.2,291.29,291.1,291.1,291.0,291.0,291.0,291.1,291.1,290.89,291.5,291.2,291.29,291.1,291.1,291.0,291.0,291.0,291.1,291.2,291.0,291.39,291.5,291.5,291.1,291.0,291.0,291.1,290.89,290.89,291.1,291.1,291.6,291.5,291.7,291.1,291.1,290.89,291.29,291.1,291.0,290.89,290.89,291.1,291.2,291.2,291.29,291.1,290.79,290.79,290.79,291.0,291.0,291.2,290.89,290.89,291.0,291.1,291.2,290.79,290.5,290.79,290.79,291.39,291.29,290.89,290.7,290.79,290.79,291.2,290.79,290.5,290.5,290.79,291.39,291.29,290.89,290.7,290.79,290.79,290.89,290.89,290.79,290.5,291.0,291.2,291.2,291.1,290.89,290.7,290.89,290.89,290.79,290.79,290.89,291.1,291.2,291.5,291.2,291.1,291.0,291.0,290.89,291.0,291.1,291.0,291.0,291.1,291.1,291.7,291.39,291.39,291.5,291.5,291.29,291.29,291.2,291.2,291.39,291.29
2021-08-28 01:00:00,236.9,237.4,243.4,252.7,257.61,267.8,262.8,262.8,262.61,263.9,265.4,236.9,237.4,243.4,252.7,257.61,257.9,257.9,252.81,255.31,256.5,256.9,236.2,236.9,239.11,243.9,247.4,247.4,246.2,244.81,244.4,246.7,252.81,235.2,235.7,234.2,234.9,234.9,235.7,235.7,234.5,234.0,237.2,237.2,231.61,231.61,231.61,230.11,229.81,229.31,229.0,228.5,228.4,228.4,231.2,228.31,228.31,226.9,225.31,225.81,226.11,225.11,226.0,226.0,226.11,227.2,229.9,226.0,225.0,224.2,225.81,226.11,225.11,225.11,226.0,226.11,227.2,229.9,226.0,225.0,224.2,223.9,223.9,223.31,222.61,223.5,224.7,226.61,227.81,224.81,224.2,223.7,223.7,222.9,221.7,221.2,222.5,223.7,225.81,225.7,224.4,223.31,223.31,222.31,221.7,220.81,221.31,222.9,223.11,223.11,224.0,223.11,223.11,222.7,220.61,220.4,220.9,221.7,221.7,222.31,223.31
2021-06-23 11:00:00,289.1,288.1,286.1,284.39,284.6,287.0,286.29,286.29,283.2,278.39,274.89,289.1,288.1,286.1,284.39,284.6,283.89,283.89,284.0,282.29,280.29,280.79,289.1,287.7,284.7,281.79,280.29,280.29,279.29,281.39,282.5,284.7,286.1,288.6,287.39,284.89,280.5,280.5,277.29,277.39,278.6,284.1,288.89,288.89,288.39,284.79,284.79,281.89,280.29,280.0,281.6,283.29,285.89,285.89,288.0,286.39,286.39,282.7,280.5,280.6,282.2,286.5,288.0,288.0,287.0,286.6,288.6,284.0,284.6,283.6,280.6,282.2,286.5,286.5,288.0,287.0,286.6,288.6,284.0,284.6,283.6,281.6,281.6,284.89,287.39,288.29,288.39,288.29,287.6,286.2,286.5,285.29,285.29,284.79,286.1,288.2,289.0,289.7,289.79,287.39,287.39,287.1,287.1,286.6,286.6,287.79,288.7,289.2,289.89,289.89,288.2,288.6,288.6,288.39,288.2,288.39,288.79,288.89,288.89,289.1,289.5
2021-08-05 05:00:00,292.0,291.5,291.6,291.79,292.1,292.79,292.79,292.79,293.29,293.29,292.89,292.0,291.5,291.6,291.79,292.1,292.29,292.29,292.6,293.39,293.6,293.5,291.39,291.5,291.39,291.5,292.5,292.5,292.39,292.7,293.2,293.39,293.39,291.0,291.29,291.39,291.39,291.39,292.5,292.79,293.1,292.79,293.39,293.39,291.1,291.89,291.89,291.89,292.0,292.1,292.6,292.89,293.29,293.29,293.39,291.39,291.39,292.39,292.39,292.39,292.1,292.2,292.79,292.79,293.39,293.29,290.6,291.1,292.0,292.29,292.39,292.1,292.2,292.2,292.79,293.39,293.29,290.6,291.1,292.0,292.29,292.79,292.79,293.0,292.89,293.1,293.2,292.89,290.89,291.2,291.89,292.2,292.2,293.29,293.7,293.6,293.5,292.89,293.1,291.29,291.29,292.2,292.2,292.79,293.7,293.7,293.7,293.39,293.1,293.1,291.79,292.2,292.2,292.7,293.1,293.89,293.79,293.39,293.39,293.29,293.2
2021-06-08 04:00:00,243.5,252.4,255.11,262.3,264.61,271.9,268.11,268.11,262.4,257.5,256.11,243.5,252.4,255.11,262.3,264.61,261.8,261.8,257.5,254.5,254.81,252.11,242.31,245.81,246.4,250.11,252.31,252.31,250.9,249.31,247.4,245.9,245.4,242.7,241.2,240.11,238.9,238.9,239.81,241.0,240.5,240.5,239.5,239.5,243.11,238.2,238.2,236.11,234.81,234.9,236.31,235.2,234.5,234.5,236.0,243.61,243.61,235.61,232.81,234.0,234.61,235.31,233.7,233.7,231.81,233.81,247.7,243.81,238.4,235.2,234.0,234.61,235.31,235.31,233.7,231.81,233.81,247.7,243.81,238.4,235.2,235.11,235.11,234.11,235.4,235.7,233.9,233.81,246.61,244.81,242.5,241.11,241.11,237.2,234.5,237.31,239.2,238.4,236.7,248.9,245.31,245.5,245.5,243.7,240.5,237.9,239.2,240.9,241.61,241.61,249.9,247.0,247.0,246.31,244.81,242.81,240.0,240.11,240.11,243.11,244.2
2021-06-22 01:00:00,295.0,294.0,293.29,293.1,293.1,294.39,294.29,294.29,294.6,294.29,293.79,295.0,294.0,293.29,293.1,293.1,293.29,293.29,293.5,294.0,293.6,293.1,294.7,293.79,292.0,291.0,290.89,290.89,291.5,292.89,293.39,293.29,292.39,293.89,293.0,291.6,289.6,289.6,289.5,291.1,292.5,293.0,292.79,292.79,291.6,290.0,290.0,289.29,288.29,291.2,293.5,292.89,292.0,292.0,291.39,290.0,290.0,288.6,283.5,288.1,295.1,294.5,292.89,292.89,290.7,290.0,288.0,289.89,290.0,286.39,288.1,295.1,294.5,294.5,292.89,290.7,290.0,288.0,289.89,290.0,286.39,289.2,289.2,292.0,292.79,292.0,290.5,290.39,287.0,292.7,291.29,290.2,290.2,290.29,290.39,290.5,290.2,290.7,290.89,290.1,291.1,291.89,291.89,292.0,292.5,291.89,290.79,290.5,290.39,290.39,292.39,291.89,291.89,292.1,293.29,294.2,293.1,291.5,291.5,290.6,290.0
2021-07-19 01:00:00,291.5,291.7,291.29,291.0,291.29,291.1,290.6,290.6,291.39,290.89,290.79,291.5,291.7,291.29,291.0,291.29,290.89,290.89,290.5,290.79,290.89,290.89,291.29,291.0,291.29,291.1,291.5,291.5,291.1,290.89,290.39,290.29,290.6,291.29,290.39,290.2,291.5,291.5,291.39,291.39,290.89,290.29,289.5,289.5,291.39,290.7,290.7,290.29,291.1,291.29,291.1,290.5,290.2,290.2,290.2,290.89,290.89,291.0,290.7,290.39,290.79,290.7,290.0,290.0,290.1,290.6,291.1,290.7,290.79,290.39,290.39,290.79,290.7,290.7,290.0,290.1,290.6,291.1,290.7,290.79,290.39,290.29,290.29,290.79,290.6,290.2,290.29,290.1,291.29,290.6,290.1,290.29,290.29,290.2,290.39,290.6,290.89,290.1,290.29,291.0,290.6,290.2,290.2,290.1,290.2,290.39,290.79,290.6,290.29,290.29,290.5,290.5,290.5,290.29,289.89,290.1,290.79,290.79,290.79,290.6,290.29
2021-06-02 06:00:00,285.1,284.1,284.2,285.2,285.39,285.2,285.39,285.39,285.2,284.7,284.89,285.1,284.1,284.2,285.2,285.39,285.0,285.0,284.89,284.39,284.0,284.39,284.0,284.0,284.7,284.89,284.5,284.5,284.29,283.89,283.5,283.0,284.2,281.89,282.1,283.1,283.6,283.6,282.5,283.0,282.5,282.39,282.89,282.89,277.1,277.7,277.7,279.0,279.6,279.6,280.39,281.29,281.79,281.79,281.29,271.61,271.61,272.3,273.29,274.79,276.2,277.6,279.0,279.0,280.79,280.89,264.9,265.71,266.4,267.11,274.79,276.2,277.6,277.6,279.0,280.79,280.89,264.9,265.71,266.4,267.11,269.61,269.61,272.4,274.79,277.2,279.1,279.79,259.8,259.71,261.4,263.0,263.0,265.3,267.9,272.0,275.39,276.79,278.1,258.3,260.4,259.71,259.71,260.71,264.71,267.4,269.5,272.3,274.6,274.6,258.5,260.21,260.21,260.9,263.0,265.21,265.8,267.71,267.71,269.8,271.71
2021-06-17 11:00:00,270.71,269.71,269.9,270.0,270.61,271.11,270.71,270.71,269.3,268.21,269.21,270.71,269.71,269.9,270.0,270.61,270.61,270.61,270.4,270.5,269.5,270.0,268.21,267.9,268.5,267.4,268.11,268.11,269.9,270.21,270.8,271.11,271.5,267.8,265.4,265.71,264.9,264.9,264.9,268.11,269.11,270.11,271.3,271.3,263.11,261.8,261.8,261.8,261.71,263.5,263.21,266.11,267.9,267.9,269.8,257.8,257.8,257.4,258.0,258.8,259.9,259.5,260.9,260.9,265.8,267.61,254.2,253.7,253.61,253.9,258.8,259.9,259.5,259.5,260.9,265.8,267.61,254.2,253.7,253.61,253.9,255.81,255.81,256.11,256.4,258.3,262.21,264.5,251.2,251.2,250.61,251.7,251.7,253.2,253.4,254.4,256.8,259.9,260.3,251.7,251.0,251.0,251.0,251.2,251.9,252.11,253.0,255.11,258.8,258.8,252.5,252.5,252.5,252.11,251.4,251.4,251.11,251.81,251.81,254.0,258.3
2021-07-06 10:00:00,239.61,239.2,240.0,241.81,242.0,241.4,241.9,241.9,242.81,242.5,241.2,239.61,239.2,240.0,241.81,242.0,240.9,240.9,242.0,244.2,244.81,244.9,240.5,240.0,240.31,242.0,242.0,242.0,240.7,241.2,245.81,246.2,246.9,241.61,240.4,241.2,241.81,241.81,241.31,240.5,242.11,246.61,247.4,247.4,242.11,241.31,241.31,241.81,241.5,241.61,240.9,242.5,246.81,246.81,248.0,241.5,241.5,242.11,242.9,241.7,241.81,241.9,243.2,243.2,246.7,247.9,241.7,241.9,241.7,243.0,241.7,241.81,241.9,241.9,243.2,246.7,247.9,241.7,241.9,241.7,243.0,242.5,242.5,242.4,242.5,243.7,247.11,247.9,241.61,241.31,241.4,242.5,242.5,242.9,243.4,243.0,245.11,248.31,247.5,241.31,239.9,241.11,241.11,242.31,242.31,243.11,244.11,249.4,249.7,249.7,240.9,239.9,239.9,240.2,240.7,241.5,243.31,245.5,245.5,251.11,251.4
2021-07-11 01:00:00,240.5,242.81,245.5,248.11,247.61,249.0,246.2,246.2,245.9,245.5,245.11,240.5,242.81,245.5,248.11,247.61,244.11,244.11,244.5,244.5,243.81,244.9,240.2,242.7,244.61,248.7,247.2,247.2,243.4,244.2,243.81,244.7,244.11,240.0,241.9,246.81,248.2,248.2,247.9,246.31,244.5,244.7,244.9,244.9,239.9,241.81,241.81,244.4,248.5,255.9,254.5,249.31,247.4,247.4,245.9,242.11,242.11,242.9,243.4,250.81,261.8,261.4,256.61,256.61,250.4,246.9,244.9,245.61,246.31,246.5,250.81,261.8,261.4,261.4,256.61,250.4,246.9,244.9,245.61,246.31,246.5,255.31,255.31,261.5,260.5,259.3,254.5,252.5,245.9,248.4,248.81,251.81,251.81,258.5,258.21,258.5,258.11,257.8,257.21,245.11,247.4,251.0,251.0,253.81,256.11,255.2,256.71,256.4,256.3,256.3,243.31,247.2,247.2,251.9,252.11,251.4,251.31,253.2,253.2,251.31,253.2
2021-07-17 23:00:00,289.5,289.6,289.79,290.0,290.0,290.1,290.1,290.1,290.1,290.1,290.2,289.5,289.6,289.79,290.0,290.0,289.79,289.79,289.79,289.89,289.79,290.1,289.39,289.6,289.79,289.89,289.79,289.79,289.79,289.5,289.79,289.7,289.7,289.6,289.6,289.7,289.89,289.89,289.6,289.5,289.79,289.5,289.29,289.29,289.6,289.7,289.7,289.7,289.89,289.7,289.5,289.29,289.6,289.6,289.6,289.79,289.79,289.7,289.6,289.79,289.5,289.39,289.29,289.29,289.6,290.0,289.79,289.7,289.89,289.79,289.79,289.5,289.39,289.39,289.29,289.6,290.0,289.79,289.7,289.89,289.79,289.5,289.5,289.6,289.39,289.29,289.89,290.1,289.79,290.0,290.0,289.79,289.79,289.5,289.5,289.39,290.0,290.0,290.1,289.89,290.0,289.89,289.89,289.7,289.79,289.79,290.0,290.1,290.2,290.2,289.89,289.89,289.89,289.6,289.5,289.79,290.2,290.2,290.2,290.2,290.0
2021-06-13 05:00:00,261.0,261.71,262.4,258.9,257.0,258.8,254.4,254.4,253.11,245.61,237.5,261.0,261.71,262.4,258.9,257.0,251.0,251.0,248.0,248.61,247.5,239.81,260.21,259.3,252.7,248.5,248.61,248.61,245.5,243.0,243.0,252.61,254.2,262.21,256.71,244.2,237.4,237.4,245.0,242.31,241.61,244.2,254.2,254.2,267.61,256.0,256.0,243.31,237.9,243.9,248.11,248.9,255.81,255.81,265.9,269.71,269.71,258.0,246.9,242.81,248.0,255.81,263.0,263.0,269.5,276.0,283.6,270.4,254.5,251.81,242.81,248.0,255.81,255.81,263.0,269.5,276.0,283.6,270.4,254.5,251.81,249.81,249.81,252.0,265.61,276.7,278.79,283.1,284.29,263.61,253.7,255.0,255.0,256.0,265.5,273.79,280.0,285.79,288.7,279.39,260.4,251.0,251.0,254.9,261.71,272.8,277.29,281.7,285.1,285.1,271.3,253.9,253.9,250.4,256.4,266.9,274.0,278.5,278.5,281.5,280.5
2021-07-01 04:00:00,294.39,294.6,294.7,294.79,295.0,294.89,294.7,294.7,294.39,294.1,293.29,294.39,294.6,294.7,294.79,295.0,294.29,294.29,294.2,294.29,293.7,292.79,294.2,294.5,294.39,294.79,294.5,294.5,294.1,294.2,293.89,293.29,292.2,294.29,294.39,294.5,294.7,294.7,294.29,294.2,294.0,293.79,292.79,292.79,294.79,294.6,294.6,294.6,294.5,294.2,293.89,293.79,293.2,293.2,292.2,294.89,294.89,294.79,294.6,294.29,293.89,293.7,293.39,293.39,292.39,291.2,294.5,294.29,294.5,294.39,294.29,293.89,293.7,293.7,293.39,292.39,291.2,294.5,294.29,294.5,294.39,294.29,294.29,293.89,293.39,292.6,291.6,290.7,295.0,294.39,294.29,294.2,294.2,294.39,294.0,293.2,291.89,291.0,290.79,295.5,294.89,294.6,294.6,294.5,294.29,293.5,292.29,291.29,290.89,290.89,296.0,295.29,295.29,295.0,294.6,294.2,292.7,291.5,291.5,291.1,290.89
2021-07-27 00:00:00,224.7,225.7,225.11,225.61,225.4,222.81,222.81,222.81,223.81,223.11,222.81,224.7,225.7,225.11,225.61,225.4,225.7,225.7,226.31,227.2,226.4,225.4,230.5,228.5,228.31,228.0,228.0,228.0,229.11,229.4,230.11,229.2,230.0,233.61,232.2,230.4,230.61,230.61,231.7,231.81,231.61,232.11,231.9,231.9,233.5,232.81,232.81,232.2,232.31,232.2,232.2,231.9,232.2,232.2,233.61,232.4,232.4,231.61,232.61,233.11,232.11,231.31,230.7,230.7,230.2,233.11,230.2,228.9,228.81,231.81,233.11,232.11,231.31,231.31,230.7,230.2,233.11,230.2,228.9,228.81,231.81,232.7,232.7,231.4,232.31,231.31,228.31,228.61,227.0,225.7,225.9,227.81,227.81,231.61,231.11,232.2,232.0,226.61,223.61,224.5,223.81,224.4,224.4,224.9,228.61,231.81,229.11,226.31,225.81,225.81,222.7,223.2,223.2,222.7,224.2,226.4,226.5,225.61,225.61,223.81,224.0
2021-07-28 01:00:00,219.7,218.81,218.7,220.4,220.7,220.5,221.0,221.0,221.31,220.7,221.11,219.7,218.81,218.7,220.4,220.7,220.9,220.9,221.9,222.4,222.2,222.31,221.61,220.7,220.61,220.2,220.31,220.31,221.2,222.5,223.7,223.81,224.4,223.81,222.7,222.31,220.5,220.5,220.31,221.7,223.2,224.2,225.81,225.81,224.81,223.5,223.5,223.11,222.31,222.9,223.5,224.0,224.7,224.7,224.81,225.9,225.9,223.9,224.0,224.4,224.9,225.0,224.4,224.4,224.4,224.7,227.2,225.81,225.11,225.4,224.4,224.9,225.0,225.0,224.4,224.4,224.7,227.2,225.81,225.11,225.4,225.7,225.7,225.61,225.4,224.9,224.2,223.31,226.11,225.5,225.81,226.61,226.61,226.11,225.81,224.9,224.31,223.5,222.11,225.5,225.11,225.31,225.31,226.11,225.5,224.4,223.61,222.5,222.5,222.5,224.61,224.31,224.31,224.4,224.5,224.2,222.7,222.0,222.0,221.7,221.61
2021-07-28 02:00:00,218.5,219.11,224.31,225.9,224.81,226.31,226.4,226.4,227.5,227.81,228.9,218.5,219.11,224.31,225.9,224.81,225.0,225.0,226.4,227.9,228.0,229.2,219.4,220.7,224.81,224.7,224.11,224.11,224.5,225.9,228.0,228.9,229.11,221.5,222.4,222.0,224.0,224.0,224.5,224.2,226.11,228.81,229.4,229.4,221.0,221.7,221.7,220.9,223.81,223.61,222.7,226.7,230.81,230.81,231.11,219.61,219.61,220.2,221.31,223.81,221.31,222.4,229.11,229.11,232.4,231.61,219.61,219.31,219.2,221.2,223.81,221.31,222.4,222.4,229.11,232.4,231.61,219.61,219.31,219.2,221.2,221.7,221.7,222.0,226.4,232.11,232.4,231.2,219.61,218.7,219.5,219.81,219.81,220.31,223.9,230.0,233.11,231.61,229.0,221.11,221.11,220.9,220.9,219.2,221.61,225.2,228.81,230.2,229.5,229.5,223.4,222.9,222.9,221.4,220.9,222.4,225.11,226.11,226.11,226.61,226.4
2021-08-29 10:00:00,253.11,254.7,255.9,258.3,260.21,261.71,261.61,261.61,261.11,261.5,262.21,253.11,254.7,255.9,258.3,260.21,259.8,259.8,259.4,260.11,262.0,263.11,249.31,251.2,253.0,255.5,256.21,256.21,256.11,257.0,259.8,261.61,262.4,243.11,247.4,250.7,251.4,251.4,250.7,251.0,256.3,258.5,259.4,259.4,237.81,242.0,242.0,245.0,246.0,245.7,246.81,251.61,254.7,254.7,257.21,232.2,232.2,236.31,237.5,239.4,241.5,241.9,244.4,244.4,249.11,254.31,226.4,229.11,229.81,230.0,239.4,241.5,241.9,241.9,244.4,249.11,254.31,226.4,229.11,229.81,230.0,233.4,233.4,236.5,238.11,239.31,243.4,249.2,226.31,226.61,224.0,225.0,225.0,227.7,231.7,235.31,235.61,238.81,243.7,230.2,227.4,223.31,223.31,222.9,224.4,229.11,233.5,234.5,237.0,237.0,235.31,230.4,230.4,225.61,221.61,223.81,227.7,232.31,232.31,235.61,236.2
2021-08-30 09:00:00,205.2,204.11,205.7,204.9,205.5,216.81,213.31,213.31,210.0,210.9,212.9,205.2,204.11,205.7,204.9,205.5,210.81,210.81,209.81,208.61,209.9,210.4,203.0,201.89999999999998,201.7,202.5,203.11,203.11,205.11,205.2,205.5,209.2,211.31,201.81,200.0,199.81,200.5,200.5,200.5,200.7,201.11,202.89999999999998,207.11,207.11,201.5,200.31,200.31,201.31,200.81,200.81,200.89999999999998,201.61,201.89999999999998,201.89999999999998,204.81,203.11,203.11,202.2,202.7,202.89999999999998,202.39999999999998,203.61,203.39999999999998,203.39999999999998,202.61,202.61,205.31,206.2,205.4,204.7,202.89999999999998,202.39999999999998,203.61,203.61,203.39999999999998,202.61,202.61,205.31,206.2,205.4,204.7,205.2,205.2,205.0,204.39999999999998,203.81,203.61,204.0,205.5,206.9,205.9,204.11,204.11,205.7,204.81,203.7,203.0,204.0,206.81,198.89999999999998,198.61,198.81,198.81,199.2,199.31,199.89999999999998,200.7,201.89999999999998,202.89999999999998,202.89999999999998,191.39999999999998,189.5,189.5,191.31,191.0,193.11,193.81,197.7,197.7,200.31,202.81
2021-06-18 03:00:00,264.3,264.21,263.0,262.0,262.21,261.71,261.8,261.8,260.5,260.5,261.3,264.3,264.21,263.0,262.0,262.21,261.8,261.8,261.8,260.8,260.0,260.9,263.0,262.8,261.8,261.21,262.11,262.11,262.4,260.71,260.5,261.61,261.11,262.11,261.4,260.61,260.5,260.5,261.21,262.11,260.71,260.11,262.3,262.3,261.11,260.9,260.9,260.5,260.21,260.11,260.9,260.8,260.61,260.61,262.11,260.4,260.4,260.9,260.5,260.21,259.8,259.61,260.11,260.11,260.9,262.21,259.9,259.9,260.4,260.11,260.21,259.8,259.61,259.61,260.11,260.9,262.21,259.9,259.9,260.4,260.11,260.3,260.3,260.3,259.61,259.4,261.11,261.8,259.8,259.8,260.11,260.11,260.11,260.21,260.3,259.8,259.61,261.0,261.0,259.8,259.8,260.8,260.8,260.61,259.61,259.3,259.61,259.8,260.3,260.3,259.9,260.3,260.3,261.5,260.3,258.8,259.11,259.21,259.21,258.8,259.61
2021-07-10 04:00:00,295.5,295.29,295.2,295.0,295.1,294.89,294.39,294.39,294.0,293.7,293.29,295.5,295.29,295.2,295.0,295.1,294.7,294.7,294.29,293.89,293.6,293.0,295.2,295.1,294.79,295.0,295.0,295.0,294.5,294.1,293.89,293.6,293.2,294.6,295.1,294.89,295.0,295.0,294.5,294.39,294.1,293.7,293.89,293.89,294.7,295.1,295.1,295.0,295.0,294.79,294.39,294.1,293.79,293.79,293.39,295.0,295.0,295.1,294.79,295.1,294.7,294.29,294.2,294.2,293.5,292.89,294.6,294.79,295.0,295.0,295.1,294.7,294.29,294.29,294.2,293.5,292.89,294.6,294.79,295.0,295.0,295.1,295.1,294.6,294.29,293.79,293.2,292.79,294.7,294.79,295.0,295.0,295.0,295.2,294.79,294.2,293.2,293.0,292.89,294.7,294.89,294.89,294.89,295.0,295.0,294.7,293.7,293.2,292.89,292.89,294.79,294.79,294.79,294.79,294.89,294.7,293.89,293.29,293.29,293.0,292.79
2021-08-17 01:00:00,278.0,280.0,280.1,280.1,278.39,280.6,282.6,282.6,280.2,277.39,282.1,278.0,280.0,280.1,280.1,278.39,278.6,278.6,281.29,280.7,277.29,281.5,277.7,278.79,279.1,279.0,279.7,279.7,276.39,278.2,280.5,282.0,282.1,277.29,275.39,278.39,277.79,277.79,279.2,276.0,276.7,281.2,282.89,282.89,278.89,274.6,274.6,272.5,276.5,280.5,279.79,276.5,280.7,280.7,285.0,278.2,278.2,274.6,267.61,275.0,282.79,282.2,281.79,281.79,280.2,284.1,276.0,275.0,276.0,271.11,275.0,282.79,282.2,282.2,281.79,280.2,284.1,276.0,275.0,276.0,271.11,273.6,273.6,282.39,283.89,284.1,282.1,284.7,273.6,274.39,277.79,276.2,276.2,274.79,280.79,285.79,285.79,284.29,285.29,275.5,276.0,278.79,278.79,279.89,278.79,282.1,286.5,286.39,285.39,285.39,278.2,276.7,276.7,280.5,282.6,282.6,284.1,285.2,285.2,286.29,285.6
2021-06-12 06:00:00,279.89,276.39,274.2,268.8,268.5,262.21,261.8,261.8,262.5,266.21,270.61,279.89,276.39,274.2,268.8,268.5,266.0,266.0,263.11,263.4,268.11,270.11,279.89,273.79,269.0,267.8,266.9,266.9,267.0,266.71,265.5,269.21,270.61,277.0,273.0,268.5,267.71,267.71,266.61,268.5,266.8,267.4,268.5,268.5,272.61,270.8,270.8,270.11,267.0,266.9,270.3,266.3,266.61,266.61,265.9,270.21,270.21,269.5,265.9,264.71,269.9,269.5,262.4,262.4,264.0,261.9,269.4,269.11,263.9,260.11,264.71,269.9,269.5,269.5,262.4,264.0,261.9,269.4,269.11,263.9,260.11,264.5,264.5,267.21,267.21,257.61,258.9,258.3,264.8,264.3,257.3,254.61,254.61,263.3,264.8,262.21,253.0,253.31,253.81,255.61,255.81,248.2,248.2,253.5,260.61,254.2,255.7,254.0,247.7,247.7,249.31,245.61,245.61,242.61,252.61,255.4,247.9,249.5,249.5,248.61,245.9
2021-07-06 05:00:00,219.81,215.7,213.31,213.7,212.5,211.11,212.5,212.5,212.31,211.61,213.9,219.81,215.7,213.31,213.7,212.5,212.2,212.2,212.9,214.0,215.5,215.9,220.31,216.31,215.0,215.31,214.5,214.5,213.61,214.2,215.11,218.61,220.11,221.61,217.81,217.11,217.5,217.5,216.0,215.11,216.31,216.5,219.11,219.11,224.81,220.7,220.7,219.31,219.81,218.31,217.81,218.61,218.2,218.2,220.31,227.7,227.7,224.2,223.2,221.7,220.0,221.0,221.2,221.2,220.5,222.9,233.4,230.9,229.4,226.7,221.7,220.0,221.0,221.0,221.2,220.5,222.9,233.4,230.9,229.4,226.7,223.7,223.7,222.7,223.31,223.4,223.5,225.4,233.9,232.81,232.4,230.11,230.11,225.5,225.11,225.4,225.61,226.7,227.11,233.61,231.61,230.9,230.9,229.81,228.5,228.2,228.81,228.4,228.81,228.81,233.2,230.7,230.7,229.11,229.61,231.11,232.61,232.2,232.2,230.81,231.61
2021-07-14 01:00:00,287.39,286.29,285.29,285.29,285.5,282.6,278.79,278.79,276.7,277.29,278.5,287.39,286.29,285.29,285.29,285.5,283.6,283.6,277.0,273.0,278.2,279.1,286.89,286.39,285.29,284.6,284.29,284.29,282.2,277.29,270.61,273.7,280.6,286.79,286.39,285.79,283.89,283.89,283.5,282.2,273.89,270.11,274.39,274.39,286.5,286.2,286.2,287.5,283.7,279.1,282.2,278.2,272.61,272.61,273.79,287.1,287.1,286.29,285.1,282.5,281.1,281.6,280.2,280.2,277.39,275.5,286.89,287.2,285.39,283.39,282.5,281.1,281.6,281.6,280.2,277.39,275.5,286.89,287.2,285.39,283.39,282.2,282.2,281.6,282.2,281.39,280.5,279.0,286.89,286.6,284.6,282.1,282.1,282.5,282.6,283.6,284.5,283.7,282.1,287.0,286.2,285.0,285.0,282.2,283.79,285.0,286.0,286.39,284.39,284.39,286.79,286.7,286.7,285.2,284.29,284.89,285.89,287.89,287.89,287.6,284.79
2021-06-12 05:00:00,291.6,288.79,283.39,275.5,266.3,266.5,276.2,276.2,272.3,264.11,265.61,291.6,288.79,283.39,275.5,266.3,269.61,269.61,276.0,272.8,264.11,262.8,290.79,287.89,285.2,276.6,269.9,269.9,271.61,276.6,270.5,262.9,265.3,288.2,288.7,284.1,279.0,279.0,277.29,272.61,275.1,268.4,263.0,263.0,290.0,286.7,286.7,285.0,284.89,278.89,275.39,275.5,267.71,267.71,266.71,288.29,288.29,286.29,287.79,289.2,282.1,278.39,275.0,275.0,269.21,269.5,287.89,288.0,286.7,288.39,289.2,282.1,278.39,278.39,275.0,269.21,269.5,287.89,288.0,286.7,288.39,290.79,290.79,286.2,282.2,276.0,271.0,270.3,285.79,287.2,286.6,288.0,288.0,290.2,288.29,284.6,278.29,273.2,270.4,285.1,285.2,285.39,285.39,285.89,286.5,286.1,284.79,279.7,275.89,275.89,284.1,284.1,284.1,283.79,282.29,282.0,281.89,282.39,282.39,281.29,278.0
2021-06-13 09:00:00,260.21,253.2,249.11,247.11,244.5,244.7,243.7,243.7,247.7,252.11,248.2,260.21,253.2,249.11,247.11,244.5,250.5,250.5,253.31,253.0,253.2,250.0,256.21,250.31,246.9,244.81,250.9,250.9,264.21,264.61,259.21,253.11,249.31,257.21,247.2,240.2,243.61,243.61,259.9,272.8,271.61,262.4,253.11,253.11,255.31,244.81,244.81,236.4,243.61,259.61,268.3,268.71,262.0,262.0,252.9,255.81,255.81,239.61,232.11,244.11,252.61,260.21,261.71,261.71,258.8,253.5,244.61,249.81,236.31,233.11,244.11,252.61,260.21,260.21,261.71,258.8,253.5,244.61,249.81,236.31,233.11,239.61,239.61,247.2,252.7,253.2,252.31,249.61,242.7,245.5,236.61,233.9,233.9,236.11,240.9,244.2,245.0,244.7,244.7,245.7,241.9,239.11,239.11,236.4,236.0,238.2,239.9,238.9,241.61,241.61,249.9,243.0,243.0,240.5,239.5,237.9,236.31,237.81,237.81,239.31,240.81
2021-07-06 22:00:00,207.31,209.5,210.0,210.4,209.5,207.7,206.31,206.31,204.31,204.7,205.7,207.31,209.5,210.0,210.4,209.5,208.61,208.61,206.81,205.0,204.7,205.7,208.7,210.2,210.4,210.2,210.81,210.81,209.61,207.5,205.9,205.7,206.4,209.11,210.7,210.9,210.4,210.4,211.31,210.7,209.7,206.81,206.11,206.11,209.11,210.5,210.5,211.2,211.81,212.5,212.31,210.61,208.31,208.31,207.31,209.7,209.7,210.2,211.81,213.31,214.2,213.2,211.11,211.11,209.7,208.9,209.31,209.7,211.2,212.61,213.31,214.2,213.2,213.2,211.11,209.7,208.9,209.31,209.7,211.2,212.61,214.5,214.5,214.9,213.61,211.7,210.81,209.81,210.0,210.0,212.2,213.9,213.9,215.31,214.81,213.9,211.5,211.31,211.31,211.31,211.5,212.9,212.9,213.9,215.5,214.31,212.9,212.4,211.5,211.5,212.5,212.81,212.81,213.7,213.81,215.11,213.5,211.61,211.61,211.31,211.2
2021-08-02 09:00:00,293.89,294.2,294.7,295.2,295.7,296.0,295.7,295.7,295.5,295.2,294.7,293.89,294.2,294.7,295.2,295.7,295.6,295.6,295.2,294.89,295.0,294.7,293.2,293.39,293.6,294.1,294.7,294.7,294.6,294.6,294.29,294.39,294.39,292.6,292.79,292.79,293.29,293.29,293.6,293.7,293.89,293.7,293.89,293.89,292.6,292.5,292.5,292.5,292.89,293.6,293.5,293.5,293.79,293.79,293.7,292.39,292.39,292.39,292.5,292.89,293.39,293.5,293.5,293.5,293.7,293.5,292.39,292.39,292.5,292.79,292.89,293.39,293.5,293.5,293.5,293.7,293.5,292.39,292.39,292.5,292.79,292.89,292.89,293.2,293.6,293.6,293.6,293.5,292.2,292.6,292.5,293.0,293.0,293.0,293.2,293.5,293.7,293.5,293.5,292.2,292.5,292.7,292.7,292.89,293.2,293.6,293.39,293.39,293.6,293.6,292.1,292.39,292.39,292.5,292.89,293.29,293.2,293.1,293.1,293.39,293.6
2021-06-16 03:00:00,282.79,273.6,270.9,279.6,286.89,287.39,287.7,287.7,287.79,287.89,288.2,282.79,273.6,270.9,279.6,286.89,288.0,288.0,287.79,287.79,288.1,288.39,282.1,274.89,270.71,273.0,284.79,284.79,288.2,288.2,287.7,287.7,288.0,283.29,277.7,272.8,268.9,268.9,280.5,288.0,288.0,287.6,287.2,287.2,285.1,279.79,279.79,272.5,273.5,283.0,285.0,286.2,287.5,287.5,288.1,285.39,285.39,281.79,279.79,280.29,281.5,282.39,285.39,285.39,287.39,288.1,287.6,286.2,284.6,283.89,280.29,281.5,282.39,282.39,285.39,287.39,288.1,287.6,286.2,284.6,283.89,283.7,283.7,282.1,279.39,284.2,287.2,287.39,287.6,287.1,286.79,286.29,286.29,285.7,281.6,276.2,283.2,286.7,286.39,287.1,288.2,289.0,289.0,288.0,283.7,274.2,270.9,282.5,286.2,286.2,286.89,288.0,288.0,289.29,289.7,280.0,262.4,267.61,267.61,282.29,285.5
2021-06-19 03:00:00,297.7,297.29,297.0,296.29,295.7,294.29,294.1,294.1,293.39,292.89,291.89,297.7,297.29,297.0,296.29,295.7,295.1,295.1,294.7,294.1,292.89,291.89,297.2,297.1,296.89,296.0,295.39,295.39,294.7,294.39,294.39,294.6,293.2,296.39,296.7,296.5,295.79,295.79,295.0,294.29,294.89,294.7,294.89,294.89,295.79,295.7,295.7,295.89,295.79,295.39,295.39,294.79,294.6,294.6,294.29,294.89,294.89,295.29,295.39,295.79,296.1,295.89,295.0,295.0,294.0,292.6,294.39,295.0,295.5,295.7,295.79,296.1,295.89,295.89,295.0,294.0,292.6,294.39,295.0,295.5,295.7,295.7,295.7,296.0,295.79,294.5,293.0,291.89,294.5,295.89,296.2,295.7,295.7,295.6,296.2,294.89,293.2,292.0,291.39,295.89,297.29,296.7,296.7,295.89,295.89,295.0,293.6,292.39,292.0,292.0,297.2,297.1,297.1,296.89,296.29,295.5,293.6,292.0,292.0,292.0,291.79
2021-08-16 04:00:00,250.11,251.5,248.9,244.81,243.31,248.11,244.81,244.81,243.2,245.9,254.11,250.11,251.5,248.9,244.81,243.31,251.81,251.81,248.61,244.31,241.4,246.81,246.0,246.81,248.61,246.61,240.61,240.61,247.2,251.61,246.0,243.0,243.11,246.81,242.5,243.0,248.7,248.7,244.61,241.9,248.31,248.81,244.31,244.31,246.5,244.2,244.2,241.9,244.7,247.4,245.4,241.4,246.0,246.0,246.7,244.4,244.4,246.4,245.0,239.9,244.61,247.81,241.81,241.81,239.5,247.11,244.11,244.7,244.2,244.7,239.9,244.61,247.81,247.81,241.81,239.5,247.11,244.11,244.7,244.2,244.7,242.0,242.0,240.4,245.5,241.2,238.9,242.9,246.11,247.81,243.2,240.61,240.61,245.11,241.81,241.11,241.61,238.5,238.9,247.81,246.2,246.2,246.2,241.4,245.2,246.0,241.31,241.31,238.81,238.81,248.0,248.0,248.0,246.5,245.61,244.31,247.0,243.0,243.0,243.31,239.9
2021-08-11 02:00:00,262.61,266.3,272.11,273.1,270.4,259.8,258.5,258.5,257.3,258.9,264.21,262.61,266.3,272.11,273.1,270.4,267.61,267.61,263.0,260.9,267.5,267.9,269.21,274.89,279.7,280.6,278.1,278.1,276.6,272.11,268.11,266.8,267.4,277.2,281.89,283.7,285.6,285.6,285.0,282.1,279.5,273.7,267.5,267.5,279.0,279.89,279.89,279.5,284.7,285.1,282.79,280.79,274.2,274.2,268.8,276.0,276.0,274.5,277.29,278.39,278.6,279.89,276.39,276.39,271.5,277.29,278.5,279.5,279.1,275.1,278.39,278.6,279.89,279.89,276.39,271.5,277.29,278.5,279.5,279.1,275.1,270.11,270.11,268.21,264.5,266.3,272.61,282.0,279.2,282.6,282.0,275.6,275.6,263.11,249.61,248.9,260.0,273.1,282.89,280.89,280.29,276.5,276.5,272.21,261.5,252.7,250.61,259.5,271.3,271.3,282.79,275.6,275.6,272.3,270.5,264.9,255.2,258.9,258.9,266.3,268.21
2021-06-01 02:00:00,290.29,292.1,294.29,296.2,297.0,297.29,296.29,296.29,295.0,295.39,294.6,290.29,292.1,294.29,296.2,297.0,296.7,296.7,294.39,292.7,293.6,292.7,292.79,294.39,296.39,297.7,297.39,297.39,295.89,291.39,290.7,292.7,290.29,295.2,296.7,297.0,297.29,297.29,296.39,294.39,289.1,289.7,292.39,292.39,296.5,297.29,297.29,296.2,295.0,291.1,292.7,289.79,289.7,289.7,289.5,298.39,298.39,296.39,293.6,291.0,288.7,290.1,292.5,292.5,289.5,287.1,294.5,295.6,295.6,291.79,291.0,288.7,290.1,290.1,292.5,289.5,287.1,294.5,295.6,295.6,291.79,284.29,284.29,288.5,292.2,290.89,288.79,288.29,294.0,294.5,293.7,286.0,286.0,279.89,292.0,292.89,290.39,288.39,287.79,292.5,291.6,283.7,283.7,277.7,285.39,291.39,292.29,290.6,289.39,289.39,287.79,282.29,282.29,270.5,279.0,288.29,290.0,290.2,290.2,290.2,290.0
2021-06-03 08:00:00,250.4,252.61,255.31,256.61,256.71,260.0,258.9,258.9,258.61,259.0,259.4,250.4,252.61,255.31,256.61,256.71,256.5,256.5,256.4,257.11,258.3,258.11,244.61,248.9,252.11,253.0,251.4,251.4,251.7,253.4,255.11,256.11,256.4,238.5,246.0,249.4,248.81,248.81,246.2,246.61,249.7,253.0,253.81,253.81,237.5,241.81,241.81,246.11,244.81,242.5,240.11,244.7,249.4,249.4,252.9,238.5,238.5,238.9,240.0,241.81,241.11,235.4,237.61,237.61,246.0,252.31,239.2,237.9,236.9,237.0,241.81,241.11,235.4,235.4,237.61,246.0,252.31,239.2,237.9,236.9,237.0,237.81,237.81,237.11,235.61,237.31,242.5,247.9,238.61,237.81,236.11,234.31,234.31,234.0,235.7,236.61,237.11,239.9,243.4,239.4,239.7,236.61,236.61,233.2,232.81,235.0,234.9,237.0,237.4,237.4,239.9,239.4,239.4,237.31,233.9,233.11,233.5,234.5,234.5,236.31,235.81
2021-06-05 03:00:00,300.79,300.39,300.7,301.0,301.6,301.5,301.1,301.1,300.39,299.2,297.7,300.79,300.39,300.7,301.0,301.6,301.39,301.39,300.6,300.1,298.39,297.1,300.29,300.39,300.39,300.79,301.29,301.29,300.7,299.89,299.6,298.89,296.6,299.89,300.2,300.29,300.7,300.7,300.5,300.0,300.0,299.0,297.5,297.5,299.6,299.6,299.6,300.1,300.6,300.29,300.1,299.5,297.79,297.79,295.79,299.1,299.1,299.1,299.29,300.2,300.5,299.6,298.5,298.5,296.1,293.0,299.0,298.7,298.89,299.39,300.2,300.5,299.6,299.6,298.5,296.1,293.0,299.0,298.7,298.89,299.39,299.79,299.79,299.5,298.6,296.7,293.7,292.0,299.0,298.89,298.89,298.7,298.7,299.39,299.1,297.2,293.79,291.79,291.89,299.39,299.1,298.79,298.79,298.89,299.0,297.79,294.7,292.2,291.7,291.7,299.79,299.2,299.2,298.89,298.89,298.5,295.29,292.39,292.39,291.7,291.79
2021-07-27 23:00:00,213.11,213.4,213.5,213.31,213.2,212.9,212.9,212.9,213.31,213.61,214.5,213.11,213.4,213.5,213.31,213.2,212.9,212.9,212.9,213.31,214.5,215.4,213.81,213.81,213.7,213.5,213.5,213.5,213.61,213.9,214.31,215.31,216.61,214.81,214.5,214.2,214.2,214.2,214.2,214.81,215.5,215.7,217.4,217.4,216.11,216.2,216.2,216.2,216.5,216.61,216.61,217.61,218.5,218.5,220.7,218.11,218.11,218.81,219.5,219.9,219.9,220.31,221.2,221.2,223.0,224.81,220.31,221.11,222.0,222.5,219.9,219.9,220.31,220.31,221.2,223.0,224.81,220.31,221.11,222.0,222.5,223.4,223.4,224.7,225.9,227.11,227.9,229.9,223.11,224.0,225.31,226.11,226.11,227.31,229.2,231.31,233.7,233.7,232.31,225.9,226.5,227.9,227.9,229.4,230.81,231.81,235.31,237.9,238.61,238.61,228.61,229.7,229.7,231.0,232.0,234.31,236.11,238.4,238.4,241.81,243.0
2021-08-01 23:00:00,287.89,288.1,287.29,287.7,287.6,289.0,289.79,289.79,290.5,290.0,289.6,287.89,288.1,287.29,287.7,287.6,287.0,287.0,289.1,289.5,288.29,288.2,285.79,285.79,285.89,286.6,285.1,285.1,283.79,287.1,287.6,287.29,287.0,284.2,284.5,284.89,285.39,285.39,283.39,280.79,283.5,285.2,284.89,284.89,285.29,283.79,283.79,284.0,284.79,281.6,281.7,282.0,281.2,281.2,281.1,285.6,285.6,284.5,284.1,284.0,281.39,282.89,281.7,281.7,277.7,276.39,288.0,286.79,286.5,286.79,284.0,281.39,282.89,282.89,281.7,277.7,276.39,288.0,286.79,286.5,286.79,283.7,283.7,281.7,281.1,278.7,274.79,276.1,289.2,289.29,289.29,287.89,287.89,285.1,282.2,280.5,275.89,274.0,277.79,290.29,290.39,289.79,289.79,288.6,286.1,283.5,282.39,278.79,276.29,276.29,290.89,290.39,290.39,289.79,288.6,287.0,285.89,284.89,284.89,282.89,280.29
2021-08-14 06:00:00,289.6,289.89,290.29,290.6,291.1,290.5,289.79,289.79,289.7,289.79,289.39,289.6,289.89,290.29,290.6,291.1,291.0,291.0,290.79,290.1,290.39,290.0,290.5,290.6,290.79,291.2,291.29,291.29,291.1,291.2,290.79,291.0,290.6,291.1,290.79,291.2,291.39,291.39,291.0,291.1,291.5,291.39,291.39,291.39,291.1,291.1,291.1,291.2,291.2,291.5,291.29,291.29,291.5,291.5,291.2,291.1,291.1,291.2,291.1,291.0,291.29,291.39,291.29,291.29,291.2,290.89,291.1,291.1,291.1,291.1,291.0,291.29,291.39,291.39,291.29,291.2,290.89,291.1,291.1,291.1,291.1,291.1,291.1,291.0,291.1,291.2,290.89,290.39,291.0,290.89,291.0,291.2,291.2,291.1,290.79,291.0,290.79,290.6,290.89,290.5,290.7,291.1,291.1,291.1,291.2,291.2,290.89,290.79,290.89,290.89,290.1,290.5,290.5,291.0,291.2,291.5,291.2,291.0,291.0,291.1,291.2
2021-06-03 05:00:00,234.5,232.4,232.11,231.31,229.2,229.81,230.2,230.2,232.2,239.7,249.5,234.5,232.4,232.11,231.31,229.2,227.11,227.11,227.5,232.0,239.81,251.11,234.11,232.7,232.4,231.81,231.7,231.7,228.11,226.9,232.5,242.2,249.7,233.7,232.61,232.81,232.2,232.2,230.81,229.31,230.4,234.11,241.4,241.4,233.9,232.61,232.61,232.31,230.81,229.31,230.0,232.7,237.61,237.61,243.0,234.31,234.31,232.7,231.61,229.81,228.9,231.2,235.5,235.5,241.4,246.11,234.7,234.5,233.31,231.2,229.81,228.9,231.2,231.2,235.5,241.4,246.11,234.7,234.5,233.31,231.2,229.4,229.4,231.4,233.7,238.9,245.11,248.0,236.4,236.9,235.11,232.81,232.81,232.11,233.31,237.5,244.4,248.5,246.81,240.2,240.11,239.81,239.81,238.9,237.5,238.61,241.2,247.4,250.5,250.5,245.81,246.0,246.0,245.81,245.4,244.81,243.4,245.4,245.4,252.61,250.81
2021-07-03 00:00:00,229.5,229.9,230.9,231.9,232.61,239.31,242.0,242.0,241.11,237.31,224.11,229.5,229.9,230.9,231.9,232.61,230.0,230.0,231.4,234.7,228.31,218.4,227.2,228.31,227.5,227.61,224.7,224.7,221.4,221.4,224.4,223.2,219.31,225.0,225.81,226.0,223.31,223.31,217.5,215.0,213.7,215.4,220.2,220.2,222.81,225.0,225.0,224.9,218.9,214.31,220.5,220.7,217.9,217.9,221.61,222.11,222.11,224.2,221.11,214.81,217.31,226.9,229.81,229.81,226.4,224.7,218.7,221.5,222.31,218.11,214.81,217.31,226.9,226.9,229.81,226.4,224.7,218.7,221.5,222.31,218.11,215.4,215.4,218.5,227.5,233.11,231.4,231.4,217.7,220.7,219.2,217.4,217.4,216.31,218.2,225.2,233.0,233.4,239.0,216.9,218.11,218.0,218.0,217.4,217.5,218.7,224.81,229.4,233.4,233.4,216.5,215.9,215.9,217.5,217.0,218.11,221.4,223.11,223.11,226.4,232.7
2021-08-07 23:00:00,293.0,293.2,293.2,293.0,293.1,293.39,293.29,293.29,293.2,293.2,293.39,293.0,293.2,293.2,293.0,293.1,293.2,293.2,293.1,293.2,293.2,293.39,293.1,293.2,293.2,293.1,293.0,293.0,292.89,293.1,293.2,293.29,293.2,292.79,293.0,293.0,293.1,293.1,292.79,292.7,292.79,293.2,293.1,293.1,292.79,292.79,292.79,292.89,293.0,292.89,292.79,293.0,293.0,293.0,293.1,292.7,292.7,292.6,292.79,292.79,292.79,292.79,293.0,293.0,292.79,293.0,292.79,292.79,292.7,292.6,292.79,292.79,292.79,292.79,293.0,292.79,293.0,292.79,292.79,292.7,292.6,292.79,292.79,292.79,292.79,293.0,293.1,292.89,292.79,292.7,292.7,292.7,292.7,292.7,292.79,292.7,292.79,293.29,293.0,292.7,292.6,292.7,292.7,292.79,292.7,292.79,292.89,292.79,293.2,293.2,292.6,292.5,292.5,292.7,292.6,292.79,293.0,293.0,293.0,292.79,293.1
2021-08-28 10:00:00,284.2,284.0,284.0,283.5,283.2,283.1,283.7,283.7,283.89,283.7,283.89,284.2,284.0,284.0,283.5,283.2,282.2,282.2,282.6,283.7,283.79,283.79,284.5,284.5,283.6,283.29,283.6,283.6,282.2,282.2,282.79,283.6,283.6,284.79,284.7,283.7,283.2,283.2,283.2,282.79,282.29,282.39,283.39,283.39,284.1,283.79,283.79,283.29,282.89,282.7,282.89,282.79,283.2,283.2,283.5,282.5,282.5,282.0,281.79,281.89,281.89,282.6,283.2,283.2,284.0,284.1,280.1,280.0,279.79,279.6,281.89,281.89,282.6,282.6,283.2,284.0,284.1,280.1,280.0,279.79,279.6,279.7,279.7,281.39,282.79,283.5,284.0,283.89,278.39,276.6,278.1,277.29,277.29,277.39,280.6,282.39,282.89,283.2,282.89,276.39,275.2,275.6,275.6,275.5,275.6,275.89,279.39,281.6,281.1,281.1,274.1,273.5,273.5,273.0,273.1,273.1,273.89,276.0,276.0,277.5,278.7
2021-06-03 01:00:00,262.71,265.3,268.5,266.4,267.61,265.61,264.61,264.61,264.3,260.3,254.2,262.71,265.3,268.5,266.4,267.61,269.0,269.0,267.4,265.0,257.61,253.5,266.71,265.5,267.11,267.11,268.21,268.21,268.3,267.9,264.71,260.5,258.4,267.61,267.0,266.3,267.9,267.9,267.9,267.5,267.61,266.0,263.9,263.9,266.61,267.11,267.11,266.8,266.9,268.11,267.5,267.11,267.71,267.71,267.9,267.11,267.11,267.3,265.4,266.71,267.0,267.11,268.11,268.11,268.9,269.5,266.21,266.11,265.8,266.3,266.71,267.0,267.11,267.11,268.11,268.9,269.5,266.21,266.11,265.8,266.3,266.11,266.11,263.5,267.9,268.8,268.71,270.0,266.0,265.3,264.3,264.5,264.5,264.71,265.11,267.21,268.71,268.5,268.8,265.8,264.8,262.5,262.5,264.0,264.5,265.4,266.8,267.9,268.3,268.3,265.9,264.3,264.3,262.11,263.5,265.11,265.61,266.11,266.11,267.11,267.9
2021-06-04 09:00:00,266.11,263.21,263.21,264.9,264.11,246.11,246.31,246.31,248.7,248.2,244.2,266.11,263.21,263.21,264.9,264.11,254.61,254.61,250.9,259.5,259.71,251.9,267.5,267.5,271.4,273.1,276.89,276.89,267.3,262.3,268.3,265.5,260.21,275.6,270.3,273.89,280.39,280.39,286.2,278.2,272.8,274.5,274.5,274.5,279.89,278.5,278.5,279.39,284.1,285.89,284.6,282.5,281.1,281.1,278.7,282.7,282.7,284.0,284.6,283.6,285.39,287.29,287.1,287.1,285.5,283.79,277.0,281.2,284.5,285.39,283.6,285.39,287.29,287.29,287.1,285.5,283.79,277.0,281.2,284.5,285.39,282.39,282.39,284.0,288.2,289.6,289.0,288.0,273.1,280.6,283.0,283.79,283.79,280.6,281.89,287.2,289.89,290.39,288.7,276.29,275.39,281.6,281.6,282.0,279.6,280.5,285.2,287.2,285.89,285.89,280.2,275.2,275.2,278.39,281.29,279.2,278.89,283.79,283.79,282.2,280.0
2021-06-10 02:00:00,268.21,268.3,266.61,268.11,271.9,275.1,278.2,278.2,281.7,282.7,280.5,268.21,268.3,266.61,268.11,271.9,273.2,273.2,276.7,281.89,286.1,284.89,267.11,266.71,265.3,264.61,268.61,268.61,273.0,277.39,281.89,284.89,283.5,264.9,265.0,262.71,262.21,262.21,266.9,273.5,278.79,281.6,281.0,281.0,259.61,258.71,258.71,258.8,260.71,264.3,277.1,281.5,280.89,280.89,281.1,254.0,254.0,251.9,251.7,256.21,269.21,277.0,280.1,280.1,281.6,282.5,249.0,249.0,250.7,250.7,256.21,269.21,277.0,277.0,280.1,281.6,282.5,249.0,249.0,250.7,250.7,253.9,253.9,262.0,273.7,279.29,282.2,284.6,241.81,247.31,248.81,248.7,248.7,251.31,259.0,268.9,277.0,282.5,286.1,236.4,238.4,244.81,244.81,246.31,249.9,259.21,266.61,275.39,282.29,282.29,234.31,235.4,235.4,240.11,244.31,248.61,250.9,263.21,263.21,277.2,279.39
2021-06-25 10:00:00,235.11,234.31,234.5,235.2,235.9,236.11,236.4,236.4,238.4,239.5,240.11,235.11,234.31,234.5,235.2,235.9,235.4,235.4,234.81,237.11,237.5,237.81,236.0,235.0,234.81,235.31,235.0,235.0,234.7,234.9,235.7,235.4,236.5,236.4,236.2,235.5,235.0,235.0,236.11,234.31,234.61,235.2,235.0,235.0,236.2,236.0,236.0,235.81,236.31,235.81,235.11,235.5,235.81,235.81,236.0,235.11,235.11,235.7,236.4,237.0,236.81,235.61,236.11,236.11,236.9,237.61,234.2,234.9,236.4,237.4,237.0,236.81,235.61,235.61,236.11,236.9,237.61,234.2,234.9,236.4,237.4,237.7,237.7,236.2,236.11,236.9,237.4,239.5,233.7,235.2,237.31,237.9,237.9,237.9,237.0,236.2,236.61,238.2,240.31,234.4,235.4,237.0,237.0,238.2,238.11,237.0,236.2,236.2,238.2,238.2,235.4,236.2,236.2,237.0,237.61,237.9,237.31,236.11,236.11,236.31,239.0
2021-07-01 06:00:00,295.6,295.0,294.6,293.89,293.89,294.29,293.2,293.2,291.89,292.2,292.29,295.6,295.0,294.6,293.89,293.89,293.5,293.5,293.0,292.7,292.29,292.39,294.89,294.6,294.29,294.5,293.79,293.79,292.5,292.79,293.29,293.5,292.7,294.1,293.79,294.29,294.5,294.5,293.6,291.6,293.29,293.89,293.7,293.7,294.2,294.0,294.0,294.0,293.89,293.39,292.0,293.6,293.6,293.6,293.0,294.29,294.29,294.2,293.7,293.29,292.79,292.79,293.2,293.2,293.2,291.89,294.2,293.2,293.5,293.2,293.29,292.79,292.79,292.79,293.2,293.2,291.89,294.2,293.2,293.5,293.2,293.2,293.2,292.6,293.29,293.0,292.1,291.5,294.1,293.1,292.79,292.5,292.5,293.29,293.2,293.6,292.2,291.39,291.29,294.7,293.89,293.39,293.39,293.39,293.39,293.5,292.79,291.79,291.5,291.5,295.2,294.7,294.7,294.39,294.0,293.79,292.5,291.6,291.6,291.7,291.39
2021-07-16 09:00:00,236.4,234.0,232.81,231.7,227.7,224.2,225.61,225.61,224.2,223.31,225.5,236.4,234.0,232.81,231.7,227.7,225.7,225.7,227.11,225.9,225.11,224.9,235.31,235.81,234.4,232.61,230.5,230.5,227.9,227.7,226.7,225.2,224.81,235.2,235.61,235.0,233.11,233.11,230.81,229.81,227.7,226.31,225.81,225.81,234.31,233.11,233.11,232.31,231.9,230.5,228.4,226.9,225.31,225.31,224.11,232.0,232.0,230.11,230.2,230.11,228.61,226.5,225.7,225.7,224.11,222.11,229.9,228.0,228.2,228.5,230.11,228.61,226.5,226.5,225.7,224.11,222.11,229.9,228.0,228.2,228.5,228.0,228.0,226.31,225.0,223.61,223.11,221.31,228.2,226.2,226.11,225.9,225.9,225.61,224.61,223.11,222.81,222.11,221.11,228.2,226.4,226.61,226.61,226.0,224.9,224.31,222.9,224.9,222.9,222.9,228.31,228.81,228.81,228.7,227.5,226.11,225.61,224.61,224.61,225.11,225.0
2021-07-22 08:00:00,290.29,290.5,290.5,290.5,290.79,291.1,291.29,291.29,291.29,291.1,291.1,290.29,290.5,290.5,290.5,290.79,291.0,291.0,291.1,291.1,291.29,291.1,290.29,290.1,290.2,290.5,291.0,291.0,291.0,291.0,291.0,291.29,291.0,290.2,289.89,289.79,290.6,290.6,291.0,291.0,291.0,290.79,291.1,291.1,290.1,290.1,290.1,290.1,290.5,290.6,290.7,290.7,290.6,290.6,290.89,290.29,290.29,290.39,290.39,290.29,290.29,290.29,290.29,290.29,290.5,290.6,290.39,290.5,290.5,290.39,290.29,290.29,290.29,290.29,290.29,290.5,290.6,290.39,290.5,290.5,290.39,290.39,290.39,290.2,290.1,290.1,290.2,290.39,290.79,290.2,290.7,290.6,290.6,290.5,290.29,290.0,290.2,290.1,290.0,290.6,290.6,290.79,290.79,290.7,290.5,290.2,290.29,290.2,290.2,290.2,290.5,291.0,291.0,291.0,290.39,290.5,290.5,290.5,290.5,290.29,290.29
2021-07-28 08:00:00,220.81,223.81,225.0,224.5,222.7,221.31,219.61,219.61,221.11,223.81,223.31,220.81,223.81,225.0,224.5,222.7,221.81,221.81,220.61,221.5,222.0,219.61,221.4,224.81,226.11,222.7,220.9,220.9,222.5,222.61,220.61,218.5,218.81,222.9,225.2,224.5,221.5,221.5,220.61,223.0,222.11,219.5,218.2,218.2,222.31,223.81,223.81,222.5,221.4,220.7,220.5,219.81,220.5,220.5,219.31,219.7,219.7,221.31,222.11,221.7,218.5,217.7,219.61,219.61,220.9,219.2,216.9,217.31,219.7,221.7,221.7,218.5,217.7,217.7,219.61,220.9,219.2,216.9,217.31,219.7,221.7,221.31,221.31,216.9,216.9,218.81,219.81,222.11,215.4,216.7,218.4,219.81,219.81,220.0,216.81,216.11,217.11,219.4,221.7,215.61,218.9,220.2,220.2,219.11,218.11,215.81,215.9,217.4,219.61,219.61,215.7,222.4,222.4,221.7,218.11,216.81,215.81,216.7,216.7,217.4,219.5
2021-07-29 00:00:00,272.5,263.61,263.4,267.8,264.21,251.81,252.31,252.31,249.2,244.81,241.0,272.5,263.61,263.4,267.8,264.21,247.81,247.81,245.61,246.9,247.31,245.31,272.4,263.4,257.5,260.61,264.3,264.3,252.81,243.61,245.31,245.2,245.81,268.21,264.11,259.5,253.7,253.7,259.3,258.3,247.4,242.9,240.5,240.5,267.3,263.4,263.4,261.71,256.5,252.9,255.11,251.4,240.61,240.61,237.81,270.3,270.3,263.71,260.3,260.71,254.9,251.31,248.61,248.61,242.2,241.31,273.6,272.3,267.3,260.5,260.71,254.9,251.31,251.31,248.61,242.2,241.31,273.6,272.3,267.3,260.5,261.5,261.5,258.3,252.7,248.4,244.0,240.81,273.29,268.8,268.4,265.3,265.3,260.71,256.71,254.81,251.61,244.31,240.81,275.89,267.61,262.8,262.8,264.8,260.61,256.9,254.7,250.11,245.5,245.5,277.39,269.0,269.0,259.21,258.11,262.61,258.8,253.5,253.5,249.81,247.31
2021-07-29 22:00:00,287.89,288.2,288.5,288.79,288.79,289.1,289.39,289.39,289.5,289.6,289.7,287.89,288.2,288.5,288.79,288.79,288.89,288.89,289.0,289.2,289.39,289.39,287.89,287.89,288.1,288.5,288.6,288.6,288.79,288.39,288.89,289.2,289.39,287.7,287.5,287.6,288.1,288.1,288.2,288.29,288.1,288.39,288.89,288.89,287.5,287.6,287.6,287.5,287.79,287.79,287.89,287.79,288.1,288.1,288.5,287.39,287.39,287.5,287.6,287.39,287.39,287.39,287.39,287.39,287.7,288.1,287.39,287.29,287.39,287.5,287.39,287.39,287.39,287.39,287.39,287.7,288.1,287.39,287.29,287.39,287.5,287.39,287.39,287.39,287.39,287.29,287.6,288.0,287.2,287.39,287.0,287.29,287.29,287.29,287.2,287.2,287.5,287.39,287.29,287.29,287.29,287.1,287.1,287.1,287.29,287.39,287.39,287.39,287.39,287.39,287.29,287.29,287.29,287.0,287.2,287.1,287.2,287.39,287.39,287.39,287.29
2021-07-31 03:00:00,292.6,292.5,292.2,292.1,292.0,291.7,291.29,291.29,291.6,291.39,291.7,292.6,292.5,292.2,292.1,292.0,291.7,291.7,291.6,291.6,291.6,292.0,292.29,292.39,292.5,292.1,291.79,291.79,291.5,291.79,291.79,291.7,291.6,292.39,292.29,292.29,292.2,292.2,291.7,291.5,291.5,291.79,291.89,291.89,292.29,292.5,292.5,292.29,292.29,292.0,291.89,291.39,291.79,291.79,291.79,292.6,292.6,292.39,292.1,292.1,292.29,292.0,291.7,291.7,291.6,291.2,293.0,292.7,292.6,292.39,292.1,292.29,292.0,292.0,291.7,291.6,291.2,293.0,292.7,292.6,292.39,292.39,292.39,292.29,292.1,291.79,291.39,291.2,293.1,292.89,292.6,292.5,292.5,292.5,292.29,292.1,291.7,291.29,291.1,293.2,293.0,292.79,292.79,292.39,292.6,292.29,291.89,291.5,291.29,291.29,293.2,292.89,292.89,292.7,292.6,292.39,291.79,291.6,291.6,291.29,291.1
2021-08-21 02:00:00,291.1,291.6,291.79,291.89,291.89,291.5,291.6,291.6,291.39,291.29,289.7,291.1,291.6,291.79,291.89,291.89,291.7,291.7,291.39,291.7,291.39,290.2,291.7,292.29,292.1,292.1,292.0,292.0,291.79,291.5,291.6,291.6,290.5,292.1,292.2,291.7,292.0,292.0,291.6,291.6,291.7,291.5,291.7,291.7,291.6,291.6,291.6,291.7,291.6,291.1,290.79,291.1,291.7,291.7,292.0,290.7,290.7,290.89,291.5,291.0,290.6,290.0,290.29,290.29,291.79,292.0,290.7,290.79,290.29,290.29,291.0,290.6,290.0,290.0,290.29,291.79,292.0,290.7,290.79,290.29,290.29,290.39,290.39,290.1,289.79,290.7,291.5,291.5,290.2,290.5,289.89,289.79,289.79,290.0,289.79,290.2,291.1,291.1,291.2,290.39,290.6,290.2,290.2,289.89,290.2,290.2,291.0,291.5,290.79,290.79,290.7,290.79,290.79,290.6,290.0,290.5,290.89,291.5,291.5,291.7,290.5
2021-06-12 03:00:00,265.0,266.71,272.4,274.6,274.1,272.11,271.9,271.9,266.71,259.8,254.9,265.0,266.71,272.4,274.6,274.1,271.11,271.11,266.61,263.4,256.21,245.4,261.71,263.5,265.71,267.8,269.8,269.8,267.8,263.3,259.61,253.61,251.81,259.3,262.5,263.61,261.21,261.21,261.61,265.0,262.4,253.7,250.7,250.7,261.8,261.9,261.9,259.61,261.9,266.4,266.71,264.11,257.5,257.5,252.5,263.4,263.4,265.4,264.5,266.71,270.71,271.9,269.0,269.0,264.4,257.11,273.1,272.61,270.8,267.61,266.71,270.71,271.9,271.9,269.0,264.4,257.11,273.1,272.61,270.8,267.61,268.0,268.0,272.21,274.39,270.3,267.5,263.11,275.5,276.1,273.89,270.9,270.9,267.8,274.1,275.39,275.2,270.71,265.4,269.71,271.9,273.29,273.29,272.8,269.5,268.71,270.3,272.3,274.2,274.2,260.9,267.3,267.3,269.3,270.11,266.4,262.5,262.11,262.11,267.8,275.39
2021-07-15 05:00:00,278.29,273.0,265.71,258.5,261.11,255.5,250.5,250.5,244.2,249.2,254.2,278.29,273.0,265.71,258.5,261.11,256.8,256.8,251.0,249.7,250.31,254.5,277.0,271.8,267.11,259.11,260.0,260.0,255.11,250.81,254.5,257.61,260.5,274.89,272.11,269.3,262.8,262.8,257.9,254.11,253.2,258.21,260.71,260.71,274.89,271.5,271.5,269.11,266.4,261.4,258.61,256.71,260.0,260.0,263.8,274.79,274.79,271.4,270.71,269.21,266.71,263.0,262.9,262.9,261.5,262.11,278.1,275.6,274.5,274.6,269.21,266.71,263.0,263.0,262.9,261.5,262.11,278.1,275.6,274.5,274.6,272.3,272.3,268.11,265.9,266.71,261.8,259.5,277.7,277.7,278.0,277.6,277.6,274.89,272.4,269.71,265.5,260.61,261.4,277.0,278.5,279.2,279.2,279.1,277.5,276.89,275.39,266.21,259.21,259.21,274.39,278.2,278.2,279.0,279.29,279.6,280.29,278.6,278.6,269.21,257.4
2021-07-18 22:00:00,290.89,291.0,290.79,290.7,290.6,290.79,290.5,290.5,290.5,290.29,290.2,290.89,291.0,290.79,290.7,290.6,290.6,290.6,290.39,290.29,290.0,289.5,290.7,290.7,290.6,290.6,290.5,290.5,290.39,290.1,289.89,289.89,289.29,290.5,290.29,290.5,290.39,290.39,290.2,290.0,289.89,289.7,289.5,289.5,290.39,290.29,290.29,290.2,290.1,290.0,290.0,289.6,289.7,289.7,289.29,290.5,290.5,290.2,289.79,289.7,289.89,289.7,289.6,289.6,289.5,289.2,290.5,290.2,290.0,289.7,289.7,289.89,289.7,289.7,289.6,289.5,289.2,290.5,290.2,290.0,289.7,289.39,289.39,289.6,289.6,289.5,289.5,289.39,290.39,290.2,289.79,289.39,289.39,289.39,289.0,289.5,289.29,289.2,289.89,290.29,290.1,289.89,289.89,289.5,289.1,289.1,289.7,289.29,289.39,289.39,290.2,290.2,290.2,290.0,289.29,289.0,289.39,289.7,289.7,289.2,289.39
2021-07-23 07:00:00,292.79,292.39,292.5,292.6,292.79,292.39,292.1,292.1,292.0,291.79,292.29,292.79,292.39,292.5,292.6,292.79,292.6,292.6,292.2,291.89,291.5,291.79,292.6,292.2,292.39,292.39,292.7,292.7,292.2,291.89,291.79,291.79,291.89,292.79,292.1,292.2,292.5,292.5,292.79,291.7,291.79,291.79,292.39,292.39,292.1,292.2,292.2,292.6,292.79,292.39,291.5,291.39,292.0,292.0,292.29,291.89,291.89,292.39,292.89,292.89,292.0,291.2,291.5,291.5,291.89,292.5,292.2,292.29,292.6,292.7,292.89,292.0,291.2,291.2,291.5,291.89,292.5,292.2,292.29,292.6,292.7,292.79,292.79,292.0,291.79,291.89,291.7,292.0,292.0,292.6,292.5,292.6,292.6,292.39,292.29,292.39,292.0,291.89,291.29,292.39,292.5,292.7,292.7,292.5,292.39,292.39,292.1,291.89,292.0,292.0,292.7,292.7,292.7,292.6,292.39,292.6,292.1,291.89,291.89,292.0,292.1
2021-08-04 22:00:00,291.5,291.79,291.79,291.79,291.89,291.79,291.5,291.5,292.0,292.1,292.29,291.5,291.79,291.79,291.79,291.89,291.89,291.89,292.0,292.0,292.39,292.39,291.6,291.6,291.6,291.89,291.89,291.89,292.0,291.89,291.89,292.0,292.1,291.39,291.29,291.6,291.79,291.79,291.79,291.79,291.6,291.6,291.29,291.29,291.29,291.5,291.5,291.1,291.5,291.5,291.6,291.39,291.2,291.2,291.1,291.5,291.5,291.5,291.2,291.1,291.1,291.2,291.39,291.39,291.29,290.39,291.5,291.5,291.5,290.89,291.1,291.1,291.2,291.2,291.39,291.29,290.39,291.5,291.5,291.5,290.89,291.1,291.1,290.7,290.6,291.2,291.1,290.6,291.5,291.39,291.0,290.89,290.89,290.7,290.2,289.89,290.89,290.7,291.0,291.6,291.29,291.0,291.0,290.89,290.7,289.89,290.1,290.89,290.6,290.6,291.5,291.39,291.39,291.0,290.89,290.7,290.6,290.6,290.6,290.7,290.7
2021-08-13 08:00:00,221.7,219.4,217.0,215.11,214.2,215.0,215.11,215.11,216.31,216.5,217.7,221.7,219.4,217.0,215.11,214.2,215.7,215.7,216.31,216.7,217.4,218.11,216.2,215.9,215.4,215.31,215.7,215.7,215.7,216.4,218.4,219.2,219.2,213.9,214.31,215.4,216.31,216.31,216.81,216.11,218.7,219.81,221.0,221.0,216.9,217.5,217.5,217.81,218.31,218.5,221.2,221.61,222.11,222.11,222.0,220.81,220.81,221.9,220.81,219.61,221.31,224.5,225.2,225.2,224.11,223.0,224.5,226.5,226.4,223.11,219.61,221.31,224.5,224.5,225.2,224.11,223.0,224.5,226.5,226.4,223.11,222.5,222.5,223.7,224.61,224.5,225.61,226.9,228.0,228.0,229.5,227.0,227.0,224.5,223.7,224.31,224.81,226.7,228.61,226.9,227.5,227.5,227.5,227.5,224.7,223.11,224.5,225.2,226.5,226.5,224.9,221.61,221.61,225.11,227.4,223.81,221.7,223.7,223.7,225.31,225.0
2021-06-04 01:00:00,290.1,290.1,290.5,290.5,290.89,291.2,291.5,291.5,291.29,291.1,291.1,290.1,290.1,290.5,290.5,290.89,291.5,291.5,291.5,291.39,291.5,291.1,291.1,291.29,291.1,291.1,291.2,291.2,291.6,291.6,291.6,291.6,291.5,292.29,292.1,292.0,291.7,291.7,291.6,291.7,291.89,291.7,292.0,292.0,292.7,292.5,292.5,292.29,292.2,292.1,292.0,291.79,291.79,291.79,291.5,292.6,292.6,292.6,292.6,292.39,292.39,292.2,292.0,292.0,291.6,290.7,292.79,292.7,292.6,292.6,292.39,292.39,292.2,292.2,292.0,291.6,290.7,292.79,292.7,292.6,292.6,292.6,292.6,292.39,292.0,291.7,291.0,290.29,292.79,293.0,292.6,292.5,292.5,292.79,292.7,291.89,291.2,290.6,289.6,293.1,293.0,292.79,292.79,292.7,292.79,292.5,291.5,290.5,290.2,290.2,293.39,293.29,293.29,293.1,292.79,292.79,292.1,291.0,291.0,290.2,289.79
2021-07-24 10:00:00,254.2,256.4,260.9,261.61,257.21,259.3,266.5,266.5,270.5,268.11,262.21,254.2,256.4,260.9,261.61,257.21,258.11,258.11,266.0,269.9,270.8,265.21,254.0,256.4,261.8,262.8,259.3,259.3,259.3,265.4,269.21,270.9,268.5,255.2,257.3,260.61,263.9,263.9,263.8,261.21,264.61,268.5,269.8,269.8,256.4,257.11,257.11,259.61,263.9,265.4,263.21,264.0,267.8,267.8,269.71,255.61,255.61,257.61,261.11,264.3,266.8,265.71,263.8,263.8,267.11,270.9,259.21,256.8,258.11,261.9,264.3,266.8,265.71,265.71,263.8,267.11,270.9,259.21,256.8,258.11,261.9,266.8,266.8,268.5,267.4,266.0,267.9,271.5,262.8,260.21,259.3,262.3,262.3,268.9,270.9,268.5,268.21,269.5,271.5,265.4,265.11,265.4,265.4,265.9,270.71,274.2,269.9,268.21,270.61,270.61,268.0,268.8,268.8,270.4,273.6,272.8,274.0,272.5,272.5,270.3,271.5
2021-08-05 07:00:00,290.5,290.89,291.79,292.2,291.89,291.6,291.39,291.39,291.2,291.2,291.29,290.5,290.89,291.79,292.2,291.89,291.7,291.7,291.89,291.6,291.2,291.7,290.6,290.89,291.89,291.7,291.7,291.7,292.0,292.29,291.89,291.29,292.0,291.29,291.29,291.1,291.5,291.5,291.79,292.1,292.29,292.0,291.89,291.89,291.5,291.1,291.1,291.2,291.79,291.7,292.0,292.2,292.1,292.1,292.0,291.6,291.6,291.1,291.6,292.1,291.89,291.89,292.1,292.1,292.39,291.89,292.1,292.0,291.79,292.0,292.1,291.89,291.89,291.89,292.1,292.39,291.89,292.1,292.0,291.79,292.0,292.1,292.1,292.0,292.1,292.2,292.0,291.89,292.39,292.39,292.39,292.29,292.29,292.39,292.29,292.39,292.2,291.89,291.7,292.7,292.6,292.6,292.6,292.6,292.7,292.79,292.2,291.79,292.0,292.0,293.2,292.89,292.89,292.79,293.2,293.2,292.7,292.1,292.1,292.0,292.29
2021-08-09 02:00:00,272.0,275.1,274.6,275.1,264.0,259.11,257.11,257.11,259.11,261.21,260.71,272.0,275.1,274.6,275.1,264.0,257.71,257.71,258.71,259.11,259.61,261.0,273.79,274.79,276.6,273.39,267.21,267.21,261.61,260.21,257.9,256.5,257.9,272.21,274.89,275.39,271.21,271.21,267.71,265.21,259.9,255.7,255.31,255.31,270.8,274.7,274.7,273.79,269.5,265.3,262.5,259.61,256.4,256.4,256.5,268.71,268.71,272.3,272.8,266.11,259.4,259.11,259.21,259.21,258.5,259.11,265.8,267.4,268.5,264.9,266.11,259.4,259.11,259.11,259.21,258.5,259.11,265.8,267.4,268.5,264.9,262.5,262.5,259.61,257.9,259.3,259.4,258.8,264.8,264.71,264.71,262.3,262.3,260.3,258.71,258.21,257.11,259.11,256.9,263.4,264.4,263.11,263.11,262.11,260.3,258.5,256.11,256.8,257.21,257.21,264.21,262.5,262.5,262.9,262.0,260.71,257.71,255.2,255.2,257.0,255.61
2021-08-17 23:00:00,289.7,289.79,289.7,289.5,289.5,289.1,289.2,289.2,289.5,289.29,288.79,289.7,289.79,289.7,289.5,289.5,289.6,289.6,290.0,290.1,289.5,288.0,289.7,289.89,290.0,289.79,289.79,289.79,289.79,290.2,290.2,289.1,286.79,289.6,289.89,289.89,290.0,290.0,290.1,289.7,289.2,289.5,288.5,288.5,289.7,289.79,289.79,289.79,289.7,289.7,289.2,288.1,287.2,287.2,285.89,289.89,289.89,289.7,289.5,289.2,288.89,288.29,286.7,286.7,284.6,284.0,290.29,290.0,289.79,289.29,289.2,288.89,288.29,288.29,286.7,284.6,284.0,290.29,290.0,289.79,289.29,289.0,289.0,287.7,286.1,284.7,283.29,280.39,290.29,290.39,289.89,289.29,289.29,289.0,287.0,284.79,282.1,282.5,280.5,290.2,290.1,290.39,290.39,290.6,288.7,286.2,284.6,282.79,282.29,282.29,290.0,290.5,290.5,290.89,290.1,288.0,287.39,284.89,284.89,281.89,283.2
2021-08-20 06:00:00,264.3,263.11,262.21,258.71,253.0,251.61,250.11,250.11,250.5,252.0,251.5,264.3,263.11,262.21,258.71,253.0,252.4,252.4,252.5,251.4,253.7,255.4,265.11,263.8,262.71,260.4,255.5,255.5,253.0,256.11,254.7,251.2,256.11,265.61,264.71,263.11,262.21,262.21,259.11,255.31,257.8,258.11,252.31,252.31,265.8,265.0,265.0,264.4,262.8,263.11,259.11,260.21,260.0,260.0,254.9,265.8,265.8,265.61,264.9,264.3,265.21,263.9,262.0,262.0,260.9,259.8,265.4,265.5,265.9,265.61,264.3,265.21,263.9,263.9,262.0,260.9,259.8,265.4,265.5,265.9,265.61,265.8,265.8,266.5,266.9,265.21,263.11,261.71,265.21,265.3,265.9,266.8,266.8,266.71,267.3,268.71,267.61,264.9,263.3,264.9,265.71,265.9,265.9,266.5,266.9,268.21,269.0,267.9,265.4,265.4,264.8,265.11,265.11,265.8,266.0,266.3,267.3,267.8,267.8,267.4,265.11
2021-08-23 23:00:00,276.6,270.21,269.11,271.0,274.29,271.0,270.4,270.4,269.8,269.11,266.8,276.6,270.21,269.11,271.0,274.29,273.29,273.29,271.5,272.0,270.71,267.3,281.0,274.79,271.0,270.4,271.61,271.61,271.71,273.2,275.0,272.71,269.11,284.5,280.39,275.39,270.5,270.5,270.0,270.4,275.0,277.79,274.39,274.39,286.0,283.6,283.6,278.5,274.2,273.5,272.4,278.5,278.6,278.6,278.1,286.2,286.2,285.5,283.0,279.1,276.7,277.29,279.89,279.89,280.6,281.39,287.29,287.0,286.7,285.39,279.1,276.7,277.29,277.29,279.89,280.6,281.39,287.29,287.0,286.7,285.39,283.79,283.79,282.29,282.5,283.29,283.5,281.79,287.6,287.2,287.29,287.5,287.5,287.5,287.29,287.0,286.2,285.39,283.89,287.79,288.2,288.6,288.6,288.79,289.1,288.6,287.89,286.79,286.39,286.39,288.2,289.0,289.0,289.39,289.5,289.29,288.6,287.7,287.7,287.1,287.0
2021-06-05 00:00:00,295.1,294.89,295.0,295.1,295.0,295.0,294.89,294.89,294.5,293.89,293.39,295.1,294.89,295.0,295.1,295.0,295.0,295.0,294.5,294.39,293.7,293.0,294.79,294.79,294.79,294.7,294.89,294.89,294.79,294.2,294.2,293.6,292.6,294.6,294.7,294.5,294.6,294.6,294.39,294.5,294.29,293.79,293.2,293.2,294.39,294.39,294.39,294.39,294.5,294.2,294.39,293.89,293.2,293.2,292.2,294.0,294.0,294.2,294.39,294.39,294.29,294.0,293.5,293.5,292.39,291.1,294.1,294.2,294.2,294.1,294.39,294.29,294.0,294.0,293.5,292.39,291.1,294.1,294.2,294.2,294.1,294.29,294.29,294.0,293.5,292.79,291.29,290.5,294.0,294.0,294.1,294.2,294.2,294.1,293.89,293.0,291.39,290.7,289.89,294.29,294.0,294.1,294.1,294.1,293.89,293.1,291.7,290.79,290.1,290.1,294.39,294.2,294.2,294.0,294.1,293.7,292.0,290.79,290.79,290.1,290.1
2021-06-10 05:00:00,249.7,250.9,251.9,254.9,257.3,257.4,254.31,254.31,250.2,250.31,255.4,249.7,250.9,251.9,254.9,257.3,254.11,254.11,249.9,250.5,250.9,251.2,249.9,252.61,253.31,253.31,251.61,251.61,248.81,247.81,249.4,250.81,249.61,247.7,252.9,255.2,251.11,251.11,243.61,244.2,246.31,247.81,247.61,247.61,242.5,245.0,245.0,247.2,247.31,246.61,246.2,246.11,243.7,243.7,242.9,236.61,236.61,235.4,238.4,243.4,248.0,248.7,245.11,245.11,239.9,236.2,232.81,232.4,234.11,236.4,243.4,248.0,248.7,248.7,245.11,239.9,236.2,232.81,232.4,234.11,236.4,240.0,240.0,242.9,242.31,238.2,237.2,238.11,230.11,230.61,233.5,236.5,236.5,236.4,235.31,233.11,233.7,235.2,239.61,228.7,229.9,231.81,231.81,233.9,234.4,231.0,230.2,231.61,235.9,235.9,227.9,229.31,229.31,230.7,231.81,231.5,229.5,228.9,228.9,232.0,237.31
2021-06-17 23:00:00,253.81,253.61,252.81,253.11,253.31,252.4,252.2,252.2,251.81,251.9,251.81,253.81,253.61,252.81,253.11,253.31,253.0,253.0,252.5,252.11,252.0,252.2,253.81,253.7,253.31,253.7,253.7,253.7,253.7,253.0,252.61,252.7,252.7,253.61,253.5,253.61,254.2,254.2,254.0,254.11,253.61,253.11,254.0,254.0,253.11,253.9,253.9,255.5,254.7,253.81,253.9,253.5,254.0,254.0,255.4,253.11,253.11,254.4,255.61,255.5,253.81,253.61,253.61,253.61,254.9,257.3,253.31,253.7,254.2,254.9,255.5,253.81,253.61,253.61,253.61,254.9,257.3,253.31,253.7,254.2,254.9,255.4,255.4,254.9,254.2,254.81,255.7,257.71,253.5,253.61,254.11,255.0,255.0,255.31,255.31,255.5,255.81,257.0,258.3,253.5,253.61,253.9,253.9,254.5,255.4,256.11,256.61,256.5,258.0,258.0,253.5,253.61,253.61,254.11,254.7,255.81,257.71,257.5,257.5,257.71,258.71
2021-06-29 02:00:00,285.0,280.0,277.89,277.0,276.7,279.79,281.0,281.0,276.7,277.29,274.5,285.0,280.0,277.89,277.0,276.7,277.5,277.5,276.2,275.2,273.5,273.79,282.89,279.79,277.5,274.79,271.61,271.61,270.21,272.21,274.7,271.8,270.61,279.89,279.39,280.79,273.7,273.7,266.4,265.71,269.9,274.1,272.8,272.8,280.0,278.79,278.79,279.5,276.1,273.0,271.3,272.0,274.1,274.1,265.9,275.0,275.0,278.6,280.79,279.6,279.0,278.5,277.0,277.0,270.8,264.8,270.5,271.11,278.39,283.5,279.6,279.0,278.5,278.5,277.0,270.8,264.8,270.5,271.11,278.39,283.5,283.39,283.39,283.5,283.89,279.0,270.61,263.4,266.3,268.5,275.6,281.89,281.89,284.39,285.1,284.79,280.7,268.9,259.61,263.11,263.71,268.3,268.3,275.2,278.2,282.2,281.6,275.7,264.8,264.8,261.21,259.11,259.11,261.4,266.5,270.61,276.6,277.0,277.0,271.0,262.4
2021-07-05 09:00:00,235.11,242.61,247.0,248.5,247.2,241.0,240.9,240.9,247.81,250.9,249.7,235.11,242.61,247.0,248.5,247.2,247.2,247.2,249.5,250.61,250.0,248.61,238.2,244.11,249.81,248.7,245.4,245.4,248.0,252.9,252.9,249.61,247.7,240.11,246.31,251.9,248.4,248.4,247.2,248.0,250.7,254.0,251.2,251.2,244.11,248.81,248.81,248.0,248.9,249.81,249.5,248.9,251.81,251.81,248.9,248.11,248.11,250.31,246.7,248.2,249.9,249.2,248.11,248.11,247.4,246.2,251.61,251.31,251.61,248.61,248.2,249.9,249.2,249.2,248.11,247.4,246.2,251.61,251.31,251.61,248.61,248.11,248.11,248.5,246.2,244.61,244.7,243.11,253.5,252.81,253.11,250.2,250.2,248.7,247.11,243.61,242.5,241.31,241.2,253.9,253.7,252.81,252.81,250.5,248.11,247.5,244.4,240.0,238.11,238.11,253.5,253.11,253.11,252.0,249.4,247.2,249.7,244.5,244.5,239.7,235.4
2021-07-30 06:00:00,293.2,292.89,292.89,293.0,293.6,293.29,293.2,293.2,293.2,293.0,292.79,293.2,292.89,292.89,293.0,293.6,293.5,293.5,293.2,293.2,293.0,292.7,292.89,293.1,292.89,293.2,293.29,293.29,293.39,293.29,293.2,293.2,292.79,292.79,292.89,293.1,293.1,293.1,293.1,293.2,293.2,293.1,293.29,293.29,292.79,292.79,292.79,292.79,293.0,293.0,293.1,293.1,292.89,292.89,292.7,292.5,292.5,292.5,292.7,292.79,293.0,293.0,292.7,292.7,292.6,292.2,292.39,292.5,292.5,292.39,292.79,293.0,293.0,293.0,292.7,292.6,292.2,292.39,292.5,292.5,292.39,292.7,292.7,292.6,292.5,292.29,292.1,292.0,292.5,292.39,292.5,292.5,292.5,292.7,292.39,292.29,292.0,291.79,291.79,292.7,292.6,292.6,292.6,292.5,292.79,292.39,292.1,291.79,291.79,291.79,292.89,292.89,292.89,292.7,292.6,292.79,292.5,292.0,292.0,292.0,291.89
2021-06-12 02:00:00,273.6,273.39,272.61,275.5,279.0,277.6,274.2,274.2,270.9,267.0,265.4,273.6,273.39,272.61,275.5,279.0,282.29,282.29,280.7,276.7,274.29,271.0,271.9,268.3,266.8,270.9,279.39,279.39,285.2,285.0,283.39,282.79,278.6,265.8,264.4,264.21,268.11,268.11,279.1,287.2,290.1,288.79,288.2,288.2,270.9,265.0,265.0,266.8,273.29,279.0,285.1,291.6,290.2,290.2,289.2,274.89,274.89,269.8,270.9,277.7,281.1,281.39,284.79,284.79,288.6,288.39,276.5,277.6,274.6,277.39,277.7,281.1,281.39,281.39,284.79,288.6,288.39,276.5,277.6,274.6,277.39,280.89,280.89,281.79,282.39,282.79,284.1,284.7,282.1,283.0,280.7,283.2,283.2,284.7,285.0,284.5,283.0,281.0,279.89,284.79,286.5,286.2,286.2,287.6,287.89,286.89,284.39,282.6,282.29,282.29,284.5,286.89,286.89,288.5,290.0,289.1,286.6,283.79,283.79,284.0,284.7
2021-06-14 05:00:00,230.61,228.61,227.11,225.9,226.31,230.7,234.9,234.9,235.5,231.61,226.7,230.61,228.61,227.11,225.9,226.31,231.4,231.4,236.2,236.31,231.61,225.2,232.81,229.7,227.2,225.11,225.2,225.2,230.0,235.2,236.7,233.5,226.81,235.11,231.4,227.7,225.7,225.7,225.81,229.5,234.31,236.61,235.0,235.0,237.11,233.4,233.4,229.4,228.2,229.61,232.61,235.5,236.7,236.7,233.31,238.31,238.31,235.0,232.61,231.5,232.2,235.81,237.7,237.7,235.4,232.4,241.0,239.9,237.5,235.31,231.5,232.2,235.81,235.81,237.7,235.4,232.4,241.0,239.9,237.5,235.31,235.5,235.5,235.4,236.2,236.31,235.4,232.61,240.81,239.31,239.4,238.2,238.2,238.0,236.9,235.2,235.61,234.7,233.61,240.5,238.11,238.61,238.61,238.7,238.61,237.5,235.5,234.11,233.7,233.7,239.2,238.11,238.11,237.11,238.2,238.4,236.7,235.31,235.31,233.5,232.7
2021-06-22 10:00:00,294.2,294.2,294.0,294.5,294.89,294.89,295.0,295.0,294.89,294.6,294.6,294.2,294.2,294.0,294.5,294.89,294.89,294.89,294.6,294.5,294.6,294.1,294.29,294.2,294.0,294.5,294.89,294.89,294.6,294.6,294.29,294.2,293.6,294.29,294.1,294.1,294.5,294.5,294.29,294.39,294.29,294.1,293.6,293.6,294.29,293.89,293.89,294.1,294.2,294.2,294.0,293.89,293.5,293.5,292.79,293.89,293.89,293.79,293.89,293.89,293.7,293.5,293.39,293.39,292.7,291.79,293.89,293.79,293.7,293.5,293.89,293.7,293.5,293.5,293.39,292.7,291.79,293.89,293.79,293.7,293.5,293.7,293.7,293.29,293.0,292.7,291.89,291.29,293.7,293.7,293.29,293.5,293.5,293.2,293.0,292.39,291.5,291.29,291.0,293.79,293.5,293.39,293.39,293.2,293.0,292.29,291.79,291.29,291.0,291.0,293.7,293.39,293.39,293.2,293.0,292.5,291.5,291.1,291.1,291.0,290.79
2021-07-09 04:00:00,294.1,294.29,294.39,294.39,294.6,294.39,294.29,294.29,294.1,293.29,291.79,294.1,294.29,294.39,294.39,294.6,294.89,294.89,294.7,294.6,293.5,292.2,294.1,294.29,294.39,294.5,294.89,294.89,295.0,294.79,294.5,293.89,292.7,294.1,294.2,294.2,294.6,294.6,294.7,294.79,294.7,294.2,293.89,293.89,294.0,294.2,294.2,294.29,294.39,294.6,294.5,294.29,293.89,293.89,293.29,294.0,294.0,294.39,294.39,294.39,294.39,294.29,293.79,293.79,293.5,293.2,294.2,294.29,294.29,294.39,294.39,294.39,294.29,294.29,293.79,293.5,293.2,294.2,294.29,294.29,294.39,294.29,294.29,294.2,293.79,293.39,293.0,293.0,294.39,294.29,294.39,294.29,294.29,294.29,293.79,293.6,292.7,292.6,292.89,294.39,294.39,294.29,294.29,294.1,294.0,293.6,293.0,292.6,292.39,292.39,294.39,294.5,294.5,294.2,294.1,293.79,293.0,292.79,292.79,292.5,292.5
2021-07-20 04:00:00,290.6,291.2,291.1,291.6,291.89,291.6,291.5,291.5,290.89,290.79,290.39,290.6,291.2,291.1,291.6,291.89,291.7,291.7,291.5,290.89,290.2,290.0,290.79,291.0,291.2,291.79,292.0,292.0,291.5,291.1,290.7,290.29,289.89,290.7,290.7,290.89,291.5,291.5,291.79,290.79,290.0,290.5,290.29,290.29,290.6,290.1,290.1,290.1,290.1,290.0,289.7,290.1,290.29,290.29,289.7,289.29,289.29,288.6,288.39,287.79,287.89,288.7,289.89,289.89,289.79,289.6,289.29,289.39,288.1,286.79,287.79,287.89,288.7,288.7,289.89,289.79,289.6,289.29,289.39,288.1,286.79,285.6,285.6,286.79,288.2,288.79,289.6,289.89,289.2,289.0,288.1,286.2,286.2,284.6,284.29,288.1,289.89,289.1,289.1,288.29,288.39,286.0,286.0,283.6,285.1,287.7,288.39,288.5,289.39,289.39,288.29,285.0,285.0,284.29,284.89,286.6,287.89,289.2,289.2,289.5,289.39
2021-07-01 23:00:00,226.7,225.11,231.61,239.2,241.11,239.11,231.81,231.81,229.81,231.61,234.61,226.7,225.11,231.61,239.2,241.11,242.61,242.61,235.2,228.7,228.0,231.11,224.5,225.2,230.11,237.11,235.0,235.0,235.9,239.7,232.0,227.5,225.0,229.81,228.81,236.11,238.31,238.31,232.4,232.31,237.2,240.61,227.31,227.31,239.31,243.2,243.2,245.0,244.2,238.5,231.81,234.5,247.4,247.4,236.7,249.0,249.0,255.2,261.9,252.7,238.61,237.7,243.9,243.9,252.31,241.61,264.8,260.3,260.0,261.5,252.7,238.61,237.7,237.7,243.9,252.31,241.61,264.8,260.3,260.0,261.5,260.8,260.8,255.61,253.5,252.61,253.0,247.9,275.89,266.61,264.21,262.5,262.5,267.61,270.4,267.21,260.0,253.61,252.7,281.5,275.0,270.9,270.9,268.61,272.71,271.71,268.4,267.0,259.4,259.4,284.2,281.2,281.2,275.89,273.1,275.5,272.8,269.4,269.4,269.21,264.5
2021-07-11 23:00:00,271.9,274.7,275.89,275.0,281.2,278.5,279.29,279.29,285.5,287.39,286.6,271.9,274.7,275.89,275.0,281.2,280.7,280.7,281.79,286.89,286.7,285.6,267.5,272.71,279.1,276.79,278.2,278.2,281.89,284.1,286.1,285.6,285.7,266.8,270.9,276.2,277.89,277.89,279.29,281.1,280.6,283.5,287.0,287.0,266.71,270.9,270.9,274.6,274.89,275.89,281.2,277.29,280.2,280.2,284.2,266.8,266.8,269.5,272.21,270.21,271.8,279.29,275.29,275.29,276.7,280.29,263.8,265.4,267.11,268.21,270.21,271.8,279.29,279.29,275.29,276.7,280.29,263.8,265.4,267.11,268.21,267.4,267.4,270.61,272.0,270.5,275.39,278.5,261.61,263.0,264.8,266.5,266.5,266.71,266.61,266.71,269.11,275.0,278.2,259.3,261.11,262.4,262.4,264.8,264.8,266.71,266.21,269.11,275.5,275.5,256.5,258.3,258.3,260.11,262.5,264.8,267.4,268.9,268.9,271.71,276.6
2021-06-15 00:00:00,217.81,218.5,218.7,217.31,217.31,214.7,215.81,215.81,217.81,217.4,213.5,217.81,218.5,218.7,217.31,217.31,217.5,217.5,218.2,218.31,216.7,214.2,219.9,220.4,220.31,219.9,219.81,219.81,219.31,219.2,218.7,217.0,216.5,221.31,222.0,222.2,222.4,222.4,222.7,220.81,219.7,218.7,218.81,218.81,222.0,222.11,222.11,223.11,224.31,223.61,222.5,220.7,219.5,219.5,219.5,222.2,222.2,222.81,224.7,226.31,225.61,223.61,221.81,221.81,220.9,220.5,222.9,223.5,224.9,227.5,226.31,225.61,223.61,223.61,221.81,220.9,220.5,222.9,223.5,224.9,227.5,228.9,228.9,227.9,225.5,223.61,222.2,220.9,226.7,226.2,228.61,232.2,232.2,233.5,229.4,227.4,226.2,222.9,221.31,236.0,232.31,232.81,232.81,238.11,239.31,230.61,226.4,225.4,223.9,223.9,247.2,242.0,242.0,241.31,246.2,246.11,234.81,226.9,226.9,224.81,225.2
2021-06-24 05:00:00,273.79,267.4,262.3,250.4,249.0,257.5,259.21,259.21,261.5,274.7,276.6,273.79,267.4,262.3,250.4,249.0,251.7,251.7,256.61,258.8,268.9,270.3,271.0,269.3,263.8,250.9,249.5,249.5,251.61,256.0,255.2,259.11,263.61,272.11,271.0,264.11,251.61,251.61,249.31,253.31,257.3,250.9,250.2,250.2,275.2,269.9,269.9,261.11,251.11,251.5,255.7,254.7,247.11,247.11,248.31,276.5,276.5,267.21,256.8,251.11,254.31,256.71,252.31,252.31,243.7,248.81,275.89,272.8,261.8,252.81,251.11,254.31,256.71,256.71,252.31,243.7,248.81,275.89,272.8,261.8,252.81,253.11,253.11,256.3,255.4,249.7,243.31,252.5,273.2,265.0,257.4,253.61,253.61,254.61,254.9,253.11,248.11,244.31,257.9,267.21,261.3,258.71,258.71,257.3,254.7,253.5,249.9,247.11,246.61,246.61,261.21,262.9,262.9,260.3,259.21,255.7,251.31,247.2,247.2,246.9,248.4
2021-07-07 06:00:00,223.9,222.7,221.31,220.0,219.7,220.0,220.7,220.7,220.0,219.9,221.0,223.9,222.7,221.31,220.0,219.7,219.61,219.61,219.9,221.11,221.7,221.31,223.4,223.31,222.11,221.31,220.2,220.2,220.11,220.81,221.7,222.0,222.11,224.4,222.7,221.81,222.11,222.11,221.5,220.5,221.11,221.61,222.11,222.11,224.4,223.2,223.2,222.9,222.81,221.7,221.31,221.11,221.61,221.61,221.7,224.11,224.11,224.11,224.31,223.31,222.11,221.5,220.9,220.9,221.31,222.31,223.0,223.31,224.9,225.11,223.31,222.11,221.5,221.5,220.9,221.31,222.31,223.0,223.31,224.9,225.11,224.0,224.0,222.7,221.31,220.31,221.61,222.61,223.11,224.2,225.61,225.7,225.7,224.9,223.31,221.11,220.0,221.9,222.61,224.2,224.81,226.7,226.7,226.5,225.11,222.5,220.9,221.11,222.0,222.0,225.31,226.11,226.11,226.7,227.5,225.11,220.7,221.2,221.2,222.4,222.4
2021-08-16 07:00:00,239.5,240.0,240.9,240.9,240.81,245.11,246.11,246.11,246.81,250.31,250.5,239.5,240.0,240.9,240.9,240.81,242.5,242.5,243.31,245.9,247.9,248.61,238.5,237.9,238.81,239.9,240.31,240.31,241.81,242.81,243.81,243.61,245.31,237.7,237.4,238.81,240.0,240.0,241.5,242.4,242.81,242.0,240.81,240.81,239.4,240.5,240.5,241.31,242.5,242.9,243.4,242.81,241.31,241.31,239.61,242.5,242.5,244.0,246.2,245.9,244.81,244.61,243.5,243.5,240.61,238.81,243.7,245.5,247.0,251.5,245.9,244.81,244.61,244.61,243.5,240.61,238.81,243.7,245.5,247.0,251.5,249.61,249.61,247.9,245.2,242.81,240.11,240.9,248.31,250.61,249.7,255.4,255.4,254.2,250.4,247.7,242.4,241.11,242.31,254.2,253.81,252.61,252.61,257.0,255.7,252.7,249.9,244.81,242.7,242.7,259.5,255.9,255.9,254.4,256.9,255.81,254.31,252.2,252.2,246.5,245.11
2021-08-19 02:00:00,291.1,290.5,289.39,288.1,287.5,290.89,290.79,290.79,291.29,291.2,290.7,291.1,290.5,289.39,288.1,287.5,290.0,290.0,290.89,291.2,290.7,290.0,291.2,291.0,290.89,289.7,287.0,287.0,290.29,291.79,290.7,288.7,290.29,291.2,290.89,291.1,290.5,290.5,289.79,290.39,290.6,290.2,289.1,289.1,291.5,291.2,291.2,290.89,291.0,290.6,290.29,290.2,290.1,290.1,290.29,291.5,291.5,291.2,291.2,291.1,290.79,290.2,290.29,290.29,290.6,290.1,291.29,291.39,291.29,291.2,291.1,290.79,290.2,290.2,290.29,290.6,290.1,291.29,291.39,291.29,291.2,291.2,291.2,290.6,290.7,290.79,290.7,290.39,291.2,291.2,291.39,291.1,291.1,290.79,290.79,290.89,291.1,290.89,290.5,290.79,290.89,290.89,290.89,290.6,290.6,290.7,291.0,290.89,290.89,290.89,290.5,290.5,290.5,290.29,290.2,290.5,290.89,290.7,290.7,290.7,290.6
2021-06-29 00:00:00,267.21,270.3,278.5,286.7,288.29,288.6,288.1,288.1,287.39,287.6,287.39,267.21,270.3,278.5,286.7,288.29,287.79,287.79,286.5,285.1,284.7,284.0,264.5,268.21,275.79,285.1,286.6,286.6,285.5,284.1,282.6,280.6,277.6,264.5,266.8,274.1,281.7,281.7,282.2,281.7,281.1,279.5,275.6,275.6,264.4,268.61,268.61,275.89,276.39,275.2,275.79,275.79,274.7,274.7,269.8,264.3,264.3,270.71,274.5,270.8,269.11,268.9,268.21,268.21,268.71,266.0,260.61,263.9,268.71,267.9,270.8,269.11,268.9,268.9,268.21,268.71,266.0,260.61,263.9,268.71,267.9,266.3,266.3,264.61,262.3,262.71,262.71,261.8,259.8,262.4,264.21,262.9,262.9,260.5,258.4,256.4,256.0,256.71,258.9,258.4,259.8,260.0,260.0,257.71,254.2,252.81,251.9,251.7,253.31,253.31,256.4,255.9,255.9,255.0,252.11,248.7,248.5,249.11,249.11,249.4,251.2
2021-07-12 03:00:00,275.29,276.89,274.29,270.4,260.9,254.4,253.9,253.9,254.61,254.4,254.2,275.29,276.89,274.29,270.4,260.9,253.9,253.9,255.0,255.81,255.4,254.11,274.79,274.29,271.0,268.5,264.9,264.9,260.5,258.71,254.5,252.7,252.61,268.9,270.3,268.8,266.71,266.71,265.8,267.11,259.71,253.11,251.0,251.0,270.9,269.8,269.8,262.61,265.4,267.4,262.4,253.9,252.0,252.0,252.0,266.0,266.0,268.5,263.9,263.21,260.11,255.9,252.5,252.5,250.11,251.0,258.3,261.9,264.9,263.5,263.21,260.11,255.9,255.9,252.5,250.11,251.0,258.3,261.9,264.9,263.5,260.4,260.4,255.81,252.7,250.2,249.11,249.7,258.21,258.3,263.21,264.71,264.71,257.71,251.9,250.2,248.9,248.4,249.5,258.3,259.9,261.11,261.11,260.9,253.0,251.4,249.4,248.0,248.2,248.2,260.3,261.21,261.21,260.11,255.61,250.5,251.2,250.5,250.5,249.4,249.4
2021-07-29 07:00:00,286.39,286.6,287.2,287.89,287.7,287.7,287.5,287.5,285.7,283.2,281.89,286.39,286.6,287.2,287.89,287.7,288.2,288.2,288.2,285.0,283.29,283.1,286.5,286.79,287.5,288.2,288.2,288.2,288.2,287.5,284.79,284.6,284.6,286.6,286.89,287.39,288.39,288.39,288.6,288.1,286.7,285.2,285.6,285.6,286.0,286.2,286.2,287.29,287.79,288.1,287.89,286.79,285.89,285.89,286.7,285.0,285.0,285.6,286.7,287.1,287.6,287.89,286.79,286.79,287.1,287.39,284.89,284.0,284.89,286.1,287.1,287.6,287.89,287.89,286.79,287.1,287.39,284.89,284.0,284.89,286.1,286.39,286.39,286.79,287.1,287.7,287.39,288.1,284.39,283.89,284.29,285.29,285.29,285.89,286.29,286.6,287.6,287.7,288.5,284.29,283.79,284.79,284.79,285.29,285.7,285.7,286.29,287.29,287.79,287.79,284.6,284.79,284.79,285.39,285.7,285.7,285.6,286.39,286.39,286.79,287.7
2021-08-18 23:00:00,290.89,290.39,289.7,289.2,289.2,290.0,290.0,290.0,290.29,290.7,290.79,290.89,290.39,289.7,289.2,289.2,289.29,289.29,289.89,290.29,290.6,290.39,289.5,290.2,289.79,289.0,289.2,289.2,289.5,289.79,290.2,290.2,290.39,289.39,289.1,289.2,288.89,288.89,289.2,289.79,290.0,290.0,290.1,290.1,289.0,289.0,289.0,288.79,289.1,289.5,289.79,289.89,290.0,290.0,290.1,289.1,289.1,288.89,288.2,289.29,289.79,289.7,289.89,289.89,290.1,290.0,289.2,289.29,288.89,288.6,289.29,289.79,289.7,289.7,289.89,290.1,290.0,289.2,289.29,288.89,288.6,289.5,289.5,289.6,289.79,289.89,290.1,290.2,289.39,289.39,288.79,288.79,288.79,289.39,289.29,289.5,289.7,290.0,289.79,289.39,288.89,288.5,288.5,288.5,288.89,288.79,289.0,289.29,289.39,289.39,289.29,288.2,288.2,288.29,288.2,288.5,288.29,288.39,288.39,288.6,288.5
2021-06-12 08:00:00,266.0,263.3,258.8,252.61,251.2,263.61,262.4,262.4,265.0,265.8,261.71,266.0,263.3,258.8,252.61,251.2,254.11,254.11,254.81,255.7,251.0,248.4,264.0,260.61,255.81,244.5,237.5,237.5,242.9,242.5,244.31,245.11,240.5,261.21,257.0,250.5,238.0,238.0,227.31,231.2,233.0,233.0,240.9,240.9,257.3,247.11,247.11,240.5,233.2,227.7,231.4,231.9,231.31,231.31,236.2,250.81,250.81,237.81,232.81,230.81,231.2,235.61,238.81,238.81,234.11,235.5,256.3,246.31,234.61,231.11,230.81,231.2,235.61,235.61,238.81,234.11,235.5,256.3,246.31,234.61,231.11,229.61,229.61,233.0,237.9,241.31,240.9,243.4,250.31,242.9,233.81,230.0,230.0,230.81,235.5,240.5,244.61,248.2,249.61,245.0,240.7,237.7,237.7,232.0,235.31,240.5,244.7,249.4,252.7,252.7,242.81,244.2,244.2,244.11,241.81,242.81,247.9,251.4,251.4,255.4,257.11
2021-08-03 07:00:00,290.79,290.7,291.39,290.79,290.5,290.79,290.39,290.39,290.29,290.29,290.7,290.79,290.7,291.39,290.79,290.5,290.6,290.6,290.39,290.1,290.0,290.29,291.29,290.89,290.39,291.0,290.79,290.79,290.29,290.1,290.0,290.1,290.0,291.29,291.1,290.39,290.89,290.89,290.89,290.1,290.39,290.1,290.2,290.2,291.2,291.2,291.2,290.6,290.79,290.7,290.7,290.79,290.6,290.6,290.29,291.29,291.29,291.5,290.6,290.7,290.89,291.2,291.39,291.39,291.1,290.79,291.5,291.5,291.29,290.89,290.7,290.89,291.2,291.2,291.39,291.1,290.79,291.5,291.5,291.29,290.89,290.7,290.7,291.0,291.5,292.2,292.0,291.0,292.0,291.79,291.1,291.1,291.1,290.89,291.0,291.5,292.7,292.5,291.5,292.39,291.39,291.0,291.0,291.1,290.89,290.79,291.29,292.2,292.5,292.5,292.29,291.39,291.39,290.79,291.1,291.0,290.6,290.79,290.79,292.2,292.29
2021-08-15 07:00:00,291.79,291.7,291.6,291.5,291.2,290.7,290.29,290.29,290.1,290.0,289.6,291.79,291.7,291.6,291.5,291.2,291.1,291.1,290.7,290.6,290.29,289.5,292.0,291.89,291.5,291.1,291.1,291.1,291.0,290.7,290.89,290.5,290.39,292.1,291.89,291.39,290.89,290.89,290.6,290.6,290.79,290.89,290.7,290.7,291.79,291.89,291.89,291.7,291.2,290.89,290.89,290.89,291.1,291.1,291.0,291.29,291.29,291.79,291.89,291.6,291.1,291.2,291.39,291.39,291.2,290.6,290.79,291.2,291.7,292.1,291.6,291.1,291.2,291.2,291.39,291.2,290.6,290.79,291.2,291.7,292.1,292.0,292.0,291.7,291.6,291.7,291.1,290.7,290.5,291.0,291.39,291.89,291.89,292.0,292.1,292.1,291.5,291.0,290.79,290.7,290.39,290.79,290.79,291.39,291.79,292.0,291.79,291.39,291.1,291.1,290.5,290.1,290.1,290.2,290.89,291.39,291.7,291.29,291.29,291.2,291.2
2021-07-20 08:00:00,278.0,281.0,283.1,282.1,279.79,284.29,287.7,287.7,291.5,291.6,290.7,278.0,281.0,283.1,282.1,279.79,284.1,284.1,290.6,292.0,291.39,290.0,283.7,283.79,283.0,282.0,284.79,284.79,287.39,289.5,291.0,290.89,287.39,288.29,286.29,279.1,282.6,282.6,287.7,289.39,289.29,288.5,286.89,286.89,286.6,282.79,282.79,280.7,283.5,285.79,287.89,288.29,285.39,285.39,281.39,283.1,283.1,278.5,280.79,283.0,284.89,284.6,282.39,282.39,281.29,282.1,284.6,279.79,279.7,279.39,283.0,284.89,284.6,284.6,282.39,281.29,282.1,284.6,279.79,279.7,279.39,281.2,281.2,281.29,278.79,278.79,278.1,278.39,280.7,279.0,279.2,280.5,280.5,278.6,274.89,275.39,272.8,275.7,281.79,279.6,278.7,277.6,277.6,276.29,275.79,274.5,273.7,273.6,278.29,278.29,277.2,276.2,276.2,275.39,273.79,272.8,274.2,273.79,273.79,277.29,281.39
2021-08-13 03:00:00,234.81,234.0,237.2,238.4,240.5,244.0,246.2,246.2,247.9,248.0,247.2,234.81,234.0,237.2,238.4,240.5,239.2,239.2,245.7,246.81,245.2,244.4,227.4,230.0,232.81,235.4,234.9,234.9,238.5,247.81,245.81,239.9,236.61,223.61,226.31,229.7,232.2,232.2,231.5,240.81,248.0,245.31,237.7,237.7,223.61,223.31,223.31,225.4,229.4,234.0,242.61,247.11,242.9,242.9,235.0,223.31,223.31,222.4,223.2,226.7,236.2,243.2,243.11,243.11,238.9,237.11,222.31,221.2,223.11,225.11,226.7,236.2,243.2,243.2,243.11,238.9,237.11,222.31,221.2,223.11,225.11,227.2,227.2,234.5,240.31,241.5,239.5,237.31,222.11,222.2,224.31,227.11,227.11,228.31,233.7,236.31,240.81,241.61,239.9,223.5,225.61,226.81,226.81,227.5,230.11,232.81,234.9,239.81,243.2,243.2,225.81,226.9,226.9,229.11,230.7,231.9,232.2,234.9,234.9,240.61,244.31
2021-06-30 05:00:00,291.7,292.0,292.1,293.2,294.2,294.6,294.39,294.39,294.29,293.7,293.29,291.7,292.0,292.1,293.2,294.2,294.6,294.6,294.5,294.2,293.39,292.7,291.7,291.79,292.29,293.2,294.5,294.5,294.6,294.1,293.89,293.79,292.39,290.7,292.0,292.39,293.2,293.2,294.39,294.39,294.29,293.6,293.1,293.1,290.6,292.1,292.1,293.5,293.6,293.7,294.29,294.2,293.2,293.2,292.39,291.39,291.39,292.39,293.29,293.89,293.7,293.7,293.5,293.5,292.79,291.5,290.6,291.79,292.5,293.39,293.89,293.7,293.7,293.7,293.5,292.79,291.5,290.6,291.79,292.5,293.39,294.1,294.1,293.89,293.5,292.79,292.0,291.39,291.2,291.89,293.0,293.89,293.89,294.1,293.79,293.1,292.0,291.1,291.1,291.29,291.79,293.39,293.39,294.0,294.2,293.5,292.39,291.1,291.1,291.1,291.1,292.2,292.2,293.39,294.0,293.89,292.79,291.6,291.6,290.89,291.0
2021-07-12 04:00:00,294.6,291.2,280.89,281.6,277.2,268.71,269.9,269.9,272.5,267.21,265.21,294.6,291.2,280.89,281.6,277.2,268.5,268.5,270.21,275.7,268.4,260.11,293.5,285.79,276.29,281.0,275.5,275.5,268.61,270.8,270.21,269.11,261.11,292.79,279.5,273.5,277.2,277.2,273.1,268.5,267.61,266.61,266.5,266.5,290.0,276.5,276.5,272.8,272.5,270.0,265.11,263.61,265.21,265.21,264.61,285.89,285.89,278.0,273.89,268.71,263.5,259.4,259.61,259.61,260.61,261.9,290.89,282.89,282.7,277.6,268.71,263.5,259.4,259.4,259.61,260.61,261.9,290.89,282.89,282.7,277.6,263.21,263.21,257.0,255.81,255.2,256.11,257.8,287.2,284.1,287.89,275.7,275.7,261.21,254.5,253.7,253.7,254.5,255.2,282.1,284.1,286.6,286.6,279.0,259.8,253.11,253.4,252.0,254.31,254.31,277.2,281.0,281.0,284.0,276.89,260.61,253.5,252.7,252.7,251.31,252.7
2021-07-26 01:00:00,258.11,257.3,254.81,252.31,248.9,240.0,236.0,236.0,234.31,233.4,234.2,258.11,257.3,254.81,252.31,248.9,243.4,243.4,236.7,233.11,231.81,232.31,257.9,258.8,256.3,252.9,249.7,249.7,243.0,237.31,233.5,231.81,231.81,258.3,260.11,258.5,253.0,253.0,247.7,242.2,237.9,234.2,232.7,232.7,259.21,260.61,260.61,257.8,252.4,248.0,242.2,236.31,234.9,234.9,232.81,261.0,261.0,261.21,254.11,251.81,248.9,241.11,235.61,235.61,234.5,233.5,255.5,260.9,260.9,257.0,251.81,248.9,241.11,241.11,235.61,234.5,233.5,255.5,260.9,260.9,257.0,249.7,249.7,244.31,242.2,238.4,234.5,232.0,256.0,261.0,263.0,255.81,255.81,249.4,246.11,242.5,239.2,235.11,233.0,255.5,262.0,262.11,262.11,258.5,251.0,244.9,241.11,239.7,236.9,236.9,255.81,259.61,259.61,262.61,259.11,252.5,245.5,239.7,239.7,240.9,239.81
2021-08-17 02:00:00,288.29,287.5,285.6,284.39,282.29,284.7,283.2,283.2,279.89,276.6,270.3,288.29,287.5,285.6,284.39,282.29,277.7,277.7,278.39,273.7,268.4,262.8,286.5,284.29,282.0,281.79,275.39,275.39,270.0,272.11,268.11,265.3,262.0,283.1,281.2,280.5,277.2,277.2,268.5,264.3,267.8,266.3,261.8,261.8,282.0,282.7,282.7,280.1,270.9,264.3,265.5,271.0,269.8,269.8,258.71,282.7,282.7,282.89,277.89,268.0,262.3,271.3,275.39,275.39,273.6,263.11,282.39,280.79,277.39,271.3,268.0,262.3,271.3,271.3,275.39,273.6,263.11,282.39,280.79,277.39,271.3,268.8,268.8,266.9,278.1,279.89,276.39,270.11,282.2,275.6,270.9,267.3,267.3,269.9,274.0,282.1,282.2,278.6,272.5,278.39,271.0,268.0,268.0,270.0,272.3,275.2,278.1,278.79,278.1,278.1,275.0,268.9,268.9,267.0,272.71,275.5,272.21,272.21,272.21,274.1,276.5
2021-06-23 10:00:00,291.6,291.29,291.1,291.2,291.29,291.29,291.1,291.1,291.1,290.89,290.79,291.6,291.29,291.1,291.2,291.29,291.29,291.29,291.0,290.89,290.6,290.39,291.2,291.1,291.0,290.89,291.1,291.1,290.79,290.7,290.7,290.29,290.2,291.1,290.79,290.89,290.7,290.7,290.7,290.6,290.6,290.5,290.6,290.6,290.89,290.79,290.79,290.7,290.7,290.79,290.7,290.6,290.5,290.5,290.2,290.79,290.79,290.6,290.79,290.7,290.6,290.7,290.6,290.6,290.39,289.6,290.7,290.5,290.7,290.6,290.7,290.6,290.7,290.7,290.6,290.39,289.6,290.7,290.5,290.7,290.6,290.6,290.6,290.5,290.6,290.5,289.89,289.5,290.7,290.79,290.7,290.79,290.79,290.6,290.5,290.6,290.0,289.7,289.5,290.7,290.6,290.5,290.5,290.6,290.5,290.2,290.0,289.5,289.5,289.5,290.79,290.29,290.29,290.29,290.29,290.29,289.79,289.29,289.29,289.0,289.1
2021-07-01 05:00:00,295.5,295.29,295.2,294.89,294.6,294.89,294.29,294.29,293.79,293.1,292.7,295.5,295.29,295.2,294.89,294.6,294.39,294.39,294.2,293.89,293.2,292.79,294.89,294.7,294.79,294.79,295.0,295.0,294.6,294.0,293.89,293.6,292.89,294.89,294.0,294.29,294.89,294.89,295.29,294.6,294.5,293.79,293.5,293.5,294.7,294.6,294.6,294.7,294.7,294.6,294.7,294.29,293.6,293.6,292.79,294.79,294.79,295.0,294.7,294.39,294.29,294.2,293.79,293.79,293.1,291.79,294.39,294.6,294.39,294.2,294.39,294.29,294.2,294.2,293.79,293.1,291.79,294.39,294.6,294.39,294.2,294.5,294.5,294.2,294.0,293.2,292.2,291.5,295.0,294.5,293.89,294.2,294.2,294.6,294.2,293.7,292.29,291.6,291.1,295.79,294.89,294.5,294.5,294.39,294.6,293.89,292.89,291.79,291.5,291.5,296.39,295.6,295.6,295.0,294.7,294.5,293.0,292.0,292.0,291.6,291.29
2021-07-20 23:00:00,283.79,284.89,285.7,286.7,287.0,287.7,288.0,288.0,288.29,287.89,287.89,283.79,284.89,285.7,286.7,287.0,287.1,287.1,287.39,287.89,288.2,288.2,283.89,285.29,286.2,287.1,287.39,287.39,287.2,287.5,287.7,288.2,288.1,284.5,285.89,286.7,287.39,287.39,287.7,287.5,287.29,287.6,288.1,288.1,286.1,286.7,286.7,287.29,287.39,287.5,287.6,287.39,287.5,287.5,287.6,287.29,287.29,287.5,287.39,287.2,287.29,287.39,287.5,287.5,287.6,287.39,287.7,287.89,287.89,287.39,287.2,287.29,287.39,287.39,287.5,287.6,287.39,287.7,287.89,287.89,287.39,286.79,286.79,286.89,286.79,287.29,287.7,287.6,288.29,288.0,287.6,287.29,287.29,286.39,286.29,286.7,287.1,287.79,287.7,287.7,287.0,286.2,286.2,285.7,286.0,287.0,287.2,287.7,287.6,287.6,286.39,285.39,285.39,284.5,284.39,285.79,287.1,287.79,287.79,287.89,287.5
2021-08-25 05:00:00,297.0,297.1,297.0,297.2,297.89,297.89,297.7,297.7,297.6,297.5,297.29,297.0,297.1,297.0,297.2,297.89,297.79,297.79,297.39,297.6,297.2,297.2,296.79,296.89,297.0,297.5,298.39,298.39,297.89,297.1,297.39,297.5,296.79,296.79,296.6,297.29,298.1,298.1,298.2,297.89,297.79,297.1,297.39,297.39,297.0,297.1,297.1,297.39,298.29,298.29,297.89,297.7,297.2,297.2,296.7,297.2,297.2,297.39,297.5,298.1,298.2,297.6,297.29,297.29,297.0,296.29,296.7,297.0,297.29,297.7,298.1,298.2,297.6,297.6,297.29,297.0,296.29,296.7,297.0,297.29,297.7,298.0,298.0,297.5,297.6,297.1,296.39,295.89,296.89,297.1,297.1,297.39,297.39,297.89,297.6,297.29,296.5,295.89,295.89,297.2,296.89,297.2,297.2,297.39,297.6,297.0,296.79,296.1,295.89,295.89,297.29,296.89,296.89,297.2,297.39,297.2,296.5,296.0,296.0,295.7,295.79
2021-07-08 02:00:00,227.81,230.0,230.7,232.2,234.7,235.11,235.81,235.81,238.5,242.7,245.61,227.81,230.0,230.7,232.2,234.7,235.5,235.5,237.7,239.7,244.7,248.4,230.4,230.9,233.11,236.31,237.81,237.81,238.5,241.4,242.5,245.2,246.9,235.11,235.2,238.2,241.81,241.81,241.81,241.11,243.81,244.9,245.31,245.31,245.0,247.5,247.5,249.2,250.2,245.4,240.5,242.81,246.11,246.11,242.81,257.21,257.21,260.0,260.71,259.4,252.31,242.61,245.2,245.2,248.0,239.7,263.0,267.8,267.8,268.4,259.4,252.31,242.61,242.61,245.2,248.0,239.7,263.0,267.8,267.8,268.4,269.4,269.4,258.3,251.11,248.7,247.2,242.31,273.0,275.1,274.29,275.1,275.1,276.7,266.8,260.4,252.81,247.7,246.2,279.7,280.0,280.2,280.2,281.29,281.39,273.79,271.5,265.3,256.11,256.11,282.79,283.0,283.0,283.89,283.89,283.5,281.7,280.2,280.2,274.1,265.5
2021-07-30 04:00:00,292.7,292.6,292.7,292.79,293.0,293.1,292.89,292.89,292.7,292.29,292.2,292.7,292.6,292.7,292.79,293.0,293.2,293.2,293.0,292.7,292.6,292.2,292.6,292.7,292.6,293.0,293.1,293.1,293.2,292.89,292.79,292.89,292.29,292.39,292.7,292.7,293.0,293.0,293.0,293.0,293.1,292.7,293.1,293.1,292.6,292.7,292.7,292.7,293.0,293.0,293.1,293.0,292.79,292.79,292.5,292.39,292.39,292.5,292.6,292.79,292.89,292.89,292.89,292.89,292.5,292.0,292.7,292.5,292.6,292.6,292.79,292.89,292.89,292.89,292.89,292.5,292.0,292.7,292.5,292.6,292.6,292.89,292.89,292.79,292.7,292.5,292.1,292.0,292.79,292.79,292.5,292.7,292.7,292.7,292.79,292.29,292.0,291.79,291.7,293.0,292.79,292.7,292.7,292.7,292.79,292.5,292.2,291.79,291.7,291.7,293.2,292.89,292.89,292.79,292.7,292.79,292.29,292.0,292.0,291.79,291.7
2021-08-09 08:00:00,252.31,254.5,255.7,255.2,254.61,254.81,255.9,255.9,255.9,253.31,250.61,252.31,254.5,255.7,255.2,254.61,256.11,256.11,256.5,254.9,250.31,247.11,254.4,256.5,255.5,256.3,257.71,257.71,256.8,255.61,253.5,248.9,243.61,254.9,257.0,256.0,257.21,257.21,258.9,256.9,255.61,252.4,245.61,245.61,253.0,253.4,253.4,258.0,259.4,257.21,257.0,255.31,250.9,250.9,244.0,249.7,249.7,250.31,256.61,260.3,257.9,255.11,254.0,254.0,249.81,241.9,251.4,249.9,249.7,256.71,260.3,257.9,255.11,255.11,254.0,249.81,241.9,251.4,249.9,249.7,256.71,258.8,258.8,255.61,251.9,250.7,248.31,243.0,249.2,248.61,249.7,255.4,255.4,255.81,254.4,248.0,246.7,247.11,245.4,246.2,243.81,245.5,245.5,251.31,252.81,251.61,247.31,247.0,247.7,247.7,242.7,238.4,238.4,241.0,247.7,249.9,247.4,246.81,246.81,248.2,248.0
2021-08-18 07:00:00,292.6,293.5,293.39,291.1,291.6,291.39,292.0,292.0,292.2,292.6,293.29,292.6,293.5,293.39,291.1,291.6,292.2,292.2,292.6,292.6,292.79,293.0,292.2,293.29,293.29,291.29,291.7,291.7,292.5,292.89,293.29,293.79,293.7,292.5,293.1,292.89,291.79,291.79,292.29,292.5,292.29,293.89,294.6,294.6,292.5,293.39,293.39,293.39,292.0,292.6,292.79,293.0,293.89,293.89,294.5,292.29,292.29,293.7,294.0,292.29,292.0,293.6,293.7,293.7,294.2,294.1,292.79,293.2,294.2,293.79,292.29,292.0,293.6,293.6,293.7,294.2,294.1,292.79,293.2,294.2,293.79,292.2,292.2,293.2,293.89,294.1,294.1,293.89,292.6,294.1,294.29,293.6,293.6,292.39,293.39,294.29,294.0,294.0,293.2,293.29,294.2,293.89,293.89,293.2,293.0,293.29,294.0,293.7,293.39,293.39,293.89,293.6,293.6,293.39,293.0,293.29,293.89,293.39,293.39,292.79,292.79
2021-06-16 07:00:00,286.5,285.0,285.6,286.6,283.2,282.7,281.1,281.1,284.79,287.5,287.79,286.5,285.0,285.6,286.6,283.2,280.5,280.5,283.1,286.1,287.7,288.1,286.1,285.2,286.1,285.5,282.29,282.29,281.7,284.7,286.7,287.6,287.79,285.79,285.79,286.2,284.2,284.2,282.79,283.79,286.29,287.2,287.5,287.5,286.0,285.79,285.79,285.7,284.79,284.1,285.6,286.7,287.5,287.5,287.7,286.29,286.29,286.0,285.7,285.79,286.29,286.79,287.29,287.29,287.5,287.7,286.6,286.5,286.6,286.7,285.79,286.29,286.79,286.79,287.29,287.5,287.7,286.6,286.5,286.6,286.7,286.7,286.7,287.2,287.39,287.39,287.7,287.7,286.79,286.89,287.2,287.39,287.39,287.6,287.89,287.5,287.5,287.7,287.79,286.89,287.2,287.39,287.39,287.5,287.89,287.79,287.79,287.7,287.79,287.79,286.89,287.39,287.39,287.39,287.5,287.89,287.79,287.89,287.89,287.89,287.7
2021-06-21 10:00:00,278.29,277.79,280.7,282.6,279.0,273.29,272.4,272.4,271.9,272.11,272.71,278.29,277.79,280.7,282.6,279.0,274.5,274.5,274.29,277.1,278.5,277.79,286.7,283.0,282.39,285.6,285.29,285.29,281.7,282.5,280.89,278.7,279.1,289.2,287.79,285.39,285.7,285.7,287.2,288.0,287.79,283.79,280.39,280.39,285.7,286.6,286.6,284.1,282.79,284.79,286.0,285.6,285.7,285.7,284.1,284.89,284.89,283.2,280.6,278.79,278.1,280.39,283.89,283.89,284.1,281.7,280.1,281.89,280.39,278.2,278.79,278.1,280.39,280.39,283.89,284.1,281.7,280.1,281.89,280.39,278.2,272.0,272.0,270.61,277.79,280.39,279.1,280.5,274.2,279.2,278.0,269.8,269.8,265.5,268.11,274.29,274.29,276.2,280.2,271.8,276.89,275.89,275.89,267.21,264.5,268.5,269.9,270.21,274.5,274.5,273.1,274.89,274.89,277.2,266.0,269.21,268.71,267.8,267.8,270.8,274.2
2021-06-28 10:00:00,292.29,292.2,292.2,292.39,292.2,292.0,291.6,291.6,291.29,291.0,290.2,292.29,292.2,292.2,292.39,292.2,292.0,292.0,291.79,291.7,291.79,290.6,292.29,292.29,292.2,292.2,292.6,292.6,292.6,292.39,292.79,292.5,287.79,292.1,292.29,292.0,291.89,291.89,291.89,292.1,292.39,292.29,290.2,290.2,292.0,291.5,291.5,291.1,290.6,290.89,289.7,288.2,287.7,287.7,286.5,291.7,291.7,290.89,290.29,289.29,288.1,286.6,283.6,283.6,283.39,284.89,292.0,291.5,290.7,290.1,289.29,288.1,286.6,286.6,283.6,283.39,284.89,292.0,291.5,290.7,290.1,288.89,288.89,286.0,279.89,280.29,281.5,284.6,291.6,290.6,290.2,289.39,289.39,288.2,285.2,275.5,276.39,282.6,281.29,290.2,290.2,290.39,290.39,290.1,287.89,279.89,279.5,283.5,282.29,282.29,289.29,289.5,289.5,290.0,289.7,285.6,282.5,284.79,284.79,285.6,284.7
2021-08-06 07:00:00,265.0,253.31,248.11,247.0,243.61,234.7,234.11,234.11,231.11,228.4,225.31,265.0,253.31,248.11,247.0,243.61,239.5,239.5,235.81,231.11,226.0,222.61,276.7,267.4,259.61,256.9,249.5,249.5,242.4,237.9,233.4,229.4,223.81,284.79,278.6,272.3,264.8,264.8,254.81,247.0,242.31,238.5,234.0,234.0,288.29,283.89,283.89,276.39,270.5,263.9,256.8,250.61,245.5,245.5,241.9,288.39,288.39,286.0,280.89,274.5,271.21,266.0,259.61,259.61,253.0,250.4,288.29,287.2,287.29,284.89,274.5,271.21,266.0,266.0,259.61,253.0,250.4,288.29,287.2,287.29,284.89,277.2,277.2,273.39,270.3,266.11,261.61,256.8,285.89,286.5,287.1,285.1,285.1,279.1,274.39,272.3,269.5,267.8,265.61,285.79,285.2,284.1,284.1,284.7,279.79,274.0,272.11,271.11,270.0,270.0,286.5,282.79,282.79,280.7,283.89,279.7,273.1,271.3,271.3,270.61,270.5
2021-06-18 11:00:00,273.5,272.61,271.9,271.61,271.3,266.5,268.21,268.21,270.61,271.71,272.4,273.5,272.61,271.9,271.61,271.3,271.61,271.61,272.11,272.3,273.2,273.79,276.6,276.6,274.5,274.7,274.29,274.29,274.29,275.0,274.6,273.5,274.2,276.2,279.0,277.39,275.6,275.6,274.79,274.79,275.1,275.0,274.1,274.1,276.6,277.39,277.39,276.6,275.2,274.2,273.7,273.5,273.89,273.89,273.7,275.39,275.39,275.1,274.79,274.39,273.7,272.61,271.71,271.71,272.5,273.29,273.2,273.39,273.0,273.0,274.39,273.7,272.61,272.61,271.71,272.5,273.29,273.2,273.39,273.0,273.0,272.4,272.4,272.0,271.4,271.0,271.0,271.71,271.8,271.8,271.71,271.61,271.61,271.0,271.21,271.21,271.0,270.9,270.61,271.21,271.3,271.5,271.5,271.11,270.8,270.9,271.11,271.5,271.71,271.71,270.61,270.71,270.71,270.9,270.9,270.4,270.71,270.8,270.8,271.5,271.9
2021-06-21 03:00:00,297.89,297.89,297.89,298.0,298.39,297.89,297.6,297.6,297.2,296.7,295.89,297.89,297.89,297.89,298.0,298.39,298.29,298.29,298.0,297.6,296.79,295.5,297.7,297.79,297.6,298.0,298.39,298.39,298.29,298.1,297.89,297.39,295.79,297.5,297.6,297.39,297.79,297.79,297.7,297.2,297.2,296.7,296.1,296.1,297.29,297.1,297.1,297.6,297.39,296.39,295.79,295.1,294.39,294.39,293.39,296.5,296.5,296.89,297.0,297.0,295.5,294.2,293.29,293.29,292.2,290.2,296.2,296.2,295.79,296.1,297.0,295.5,294.2,294.2,293.29,292.2,290.2,296.2,296.2,295.79,296.1,296.1,296.1,294.89,293.2,291.7,288.5,285.79,296.6,296.2,295.29,295.0,295.0,295.5,295.0,292.89,288.39,285.39,285.39,297.2,296.79,296.2,296.2,295.79,295.89,294.5,291.5,287.79,286.39,286.39,297.7,297.5,297.5,297.0,297.0,296.2,293.39,290.29,290.29,289.1,288.39
2021-06-25 03:00:00,268.21,268.3,276.1,285.1,286.89,288.79,289.2,289.2,287.39,292.6,289.79,268.21,268.3,276.1,285.1,286.89,288.5,288.5,286.6,286.39,287.89,287.29,267.3,269.8,284.89,287.79,289.2,289.2,290.0,288.1,284.0,282.79,280.29,274.1,271.0,286.7,291.79,291.79,292.1,291.2,288.39,280.6,278.39,278.39,274.89,271.71,271.71,285.1,291.79,292.7,289.79,284.6,277.2,277.2,272.11,277.6,277.6,272.5,279.29,290.79,290.6,285.89,278.1,278.1,272.5,267.8,283.89,279.5,275.89,279.39,290.79,290.6,285.89,285.89,278.1,272.5,267.8,283.89,279.5,275.89,279.39,287.1,287.1,286.29,279.2,270.61,268.8,268.11,280.6,277.79,278.89,280.79,280.79,283.2,279.79,272.4,266.3,267.5,264.3,276.2,277.39,280.5,280.5,281.5,280.29,274.6,267.61,266.4,265.4,265.4,271.9,277.0,277.0,281.79,282.0,277.89,271.61,265.0,265.0,266.11,264.9
2021-08-08 08:00:00,293.5,293.79,294.0,293.7,293.89,294.1,294.39,294.39,294.7,294.89,295.0,293.5,293.79,294.0,293.7,293.89,294.0,294.0,294.79,294.89,295.0,294.89,293.6,293.79,293.7,293.89,294.0,294.0,294.29,294.7,295.0,295.2,295.29,293.39,293.7,293.6,293.79,293.79,294.39,294.5,294.79,294.89,295.6,295.6,292.79,293.5,293.5,293.6,293.89,294.1,294.5,294.7,295.2,295.2,295.39,292.89,292.89,293.2,293.6,294.0,294.1,294.29,295.0,295.0,295.2,294.79,292.1,292.89,293.29,293.5,294.0,294.1,294.29,294.29,295.0,295.2,294.79,292.1,292.89,293.29,293.5,294.2,294.2,294.1,294.5,294.79,294.89,294.6,292.6,293.0,293.29,293.89,293.89,294.2,294.39,294.6,294.6,294.39,294.5,293.1,293.89,293.89,293.89,294.0,294.5,294.7,294.7,294.5,294.5,294.5,293.6,294.2,294.2,294.6,294.79,294.7,295.0,294.6,294.6,294.6,294.39
2021-08-14 01:00:00,278.6,279.2,278.79,276.29,275.2,272.4,272.21,272.21,273.2,274.89,277.39,278.6,279.2,278.79,276.29,275.2,276.39,276.39,276.29,275.79,276.7,279.2,281.39,280.79,280.1,277.2,277.89,277.89,280.0,279.5,278.1,278.5,280.7,282.2,281.6,278.89,277.7,277.7,279.39,282.29,279.7,279.1,280.29,280.29,278.6,278.39,278.39,276.29,277.79,279.89,280.7,279.1,278.1,278.1,278.39,275.6,275.6,274.89,275.0,278.39,280.6,278.79,276.6,276.6,276.7,279.5,273.2,273.39,274.1,275.7,278.39,280.6,278.79,278.79,276.6,276.7,279.5,273.2,273.39,274.1,275.7,278.29,278.29,278.7,276.89,275.7,276.2,280.6,272.61,273.7,275.29,278.39,278.39,277.89,276.1,275.0,275.89,276.39,278.6,275.7,277.7,279.2,279.2,279.7,279.79,277.79,276.79,276.7,277.29,277.29,279.2,281.6,281.6,282.79,282.2,281.89,281.39,280.1,280.1,279.0,278.1
2021-08-29 04:00:00,248.61,246.9,243.7,234.11,231.81,247.11,257.8,257.8,264.11,273.39,274.0,248.61,246.9,243.7,234.11,231.81,245.81,245.81,254.5,261.8,274.39,279.5,248.2,243.61,240.31,235.7,238.61,238.61,247.2,250.9,260.61,270.3,279.1,251.7,243.7,240.81,240.31,240.31,242.2,247.0,253.11,257.3,262.61,262.61,255.7,253.0,253.0,250.5,247.0,243.61,244.0,248.7,253.0,253.0,259.21,263.9,263.9,261.0,258.3,253.2,244.9,240.81,243.31,243.31,247.2,255.61,272.61,266.5,264.71,264.9,253.2,244.9,240.81,240.81,243.31,247.2,255.61,272.61,266.5,264.71,264.9,260.11,260.11,248.81,244.0,243.31,239.31,245.61,274.39,269.4,267.8,267.21,267.21,265.21,258.71,249.7,242.5,239.2,248.31,273.6,269.9,270.8,270.8,271.4,267.21,257.9,251.61,250.4,246.81,246.81,270.9,270.21,270.21,272.8,273.5,267.61,261.11,254.81,254.81,255.5,255.5
2021-06-09 06:00:00,246.4,251.31,251.81,253.5,248.81,248.11,238.31,238.31,236.31,239.81,248.7,246.4,251.31,251.81,253.5,248.81,241.11,241.11,235.5,234.7,244.4,252.5,253.4,253.61,251.61,247.9,244.81,244.81,240.7,233.2,235.11,246.2,250.0,258.21,255.5,246.2,242.11,242.11,244.0,240.31,235.9,238.5,241.61,241.61,256.3,252.7,252.7,243.0,241.61,239.2,242.2,242.5,240.2,240.2,243.5,253.31,253.31,246.7,242.81,241.0,240.5,245.2,244.4,244.4,243.11,250.81,251.81,246.2,243.61,243.61,241.0,240.5,245.2,245.2,244.4,243.11,250.81,251.81,246.2,243.61,243.61,239.9,239.9,241.0,247.7,249.11,249.4,251.0,247.2,238.61,240.31,242.81,242.81,238.9,238.0,248.4,256.9,252.7,249.0,240.9,236.11,238.61,238.61,240.7,235.0,235.5,249.4,255.2,253.31,253.31,235.0,237.81,237.81,236.81,235.2,231.7,234.5,248.11,248.11,254.61,251.9
2021-07-20 10:00:00,255.2,259.5,262.5,273.29,283.0,277.89,282.7,282.7,282.2,284.1,286.79,255.2,259.5,262.5,273.29,283.0,284.6,284.6,285.2,283.7,286.2,284.79,259.9,264.8,272.5,280.79,286.0,286.0,288.2,286.79,284.1,285.5,283.1,264.9,271.0,280.5,285.2,285.2,287.5,287.39,285.5,284.1,284.2,284.2,270.9,276.2,276.2,283.39,286.6,285.6,283.6,281.2,284.6,284.6,285.6,278.6,278.6,281.0,283.89,284.6,283.1,277.29,278.6,278.6,284.89,286.5,282.89,286.6,287.7,284.89,284.6,283.1,277.29,277.29,278.6,284.89,286.5,282.89,286.6,287.7,284.89,280.0,280.0,273.79,273.0,279.6,285.0,288.0,285.39,288.1,288.89,286.5,286.5,274.79,265.71,272.71,281.0,286.0,288.7,282.6,282.39,280.2,280.2,278.5,272.71,275.2,280.5,283.79,286.39,286.39,276.79,276.5,276.5,271.11,265.11,274.79,286.29,287.89,287.89,287.5,286.89
2021-07-29 05:00:00,287.89,288.7,288.39,287.5,286.79,286.29,284.5,284.5,284.5,285.5,284.6,287.89,288.7,288.39,287.5,286.79,285.89,285.89,285.1,285.29,286.2,285.79,288.1,288.7,288.7,288.2,287.29,287.29,285.39,285.79,286.2,286.6,286.6,288.0,288.29,288.79,288.79,288.79,287.79,285.6,285.39,287.29,287.39,287.39,287.89,287.89,287.89,288.39,289.0,288.1,286.0,285.29,287.39,287.39,288.1,288.0,288.0,287.2,288.1,288.79,288.0,286.29,286.0,286.0,287.2,287.89,288.2,287.89,287.29,287.7,288.79,288.0,286.29,286.29,286.0,287.2,287.89,288.2,287.89,287.29,287.7,288.6,288.6,287.6,286.5,286.39,286.89,288.1,288.0,287.79,287.5,288.0,288.0,288.29,287.39,286.89,286.89,287.0,287.89,288.0,288.39,288.0,288.0,288.0,288.6,287.7,287.2,286.89,287.5,287.5,287.79,288.79,288.79,288.29,287.89,288.6,288.29,287.1,287.1,286.6,287.6
2021-08-31 04:00:00,268.8,262.4,260.71,256.11,255.61,262.21,262.11,262.11,265.71,264.9,266.11,268.8,262.4,260.71,256.11,255.61,255.0,255.0,253.5,255.81,261.4,266.61,266.5,262.4,264.3,256.61,247.7,247.7,245.7,246.31,248.31,255.81,260.61,268.8,265.8,262.61,259.71,259.71,250.81,237.31,238.31,243.31,246.31,246.31,273.1,267.8,267.8,266.8,262.4,252.2,241.9,235.5,239.7,239.7,241.61,275.5,275.5,267.5,268.11,264.11,253.31,247.2,243.61,243.61,237.5,235.31,276.79,272.3,266.61,265.9,264.11,253.31,247.2,247.2,243.61,237.5,235.31,276.79,272.3,266.61,265.9,262.11,262.11,259.11,252.61,242.4,241.5,234.81,272.3,268.11,262.5,261.21,261.21,257.9,256.5,255.61,248.11,243.81,237.2,266.61,263.71,255.7,255.7,251.61,249.61,251.31,254.5,251.61,244.31,244.31,261.61,258.71,258.71,249.7,244.4,240.31,244.61,251.7,251.7,253.31,244.81
2021-06-25 02:00:00,285.6,283.6,277.1,272.3,272.61,275.0,272.4,272.4,273.0,273.89,272.9,285.6,283.6,277.1,272.3,272.61,275.89,275.89,272.61,273.1,274.29,272.8,282.1,279.89,273.7,267.3,267.4,267.4,272.9,272.3,272.61,274.1,273.7,279.29,274.5,268.0,263.21,263.21,262.11,267.5,274.89,270.9,270.5,270.5,270.3,268.11,268.11,264.71,261.61,260.21,263.5,272.8,270.5,270.5,270.9,262.8,262.8,262.0,262.61,261.8,260.21,261.5,268.21,268.21,269.11,271.61,260.21,261.3,261.0,260.5,261.8,260.21,261.5,261.5,268.21,269.11,271.61,260.21,261.3,261.0,260.5,260.4,260.4,260.71,263.21,267.8,267.8,266.61,255.4,259.21,261.61,259.3,259.3,258.8,262.21,265.11,268.11,266.3,263.0,253.11,256.21,260.0,260.0,259.71,260.5,263.0,266.71,265.8,265.3,265.3,253.31,257.21,257.21,258.3,257.71,261.61,266.61,265.61,265.61,263.8,263.61
2021-07-04 10:00:00,224.11,226.61,227.7,226.31,226.61,227.9,228.31,228.31,232.0,233.0,233.0,224.11,226.61,227.7,226.31,226.61,228.5,228.5,229.9,229.2,230.5,232.4,225.81,226.31,227.11,227.0,227.9,227.9,228.9,227.5,227.81,229.81,230.31,226.0,225.4,226.81,227.11,227.11,228.61,227.61,225.9,226.0,227.4,227.4,225.2,224.7,224.7,225.11,226.61,226.9,225.11,224.61,224.11,224.11,224.31,224.61,224.61,223.81,224.5,225.7,223.11,223.2,222.61,222.61,222.7,222.31,226.61,225.31,224.2,224.5,225.7,223.11,223.2,223.2,222.61,222.7,222.31,226.61,225.31,224.2,224.5,223.4,223.4,220.0,222.0,222.7,221.0,219.81,226.61,225.81,225.61,223.11,223.11,221.61,220.2,221.61,220.81,220.7,219.61,226.31,225.81,224.7,224.7,223.4,222.11,221.4,221.61,221.9,221.5,221.5,225.81,225.2,225.2,225.11,224.4,224.2,222.9,222.61,222.61,222.7,223.31
2021-08-03 00:00:00,293.89,293.79,294.1,294.1,293.89,293.6,293.39,293.39,293.29,293.0,293.0,293.89,293.79,294.1,294.1,293.89,293.5,293.5,293.29,293.29,293.0,292.89,293.7,293.89,293.89,294.1,293.89,293.89,293.5,293.29,293.2,293.0,293.0,293.5,293.6,293.79,293.7,293.7,293.79,293.29,293.2,293.0,293.2,293.2,293.0,293.1,293.1,293.5,293.5,293.5,293.29,293.2,293.2,293.2,293.2,292.6,292.6,292.6,293.0,293.2,293.29,293.2,293.29,293.29,293.29,293.2,292.6,292.6,292.39,292.29,293.2,293.29,293.2,293.2,293.29,293.29,293.2,292.6,292.6,292.39,292.29,292.79,292.79,293.1,293.2,293.2,293.39,293.39,292.39,292.39,292.2,292.29,292.29,292.5,292.6,293.1,293.2,293.39,293.6,292.39,292.39,292.29,292.29,292.2,292.1,292.79,292.89,293.1,293.2,293.2,292.29,292.39,292.39,292.39,292.1,292.1,292.79,293.0,293.0,293.0,293.0
2021-08-21 23:00:00,254.61,253.5,251.7,251.5,251.11,251.61,252.81,252.81,254.4,253.7,252.5,254.61,253.5,251.7,251.5,251.11,250.5,250.5,252.81,255.2,253.31,250.81,255.2,254.4,253.5,252.31,252.31,252.31,252.31,253.2,254.5,253.11,251.4,255.9,254.5,253.11,253.0,253.0,254.2,254.11,252.5,253.4,253.7,253.7,255.11,254.61,254.61,253.61,253.7,254.5,254.5,253.5,253.11,253.11,252.4,253.7,253.7,253.9,254.5,254.11,254.31,254.4,253.9,253.9,252.11,250.5,253.31,253.11,253.4,253.61,254.11,254.31,254.4,254.4,253.9,252.11,250.5,253.31,253.11,253.4,253.61,254.11,254.11,254.2,253.61,252.5,251.4,249.4,251.7,251.9,252.61,253.5,253.5,253.9,253.5,252.7,251.4,250.61,249.0,251.31,251.7,252.31,252.31,253.5,253.61,253.11,252.11,250.31,249.4,249.4,252.0,252.31,252.31,252.2,253.11,253.2,252.7,251.61,251.61,249.5,248.31
2021-06-17 02:00:00,277.0,275.89,274.79,275.2,275.79,278.29,277.0,277.0,275.7,275.89,275.79,277.0,275.89,274.79,275.2,275.79,275.6,275.6,274.0,273.2,273.79,273.7,273.79,272.8,272.3,272.21,272.4,272.4,272.4,271.5,271.3,271.5,271.61,270.8,270.0,269.5,269.4,269.4,269.71,269.4,269.3,269.5,269.9,269.9,269.61,269.0,269.0,268.21,268.11,268.3,268.3,268.5,268.8,268.8,269.0,269.0,269.0,268.5,268.11,267.9,268.11,268.21,268.71,268.71,268.61,268.61,268.71,268.5,268.61,268.5,267.9,268.11,268.21,268.21,268.71,268.61,268.61,268.71,268.5,268.61,268.5,268.3,268.3,268.5,268.61,268.71,268.71,268.8,268.21,268.61,268.61,268.8,268.8,268.61,268.9,268.9,268.71,268.8,268.71,268.3,268.4,268.5,268.5,268.8,268.61,268.71,268.9,268.71,268.71,268.71,268.21,268.11,268.11,268.11,268.4,268.4,268.5,268.5,268.5,268.4,268.3
2021-06-23 07:00:00,291.0,289.89,290.29,292.6,293.6,291.7,292.6,292.6,293.1,291.89,292.1,291.0,289.89,290.29,292.6,293.6,293.39,293.39,293.6,294.0,294.0,294.0,292.29,292.2,292.79,294.2,294.6,294.6,294.1,293.79,293.6,293.7,293.1,294.29,294.39,294.39,294.5,294.5,293.89,293.6,293.2,292.7,292.39,292.39,294.39,295.29,295.29,294.89,294.7,294.29,293.79,292.89,292.2,292.2,290.89,294.39,294.39,294.39,294.5,294.5,294.2,293.7,293.1,293.1,291.29,289.5,293.6,293.6,293.89,294.0,294.5,294.2,293.7,293.7,293.1,291.29,289.5,293.6,293.6,293.89,294.0,294.1,294.1,293.6,293.1,291.79,290.1,289.79,293.6,293.6,293.5,293.6,293.6,293.6,293.2,292.2,290.5,289.7,289.29,294.6,294.5,294.0,294.0,293.7,293.6,292.7,291.39,290.29,290.0,290.0,295.5,295.0,295.0,294.6,294.2,293.5,291.7,290.1,290.1,289.5,289.1
2021-06-24 04:00:00,292.0,291.29,291.7,291.5,289.6,288.1,288.2,288.2,288.1,287.79,285.5,292.0,291.29,291.7,291.5,289.6,284.1,284.1,285.6,287.5,286.39,284.1,291.5,291.89,292.1,291.89,289.0,289.0,282.0,282.29,285.7,285.39,281.39,290.6,292.0,292.29,291.2,291.2,288.39,281.1,279.39,284.2,281.5,281.5,291.29,291.39,291.39,291.6,290.29,286.7,283.29,280.6,280.89,280.89,275.5,291.1,291.1,290.6,289.6,288.2,285.6,283.79,280.39,280.39,276.0,270.61,290.2,290.39,290.2,288.7,288.2,285.6,283.79,283.79,280.39,276.0,270.61,290.2,290.39,290.2,288.7,285.5,285.5,283.1,279.89,275.1,273.0,269.0,288.39,289.1,288.6,286.2,286.2,281.89,282.1,274.39,268.21,272.4,266.9,285.2,283.1,283.6,283.6,282.1,276.2,279.0,267.8,267.5,270.61,270.61,280.89,275.7,275.7,276.7,278.2,270.5,273.1,262.0,262.0,263.9,267.8
2021-08-07 00:00:00,253.0,240.5,242.31,243.81,239.81,243.4,246.4,246.4,255.7,271.8,277.7,253.0,240.5,242.31,243.81,239.81,242.4,242.4,250.7,261.61,270.11,279.5,252.5,241.0,240.5,242.5,242.11,242.11,248.4,260.3,264.9,270.5,278.6,251.31,240.9,238.7,240.5,240.5,248.0,258.8,264.11,268.9,276.1,276.1,241.0,239.9,239.9,240.4,241.81,252.81,264.5,271.8,276.1,276.1,275.0,237.31,237.31,238.31,242.0,248.11,257.0,269.3,279.79,279.79,279.89,275.39,237.7,236.7,238.61,244.81,248.11,257.0,269.3,269.3,279.79,279.89,275.39,237.7,236.7,238.61,244.81,253.5,253.5,265.8,274.2,279.89,281.0,281.89,235.0,238.11,242.31,250.5,250.5,260.21,270.8,275.89,281.5,279.89,280.29,241.7,243.9,250.0,250.0,259.8,270.3,271.11,273.2,275.6,276.7,276.7,250.5,246.7,246.7,257.11,269.4,274.79,272.8,267.21,267.21,265.21,270.5
2021-08-15 09:00:00,290.1,290.6,291.29,292.2,293.2,292.0,291.89,291.89,289.39,287.2,285.5,290.1,290.6,291.29,292.2,293.2,292.79,292.79,291.6,288.7,286.6,285.89,291.0,290.89,291.1,291.39,291.6,291.6,290.7,288.79,286.2,287.5,288.1,292.0,291.7,291.1,290.6,290.6,290.29,288.7,286.2,284.89,287.2,287.2,292.0,291.5,291.5,290.79,290.5,289.79,289.1,286.89,285.7,285.7,286.29,291.5,291.5,291.29,290.79,290.5,290.39,289.89,288.79,288.79,287.0,286.6,291.39,291.1,291.1,291.0,290.5,290.39,289.89,289.89,288.79,287.0,286.6,291.39,291.1,291.1,291.0,290.89,290.89,290.39,290.39,289.89,288.7,286.39,291.2,291.0,291.0,291.2,291.2,291.2,291.0,290.89,290.5,290.0,288.5,291.29,291.0,291.1,291.1,291.39,291.2,291.2,291.1,290.6,290.39,290.39,291.5,291.2,291.2,291.2,291.29,291.29,291.5,291.1,291.1,290.79,290.5
2021-08-27 00:00:00,242.61,243.81,247.4,249.31,249.4,254.2,257.21,257.21,262.3,263.8,263.61,242.61,243.81,247.4,249.31,249.4,250.31,250.31,254.0,257.11,257.5,260.3,242.5,241.31,243.11,244.11,242.81,242.81,244.9,250.0,251.11,252.11,256.0,241.31,241.61,241.2,239.31,239.31,238.81,240.5,243.5,245.81,248.0,248.0,242.11,241.2,241.2,239.31,238.31,239.61,240.2,240.31,242.5,242.5,245.31,241.7,241.7,240.9,239.7,239.31,240.61,241.2,240.9,240.9,240.61,242.31,242.9,241.7,241.9,241.61,239.31,240.61,241.2,241.2,240.9,240.61,242.31,242.9,241.7,241.9,241.61,241.0,241.0,241.31,242.0,242.9,241.4,240.9,242.7,242.5,242.9,242.31,242.31,242.5,242.2,243.11,244.0,243.31,241.4,243.61,242.61,243.2,243.2,242.81,242.31,242.81,243.61,243.61,243.11,243.11,243.81,243.81,243.81,243.2,242.4,242.11,242.61,243.5,243.5,243.0,242.31
2021-07-26 04:00:00,248.9,251.61,254.2,254.61,255.7,259.3,259.3,259.3,258.71,260.4,264.4,248.9,251.61,254.2,254.61,255.7,256.4,256.4,255.2,255.5,258.61,263.61,246.81,246.4,247.11,248.81,250.5,250.5,252.5,252.4,252.61,254.81,257.8,241.31,241.2,240.7,242.9,242.9,246.2,248.5,249.11,248.7,248.81,248.81,238.5,237.61,237.61,239.11,240.81,242.0,244.0,244.5,244.11,244.11,243.2,235.4,235.4,235.7,237.7,239.61,239.4,240.0,239.4,239.4,238.81,239.11,234.9,234.11,234.81,236.11,239.61,239.4,240.0,240.0,239.4,238.81,239.11,234.9,234.11,234.81,236.11,237.31,237.31,238.5,238.61,237.0,233.9,231.9,234.31,234.31,235.0,235.31,235.31,235.61,237.81,237.7,234.0,229.11,228.2,234.11,234.61,234.7,234.7,235.11,234.81,235.0,233.0,230.31,227.81,227.81,233.9,234.31,234.31,233.9,234.0,234.11,232.4,228.61,228.61,226.4,227.31
2021-06-22 07:00:00,298.29,298.0,297.7,297.7,297.79,297.7,297.29,297.29,296.79,296.29,295.6,298.29,298.0,297.7,297.7,297.79,297.39,297.39,297.0,296.29,295.7,294.89,297.79,297.6,297.6,297.5,297.39,297.39,297.0,296.6,296.0,295.79,294.5,297.5,297.29,297.2,297.39,297.39,297.1,296.6,296.5,295.79,295.2,295.2,297.1,297.1,297.1,296.79,297.2,297.0,296.79,295.89,295.1,295.1,294.1,296.79,296.79,296.7,296.79,296.79,296.79,296.39,295.79,295.79,294.2,292.39,296.6,296.6,296.5,296.6,296.79,296.79,296.39,296.39,295.79,294.2,292.39,296.6,296.6,296.5,296.6,296.7,296.7,296.39,295.79,294.39,292.89,292.0,296.6,296.7,296.39,296.39,296.39,296.6,296.1,294.79,293.2,291.89,292.0,297.29,296.79,296.6,296.6,296.29,296.39,295.7,293.79,292.29,291.89,291.89,298.2,297.29,297.29,296.6,296.6,296.0,294.39,292.89,292.89,292.39,291.89
2021-06-30 01:00:00,291.0,291.39,291.5,291.5,291.2,290.7,290.7,290.7,290.2,287.39,284.29,291.0,291.39,291.5,291.5,291.2,290.79,290.79,290.7,290.1,287.2,283.2,291.39,291.6,291.6,291.6,291.29,291.29,291.0,289.6,288.89,288.0,282.1,291.79,291.7,291.6,291.5,291.5,291.39,290.7,290.6,288.6,286.5,286.5,291.5,291.39,291.39,291.39,291.2,291.0,290.7,290.39,288.89,288.89,286.0,291.39,291.39,291.1,290.89,290.89,290.79,290.5,290.0,290.0,289.0,286.79,291.6,291.2,291.0,290.39,290.89,290.79,290.5,290.5,290.0,289.0,286.79,291.6,291.2,291.0,290.39,290.29,290.29,290.6,290.29,289.89,289.1,288.7,291.39,291.1,290.79,290.5,290.5,289.89,290.1,290.39,290.0,289.39,289.2,291.1,290.7,290.79,290.79,290.79,290.29,290.1,290.1,289.89,290.0,290.0,290.79,290.6,290.6,291.0,290.89,290.89,290.1,289.89,289.89,290.2,290.39
2021-07-03 23:00:00,275.2,277.29,278.1,279.89,280.5,284.2,282.79,282.79,283.0,281.1,277.39,275.2,277.29,278.1,279.89,280.5,277.29,277.29,280.5,284.5,282.6,275.79,285.7,284.7,282.0,281.6,279.2,279.2,275.7,278.29,283.29,283.6,279.2,292.89,291.2,287.2,283.39,283.39,279.6,276.2,276.2,280.5,283.0,283.0,293.79,291.6,291.6,288.39,285.5,284.0,280.39,277.1,278.29,278.29,285.5,290.89,290.89,289.6,288.29,288.1,287.39,284.89,283.79,283.79,279.2,282.2,287.0,288.5,289.39,289.2,288.1,287.39,284.89,284.89,283.79,279.2,282.2,287.0,288.5,289.39,289.2,289.7,289.7,289.39,285.6,285.0,282.5,284.2,283.7,286.7,289.29,289.5,289.5,289.89,289.39,285.2,285.6,286.7,284.89,284.7,281.1,284.39,284.39,288.6,290.5,290.6,288.5,287.2,288.29,288.29,283.1,281.5,281.5,278.89,283.29,291.29,292.2,290.2,290.2,288.6,287.0
2021-07-15 06:00:00,270.3,267.9,268.21,269.21,268.9,261.5,262.5,262.5,265.71,266.0,264.4,270.3,267.9,268.21,269.21,268.9,266.8,266.8,266.61,268.5,269.3,269.5,271.9,268.5,271.5,271.21,270.9,270.9,270.8,271.8,272.5,272.21,271.21,272.0,270.9,271.71,273.1,273.1,274.29,273.5,275.6,276.0,274.1,274.1,269.0,269.4,269.4,272.8,274.89,276.1,275.89,278.1,278.5,278.5,275.0,265.71,265.71,267.9,274.2,276.0,276.1,277.39,278.2,278.2,279.0,278.7,273.1,264.5,269.9,274.39,276.0,276.1,277.39,277.39,278.2,279.0,278.7,273.1,264.5,269.9,274.39,277.29,277.29,276.89,278.2,278.0,278.6,280.79,272.21,269.71,269.5,273.7,273.7,277.79,276.1,277.29,278.29,278.6,276.79,272.4,270.9,271.3,271.3,274.6,278.1,273.1,273.89,276.89,277.29,277.29,272.11,269.3,269.3,272.71,277.0,276.2,270.9,269.61,269.61,272.9,275.5
2021-07-26 08:00:00,218.11,218.81,218.9,219.11,218.81,219.4,219.31,219.31,219.61,220.61,220.7,218.11,218.81,218.9,219.11,218.81,219.11,219.11,219.61,219.61,219.9,220.81,218.2,219.0,219.61,219.2,219.11,219.11,219.2,219.2,219.2,220.0,220.61,218.7,218.81,219.4,218.9,218.9,219.2,219.2,218.81,218.9,219.4,219.4,218.2,219.0,219.0,218.9,218.7,218.9,219.4,219.0,219.31,219.31,219.4,218.2,218.2,218.81,218.7,218.2,218.7,219.5,219.7,219.7,219.9,219.7,218.2,218.31,218.4,217.9,218.2,218.7,219.5,219.5,219.7,219.9,219.7,218.2,218.31,218.4,217.9,217.81,217.81,218.61,219.2,219.7,220.5,220.81,218.31,218.2,218.4,218.2,218.2,218.0,218.2,218.9,220.2,221.11,222.4,218.31,218.61,219.0,219.0,219.81,219.2,218.9,219.5,221.5,222.7,222.7,218.7,219.81,219.81,220.11,220.9,221.7,221.4,221.5,221.5,223.11,224.4
2021-08-05 23:00:00,269.61,267.61,261.9,254.9,250.9,249.9,250.0,250.0,250.5,250.7,251.4,269.61,267.61,261.9,254.9,250.9,250.31,250.31,250.4,250.7,250.2,249.81,267.11,266.71,261.8,258.61,254.5,254.5,252.11,251.0,250.11,249.81,249.7,266.11,263.0,261.0,261.11,261.11,258.61,253.9,250.9,249.61,249.7,249.7,265.21,264.0,264.0,260.9,260.61,258.4,254.7,251.61,250.0,250.0,249.4,264.0,264.0,264.21,261.4,258.4,255.7,255.0,253.31,253.31,250.31,248.5,262.3,261.4,259.8,258.5,258.4,255.7,255.0,255.0,253.31,250.31,248.5,262.3,261.4,259.8,258.5,256.4,256.4,257.5,255.4,251.81,250.5,249.4,260.4,257.61,255.4,255.31,255.31,255.31,256.0,255.4,251.31,250.0,249.7,259.0,256.4,254.81,254.81,253.81,253.4,253.9,253.5,251.0,249.7,249.7,259.9,257.5,257.5,255.31,252.5,251.7,252.11,251.7,251.7,250.61,249.31
2021-06-30 11:00:00,292.39,291.79,289.7,289.89,288.79,287.6,285.7,285.7,285.7,283.79,283.89,292.39,291.79,289.7,289.89,288.79,288.5,288.5,289.5,286.2,279.2,281.2,292.2,291.6,291.29,290.7,289.7,289.7,290.6,289.7,287.79,279.1,278.7,292.29,292.0,291.89,291.89,291.89,292.2,291.7,291.1,289.1,280.6,280.6,292.0,291.89,291.89,292.7,292.29,292.1,291.6,290.79,289.7,289.7,285.5,291.5,291.5,292.0,292.7,292.7,291.79,291.1,290.7,290.7,289.89,289.2,291.6,291.6,291.79,291.89,292.7,291.79,291.1,291.1,290.7,289.89,289.2,291.6,291.6,291.79,291.89,292.2,292.2,291.89,291.5,291.5,291.0,291.39,291.5,291.5,291.39,291.6,291.6,291.7,291.89,292.5,292.2,292.39,291.89,292.0,291.89,292.0,292.0,291.79,291.89,292.2,292.7,292.79,292.79,292.79,291.2,290.6,290.6,290.6,290.7,291.2,291.89,292.29,292.29,292.5,292.7
2021-08-07 10:00:00,266.61,267.0,269.8,270.61,269.8,263.21,263.21,263.21,261.9,262.71,264.5,266.61,267.0,269.8,270.61,269.8,266.8,266.8,265.11,265.21,268.21,269.61,268.9,269.21,269.71,271.9,275.2,275.2,273.7,269.5,267.8,268.9,270.8,271.9,271.3,271.9,274.1,274.1,277.5,279.39,276.2,268.21,267.9,267.9,272.71,272.21,272.21,273.79,276.7,278.5,279.2,271.71,268.4,268.4,273.2,271.61,271.61,271.5,275.6,277.39,276.79,275.79,272.4,272.4,268.11,272.0,274.89,274.89,272.71,277.39,277.39,276.79,275.79,275.79,272.4,268.11,272.0,274.89,274.89,272.71,277.39,276.79,276.79,278.89,277.5,274.89,270.71,268.4,279.2,278.2,276.6,277.5,277.5,278.2,279.7,280.0,278.7,273.1,267.9,282.1,282.79,281.6,281.6,280.89,280.5,280.89,280.89,280.6,276.29,276.29,283.89,285.29,285.29,286.2,286.1,284.2,282.89,283.7,283.7,284.0,281.39
2021-08-15 23:00:00,265.3,266.61,266.11,264.3,263.0,263.11,260.9,260.9,259.11,260.9,267.3,265.3,266.61,266.11,264.3,263.0,264.5,264.5,263.0,261.11,263.0,269.3,260.8,265.71,266.8,261.3,262.4,262.4,265.0,263.5,264.0,267.71,272.5,260.5,264.5,263.11,258.71,258.71,261.4,263.9,264.61,265.61,270.61,270.61,262.21,259.3,259.3,259.71,258.71,259.9,264.3,265.3,267.3,267.3,271.3,260.4,260.4,256.8,256.61,258.8,260.71,263.0,264.5,264.5,267.11,269.4,259.9,258.3,256.9,255.61,258.8,260.71,263.0,263.0,264.5,267.11,269.4,259.9,258.3,256.9,255.61,257.4,257.4,260.21,261.71,264.0,265.11,265.4,258.21,257.8,256.3,256.0,256.0,256.5,258.8,260.8,262.0,262.61,263.71,255.61,256.8,256.9,256.9,257.11,256.61,257.21,257.5,258.71,259.9,259.9,253.11,255.4,255.4,257.5,258.0,256.5,254.7,253.81,253.81,255.11,257.3
2021-08-18 04:00:00,292.39,291.6,292.6,293.7,293.2,291.7,292.39,292.39,292.0,290.5,292.0,292.39,291.6,292.6,293.7,293.2,292.2,292.2,292.6,292.5,292.39,292.29,292.5,292.6,293.2,293.7,293.0,293.0,292.6,292.7,293.0,293.5,293.1,292.79,293.6,293.89,293.39,293.39,292.7,292.79,293.2,293.2,294.29,294.29,293.2,293.6,293.6,293.89,293.6,292.29,293.1,293.89,293.79,293.79,293.89,293.6,293.6,293.5,293.39,293.5,292.6,293.29,293.7,293.7,293.89,293.89,293.39,293.6,293.6,293.2,293.5,292.6,293.29,293.29,293.7,293.89,293.89,293.39,293.6,293.6,293.2,292.89,292.89,292.89,293.39,294.0,293.7,293.2,293.79,293.7,293.6,293.1,293.1,292.6,293.2,293.6,293.7,293.1,293.1,293.79,293.89,293.29,293.29,293.0,292.7,293.5,293.6,293.2,292.7,292.7,293.89,293.7,293.7,293.1,292.89,293.0,293.7,293.29,293.29,292.6,292.2
2021-08-20 01:00:00,229.7,230.31,230.61,230.5,229.31,227.9,227.2,227.2,226.9,227.4,227.4,229.7,230.31,230.61,230.5,229.31,227.5,227.5,226.9,228.31,228.0,228.31,230.5,230.4,230.2,230.5,229.81,229.81,228.7,228.31,228.81,228.31,228.7,230.9,230.31,230.11,230.11,230.11,230.2,229.7,229.2,228.81,229.11,229.11,230.9,230.7,230.7,230.4,230.2,229.5,229.31,229.31,229.4,229.4,229.11,231.2,231.2,230.7,230.31,229.9,229.31,228.5,228.5,228.5,229.2,229.7,231.31,230.81,230.7,230.0,229.9,229.31,228.5,228.5,228.5,229.2,229.7,231.31,230.81,230.7,230.0,229.11,229.11,228.2,228.5,228.9,228.7,229.2,230.5,230.2,230.61,229.31,229.31,228.4,228.4,228.81,228.81,228.61,228.7,229.81,230.0,229.81,229.81,229.11,228.61,228.31,228.61,228.5,228.4,228.4,229.2,229.4,229.4,228.81,228.61,228.81,228.61,228.61,228.61,228.2,228.81
2021-06-16 10:00:00,285.2,285.5,285.5,285.5,285.6,285.79,285.79,285.79,285.89,285.89,286.1,285.2,285.5,285.5,285.5,285.6,285.89,285.89,285.79,286.0,286.29,286.0,285.39,285.29,285.5,285.5,285.5,285.5,285.89,286.0,286.0,286.1,286.2,285.29,285.2,285.5,285.7,285.7,285.5,285.79,286.0,286.1,286.1,286.1,285.39,285.39,285.39,285.5,285.7,285.6,285.7,285.79,286.1,286.1,286.39,285.2,285.2,285.6,285.7,285.79,285.5,285.7,285.89,285.89,286.1,286.2,285.1,285.1,285.7,285.89,285.79,285.5,285.7,285.7,285.89,286.1,286.2,285.1,285.1,285.7,285.89,285.79,285.79,286.0,285.89,286.1,286.0,286.1,285.29,285.29,285.79,285.79,285.79,286.0,286.29,286.29,286.2,286.0,285.7,285.7,285.5,285.79,285.79,286.0,286.1,286.39,286.6,286.2,286.1,286.1,286.0,285.79,285.79,285.89,286.1,286.29,286.5,286.6,286.6,286.39,286.29
2021-06-18 23:00:00,290.0,290.0,290.2,290.0,289.7,289.89,289.89,289.89,290.1,290.2,290.1,290.0,290.0,290.2,290.0,289.7,289.79,289.79,290.0,290.1,290.29,290.29,290.0,290.0,289.89,290.0,289.7,289.7,289.79,290.29,290.1,290.29,290.39,289.89,290.1,289.79,289.79,289.79,290.0,289.89,290.2,290.29,290.39,290.39,290.1,290.2,290.2,290.0,290.1,290.0,290.1,290.29,290.5,290.5,290.7,290.29,290.29,290.29,290.1,290.2,290.2,290.0,290.39,290.39,290.6,290.6,290.39,290.6,290.39,290.39,290.2,290.2,290.0,290.0,290.39,290.6,290.6,290.39,290.6,290.39,290.39,290.29,290.29,290.39,290.2,290.5,290.6,290.7,290.6,290.79,290.6,290.29,290.29,290.5,290.5,290.6,290.5,290.6,290.6,290.79,290.79,290.6,290.6,290.6,290.7,290.39,290.6,290.6,290.6,290.6,290.89,290.7,290.7,290.6,290.7,290.5,290.5,290.5,290.5,290.29,290.29
2021-06-22 03:00:00,297.6,296.7,297.39,297.6,296.79,294.2,291.39,291.39,297.2,296.79,295.6,297.6,296.7,297.39,297.6,296.79,294.2,294.2,293.7,295.2,294.79,293.6,297.29,296.89,296.79,297.2,296.2,296.2,294.89,295.0,294.0,293.6,290.79,296.89,296.79,296.39,296.5,296.5,296.2,295.79,295.6,293.89,290.6,290.6,296.79,296.5,296.5,296.29,296.7,296.5,296.2,295.29,293.5,293.5,291.0,295.89,295.89,295.79,296.1,296.29,295.7,294.89,294.2,294.2,292.5,290.39,295.89,295.6,295.39,295.6,296.29,295.7,294.89,294.89,294.2,292.5,290.39,295.89,295.6,295.39,295.6,295.6,295.6,295.2,294.6,293.5,291.79,290.89,296.0,295.89,295.29,295.0,295.0,295.29,295.0,294.5,292.5,291.5,290.79,297.0,296.2,295.89,295.89,295.5,295.5,294.89,293.0,291.7,291.29,291.29,297.6,296.7,296.7,296.29,296.1,295.6,293.6,291.6,291.6,291.1,291.0
2021-07-02 23:00:00,273.6,274.29,270.3,269.3,270.5,263.71,260.21,260.21,256.61,255.0,251.2,273.6,274.29,270.3,269.3,270.5,266.8,266.8,261.61,257.71,255.31,253.61,276.1,273.0,271.21,273.2,272.71,272.71,268.3,263.3,259.11,257.21,255.7,271.9,269.3,271.9,272.4,272.4,272.4,266.8,261.8,259.5,257.71,257.71,265.71,266.61,266.61,267.21,268.3,266.61,261.9,259.3,256.61,256.61,255.4,258.61,258.61,261.11,263.61,261.4,256.8,256.21,255.81,255.81,252.7,251.9,245.81,245.7,251.9,256.3,261.4,256.8,256.21,256.21,255.81,252.7,251.9,245.81,245.7,251.9,256.3,251.9,251.9,250.11,250.4,250.5,249.4,247.11,233.0,235.7,241.0,242.81,242.81,243.31,244.2,245.31,246.4,246.4,245.7,224.4,228.0,232.0,232.0,236.4,237.0,239.7,242.11,244.11,247.4,247.4,218.5,223.61,223.61,225.31,229.81,233.11,237.4,239.81,239.81,243.2,249.31
2021-07-10 05:00:00,293.2,293.7,294.39,294.6,294.7,294.7,294.79,294.79,294.7,294.39,294.2,293.2,293.7,294.39,294.6,294.7,294.7,294.7,294.7,294.89,294.39,294.29,293.89,294.2,294.5,294.89,294.89,294.89,294.89,294.7,294.7,294.6,294.1,294.5,295.0,295.0,295.1,295.1,295.6,295.0,294.79,294.5,294.5,294.5,295.29,295.6,295.6,295.5,295.5,295.5,295.2,294.89,294.39,294.39,294.1,295.6,295.6,295.7,295.6,295.6,295.5,295.2,294.79,294.79,294.2,293.6,295.39,295.29,295.39,295.7,295.6,295.5,295.2,295.2,294.79,294.2,293.6,295.39,295.29,295.39,295.7,295.6,295.6,295.5,295.2,294.7,293.89,293.6,295.2,295.2,295.2,295.29,295.29,295.7,295.6,295.2,294.1,293.79,293.5,295.2,295.29,295.39,295.39,295.7,295.39,295.2,294.29,294.0,293.6,293.6,295.29,295.6,295.6,295.7,295.6,295.29,294.29,293.79,293.79,293.7,293.5
2021-08-03 08:00:00,290.6,290.6,290.6,290.1,290.89,291.1,291.0,291.0,290.6,290.6,290.5,290.6,290.6,290.6,290.1,290.89,290.5,290.5,290.0,290.79,290.39,290.79,290.29,290.0,289.2,289.6,289.89,289.89,289.79,289.6,290.2,291.1,291.29,290.0,289.2,289.0,288.79,288.79,289.2,289.0,289.39,289.79,291.0,291.0,290.2,289.5,289.5,289.0,288.7,288.79,289.0,289.29,289.89,289.89,290.7,290.6,290.6,289.89,289.29,288.89,288.7,289.1,290.0,290.0,289.7,290.29,290.79,290.5,290.29,289.79,288.89,288.7,289.1,289.1,290.0,289.7,290.29,290.79,290.5,290.29,289.79,289.39,289.39,289.5,289.5,290.2,289.79,289.5,291.1,290.89,290.79,290.0,290.0,290.29,289.89,289.89,290.0,289.5,289.6,291.29,291.29,291.89,291.89,290.7,290.89,290.29,289.79,289.39,289.5,289.5,291.79,292.2,292.2,292.39,291.7,291.1,290.29,289.39,289.39,289.29,289.5
2021-08-10 22:00:00,284.29,283.1,284.39,287.2,287.2,288.7,290.0,290.0,290.1,290.39,290.89,284.29,283.1,284.39,287.2,287.2,287.1,287.1,287.29,287.5,287.79,288.1,282.0,283.89,285.7,286.1,286.2,286.2,286.7,286.39,284.29,283.5,284.1,281.5,283.1,284.6,283.89,283.89,283.7,285.39,283.0,280.79,279.29,279.29,277.29,279.0,279.0,279.7,279.7,279.29,280.5,279.7,278.29,278.29,277.79,274.5,274.5,274.89,275.6,276.39,276.0,276.6,277.0,277.0,277.7,279.6,271.4,272.9,272.3,272.71,276.39,276.0,276.6,276.6,277.0,277.7,279.6,271.4,272.9,272.3,272.71,273.2,273.2,275.2,277.2,276.89,278.5,280.2,273.5,274.7,270.9,272.21,272.21,272.9,274.6,280.1,279.6,280.6,281.79,279.6,278.2,277.79,277.79,277.2,277.5,279.6,282.29,283.1,285.1,285.1,284.5,284.7,284.7,285.29,284.29,284.29,285.1,285.89,285.89,287.2,288.7
2021-06-02 00:00:00,251.2,251.4,251.11,250.7,249.5,250.5,248.0,248.0,247.2,248.7,246.4,251.2,251.4,251.11,250.7,249.5,249.31,249.31,247.4,245.61,243.2,241.81,248.7,249.4,247.11,247.31,248.11,248.11,247.2,244.4,242.5,241.4,241.7,246.7,245.9,245.5,244.81,244.81,244.9,246.2,243.81,239.81,240.5,240.5,243.81,243.0,243.0,242.4,243.11,240.2,243.81,246.2,239.31,239.31,238.61,240.0,240.0,239.5,238.61,239.7,240.2,241.0,241.9,241.9,240.7,240.31,235.4,234.9,235.2,235.4,239.7,240.2,241.0,241.0,241.9,240.7,240.31,235.4,234.9,235.2,235.4,236.7,236.7,238.9,240.2,240.4,241.61,238.9,233.81,231.11,231.5,232.61,232.61,234.2,237.0,238.81,240.5,240.2,238.2,233.2,229.81,230.5,230.5,231.9,233.5,234.4,236.31,236.9,237.11,237.11,233.0,230.4,230.4,230.9,231.81,233.61,233.5,233.81,233.81,234.61,234.11
2021-06-02 09:00:00,265.5,265.11,265.9,262.9,261.4,267.61,267.61,267.61,270.4,270.9,268.4,265.5,265.11,265.9,262.9,261.4,265.61,265.61,264.61,267.21,269.61,267.61,261.21,260.0,259.8,258.9,261.11,261.11,265.0,263.8,262.9,265.11,267.11,258.61,255.5,253.9,256.61,256.61,260.9,265.4,263.0,258.71,261.21,261.21,261.3,256.5,256.5,255.7,255.11,261.0,264.8,259.8,257.5,257.5,261.9,263.4,263.4,263.0,259.0,257.11,262.11,264.5,258.11,258.11,257.9,261.8,268.11,262.3,267.11,267.71,257.11,262.11,264.5,264.5,258.11,257.9,261.8,268.11,262.3,267.11,267.71,260.3,260.3,261.8,265.8,262.61,258.5,257.61,270.11,267.8,270.3,272.0,272.0,265.11,263.61,267.8,267.4,260.5,256.9,271.71,273.0,274.1,274.1,274.5,269.5,268.61,271.61,268.71,263.4,263.4,273.2,275.89,275.89,276.89,276.0,273.5,273.2,274.6,274.6,272.8,266.61
2021-06-13 00:00:00,292.7,292.39,292.39,292.7,292.6,292.39,292.29,292.29,292.1,291.89,291.7,292.7,292.39,292.39,292.7,292.6,292.7,292.7,292.89,292.89,292.5,292.2,292.39,292.29,292.29,292.5,292.79,292.79,293.1,293.39,293.7,293.1,292.5,292.1,292.2,292.2,292.5,292.5,292.79,293.2,293.6,293.6,292.5,292.5,292.7,292.89,292.89,293.1,293.0,293.0,292.79,292.39,291.2,291.2,290.0,293.2,293.2,293.7,293.89,293.6,293.1,292.0,290.7,290.7,288.79,287.5,292.89,293.2,293.39,293.39,293.6,293.1,292.0,292.0,290.7,288.79,287.5,292.89,293.2,293.39,293.39,292.89,292.89,292.0,290.6,289.1,287.2,284.29,293.29,293.2,293.0,292.39,292.39,291.29,290.1,289.2,288.7,286.2,279.2,294.2,291.79,289.2,289.2,288.1,287.79,289.39,290.1,286.6,283.2,283.2,294.29,292.39,292.39,285.2,283.5,283.89,289.29,290.5,290.5,285.79,281.2
2021-06-14 00:00:00,241.5,250.4,257.5,263.8,266.8,271.21,271.8,271.8,272.4,273.89,276.0,241.5,250.4,257.5,263.8,266.8,268.9,268.9,270.3,270.11,273.1,275.1,242.2,251.2,258.21,264.0,266.3,266.3,267.3,269.21,269.21,271.11,271.11,244.11,252.7,259.61,263.4,263.4,265.21,265.11,267.4,268.3,268.11,268.11,249.9,255.7,255.7,260.8,264.21,265.11,265.11,264.61,266.4,266.4,266.9,257.0,257.0,258.9,262.5,265.21,266.21,265.5,263.0,263.0,264.71,268.5,258.61,262.71,263.8,266.4,265.21,266.21,265.5,265.5,263.0,264.71,268.5,258.61,262.71,263.8,266.4,266.11,266.11,264.8,264.71,263.5,264.61,270.8,263.61,266.61,268.61,269.5,269.5,266.8,265.8,263.9,262.61,266.4,274.0,264.9,269.0,269.21,269.21,268.11,267.61,265.3,263.0,263.8,268.8,268.8,264.9,269.4,269.4,268.11,267.5,266.61,264.71,262.8,262.8,264.61,271.9
2021-06-27 07:00:00,288.89,289.0,288.6,288.29,288.1,289.2,289.1,289.1,289.29,289.2,288.39,288.89,289.0,288.6,288.29,288.1,288.0,288.0,288.6,289.5,289.29,288.6,285.29,286.89,287.79,287.0,287.0,287.0,287.6,288.0,288.79,288.7,288.7,283.7,285.7,286.6,287.39,287.39,287.6,287.5,287.5,287.79,287.7,287.7,284.79,286.6,286.6,287.89,287.79,287.0,284.7,285.6,285.1,285.1,285.1,287.29,287.29,288.29,288.79,288.79,284.0,281.7,283.1,283.1,281.5,280.5,288.2,289.1,290.0,290.0,288.79,284.0,281.7,281.7,283.1,281.5,280.5,288.2,289.1,290.0,290.0,288.79,288.79,285.79,282.5,278.89,278.6,276.2,289.39,289.7,289.39,288.39,288.39,287.1,284.89,281.89,278.6,276.0,271.5,286.39,286.0,285.2,285.2,284.1,283.2,282.29,281.1,278.0,275.89,275.89,283.0,282.0,282.0,281.0,279.79,278.7,279.1,279.89,279.89,279.79,277.6
2021-07-05 05:00:00,224.5,221.11,220.5,222.31,223.11,222.31,222.61,222.61,225.9,229.11,224.81,224.5,221.11,220.5,222.31,223.11,222.61,222.61,225.0,228.61,229.2,224.11,228.11,224.11,221.9,222.4,221.9,221.9,223.11,226.61,230.0,229.7,225.4,231.81,227.4,223.31,222.2,222.2,222.61,223.31,226.7,230.4,231.2,231.2,232.11,229.11,229.11,224.81,222.9,222.7,224.0,227.5,231.4,231.4,231.61,232.9,232.9,229.4,226.0,223.81,222.9,224.81,228.4,228.4,231.61,232.4,230.2,232.4,229.11,227.31,223.81,222.9,224.81,224.81,228.4,231.61,232.4,230.2,232.4,229.11,227.31,225.4,225.4,224.2,226.0,229.61,232.4,233.0,229.11,230.4,229.0,227.7,227.7,227.2,227.2,227.4,229.7,233.11,232.31,228.4,229.11,229.31,229.31,229.0,229.2,230.0,229.7,228.81,232.7,232.7,228.0,229.2,229.2,229.31,229.31,231.31,232.5,231.4,231.4,231.5,231.61
2021-07-09 01:00:00,290.29,290.5,290.89,291.29,291.29,291.89,291.6,291.6,291.1,291.0,291.0,290.29,290.5,290.89,291.29,291.29,291.29,291.29,291.2,291.1,290.89,291.0,290.1,290.29,290.39,290.6,290.79,290.79,290.79,290.7,290.89,290.89,291.0,290.39,290.0,289.79,290.0,290.0,290.0,290.29,290.5,290.5,290.7,290.7,290.39,290.1,290.1,290.2,290.0,290.0,290.2,290.29,290.7,290.7,290.7,290.39,290.39,290.5,290.39,290.2,290.39,290.1,290.2,290.2,290.79,290.89,291.0,290.79,290.6,290.6,290.2,290.39,290.1,290.1,290.2,290.79,290.89,291.0,290.79,290.6,290.6,290.6,290.6,290.6,290.6,290.7,290.7,291.0,291.5,291.1,290.89,290.6,290.6,290.89,291.0,291.0,290.89,290.79,291.0,291.79,291.6,291.2,291.2,291.2,291.29,291.2,291.1,290.89,291.0,291.0,292.2,292.0,292.0,291.79,291.6,291.6,291.29,291.1,291.1,291.0,291.1
2021-08-09 04:00:00,253.2,251.7,253.0,259.8,262.71,259.11,256.0,256.0,252.61,249.0,254.2,253.2,251.7,253.0,259.8,262.71,258.3,258.3,255.11,251.61,250.61,255.31,252.11,249.7,251.31,258.11,257.5,257.5,254.2,253.7,253.5,252.9,254.61,249.0,249.81,251.5,255.9,255.9,253.9,249.5,252.31,255.2,253.81,253.81,250.31,250.2,250.2,252.2,252.7,250.0,249.61,251.0,252.9,252.9,255.81,255.2,255.2,253.61,252.2,251.0,250.2,250.2,251.4,251.4,251.4,254.2,262.11,260.61,260.71,257.4,251.0,250.2,250.2,250.2,251.4,251.4,254.2,262.11,260.61,260.71,257.4,252.2,252.2,249.9,251.7,253.9,253.5,252.61,263.61,266.3,266.71,259.8,259.8,254.81,253.7,254.7,254.4,255.31,252.4,264.11,265.4,266.61,266.61,260.21,257.5,261.61,261.11,255.2,253.5,253.5,262.4,266.11,266.11,264.4,259.21,261.21,266.61,266.0,266.0,258.3,251.11
2021-07-09 08:00:00,292.1,292.29,292.7,293.0,293.2,293.6,293.6,293.6,293.39,293.2,292.39,292.1,292.29,292.7,293.0,293.2,293.1,293.1,293.39,293.2,292.0,291.7,292.7,292.2,292.5,292.29,292.39,292.39,292.7,292.29,292.1,291.5,291.5,293.29,292.79,291.79,291.89,291.89,292.39,292.1,291.29,291.2,292.0,292.0,293.39,293.39,293.39,292.79,292.29,292.29,292.39,291.2,291.0,291.0,291.7,294.0,294.0,293.7,293.6,292.79,292.39,292.29,291.7,291.7,290.6,292.1,293.7,294.1,294.1,293.89,292.79,292.39,292.29,292.29,291.7,290.6,292.1,293.7,294.1,294.1,293.89,293.29,293.29,292.6,292.29,291.7,291.5,291.7,292.7,293.6,293.7,293.7,293.7,293.1,292.1,291.89,291.6,291.89,291.79,290.7,290.5,290.6,290.6,290.79,290.1,290.1,290.2,290.6,291.1,291.1,288.2,287.39,287.39,287.2,287.2,286.89,287.7,288.6,288.6,289.6,290.29
2021-08-14 10:00:00,288.89,289.6,290.39,291.1,290.5,290.29,290.2,290.2,290.6,290.6,290.39,288.89,289.6,290.39,291.1,290.5,290.5,290.5,290.6,290.6,290.7,290.6,286.29,288.89,290.39,291.1,290.39,290.39,290.39,291.29,290.6,290.29,290.89,283.89,288.2,289.89,290.79,290.79,290.79,290.29,290.79,290.7,290.6,290.6,280.39,288.39,288.39,291.1,290.0,289.89,290.2,290.6,290.7,290.7,291.1,281.89,281.89,287.6,290.0,289.6,289.79,290.0,290.5,290.5,290.79,291.0,277.6,282.89,286.0,288.89,289.6,289.79,290.0,290.0,290.5,290.79,291.0,277.6,282.89,286.0,288.89,289.39,289.39,289.5,290.2,290.5,290.79,290.79,277.89,282.6,285.5,287.89,287.89,289.5,290.0,290.39,290.29,290.79,291.0,281.6,282.1,286.39,286.39,289.5,289.5,290.5,291.1,291.1,290.79,290.79,285.79,286.29,286.29,287.2,289.29,290.29,291.2,291.29,291.29,291.2,290.5
2021-08-31 00:00:00,291.29,290.7,289.79,289.7,290.1,291.79,292.2,292.2,292.29,292.29,292.29,291.29,290.7,289.79,289.7,290.1,290.79,290.79,291.7,292.5,292.6,292.6,291.1,290.0,287.79,287.2,288.5,288.5,289.89,290.7,291.5,291.79,292.0,291.0,290.1,286.5,285.89,285.89,288.29,289.2,289.5,289.79,290.2,290.2,291.5,291.39,291.39,287.39,286.1,287.29,286.39,285.79,287.79,287.79,288.79,291.29,291.29,291.89,289.89,286.5,285.89,283.79,283.7,283.7,285.5,287.5,290.79,291.0,291.0,289.2,286.5,285.89,283.79,283.79,283.7,285.5,287.5,290.79,291.0,291.0,289.2,287.7,287.7,288.2,286.39,283.5,283.79,285.1,290.89,290.5,289.6,289.29,289.29,289.0,289.0,288.7,287.1,282.5,280.7,290.79,290.6,290.29,290.29,290.39,290.39,289.5,288.2,285.6,283.5,283.5,290.5,290.89,290.89,290.89,291.2,291.1,289.5,287.89,287.89,286.79,286.5
2021-06-26 10:00:00,243.2,239.61,237.9,238.61,240.2,237.2,235.61,235.61,239.4,240.61,242.7,243.2,239.61,237.9,238.61,240.2,237.0,237.0,236.0,237.0,240.9,245.9,244.81,240.0,236.9,239.11,236.81,236.81,234.5,235.2,237.11,243.2,251.0,241.81,241.4,235.9,239.61,239.61,236.5,232.81,234.4,240.5,246.81,246.81,241.61,240.7,240.7,235.31,238.31,238.31,235.81,238.31,244.9,244.9,252.81,240.7,240.7,239.81,236.7,237.81,240.2,240.5,244.4,244.4,249.61,257.5,237.81,238.0,238.4,239.81,237.81,240.2,240.5,240.5,244.4,249.61,257.5,237.81,238.0,238.4,239.81,240.11,240.11,242.31,245.2,248.7,255.11,262.0,239.0,238.81,238.11,240.0,240.0,242.9,245.9,247.81,253.11,259.61,258.21,241.61,240.9,239.31,239.31,240.7,244.0,246.5,250.0,256.0,254.9,254.9,243.81,241.9,241.9,240.4,241.31,243.31,247.2,252.11,252.11,250.61,250.4
2021-06-30 07:00:00,294.0,294.6,294.89,295.1,295.39,295.39,295.29,295.29,295.2,294.89,294.5,294.0,294.6,294.89,295.1,295.39,295.29,295.29,295.0,294.89,294.6,294.0,294.29,294.79,294.79,294.89,295.2,295.2,294.89,294.7,294.6,294.5,293.5,294.2,294.7,294.7,294.7,294.7,294.5,294.5,294.79,294.29,293.79,293.79,293.79,294.29,294.29,294.5,294.79,294.6,294.6,294.29,294.0,294.0,293.2,293.6,293.6,293.89,294.1,294.6,294.6,294.1,293.79,293.79,293.29,292.2,293.79,293.79,294.2,294.39,294.6,294.6,294.1,294.1,293.79,293.29,292.2,293.79,293.79,294.2,294.39,294.5,294.5,294.0,293.89,293.2,292.39,292.1,294.6,294.6,294.79,294.7,294.7,294.29,294.2,293.5,292.1,292.0,292.0,295.39,295.39,295.2,295.2,294.7,294.39,293.89,292.79,292.29,291.79,291.79,295.89,295.6,295.6,295.29,295.0,294.29,293.29,292.2,292.2,292.1,291.89
2021-07-19 03:00:00,290.7,291.1,291.29,291.6,291.89,291.7,291.89,291.89,292.0,292.2,292.79,290.7,291.1,291.29,291.6,291.89,291.89,291.89,291.5,291.79,292.89,293.89,290.6,290.89,291.29,291.5,291.89,291.89,292.1,291.89,292.1,292.79,293.29,290.79,290.6,291.29,291.5,291.5,291.7,292.39,292.79,292.5,292.7,292.7,290.6,290.89,290.89,291.29,291.6,291.89,292.29,292.6,292.79,292.79,292.6,290.89,290.89,290.89,291.1,291.5,291.79,291.79,292.1,292.1,292.5,292.2,291.29,291.2,290.6,290.89,291.5,291.79,291.79,291.79,292.1,292.5,292.2,291.29,291.2,290.6,290.89,291.1,291.1,291.5,291.7,292.0,292.0,291.79,291.5,291.0,290.5,290.39,290.39,290.79,291.2,291.79,291.6,291.5,291.29,291.5,290.89,290.2,290.2,290.1,290.39,291.29,291.5,291.39,291.1,291.1,291.2,290.2,290.2,289.79,290.0,290.1,291.0,291.2,291.2,291.1,290.7
2021-07-27 03:00:00,226.0,229.7,227.5,228.0,229.81,231.11,232.61,232.61,237.11,240.31,241.31,226.0,229.7,227.5,228.0,229.81,231.11,231.11,232.5,236.4,236.2,235.11,225.11,225.0,223.2,229.0,234.2,234.2,231.9,232.5,233.4,230.9,229.9,224.11,220.5,221.61,230.7,230.7,232.31,233.61,232.11,229.7,224.7,224.7,221.5,221.9,221.9,225.4,227.4,229.7,230.9,229.9,226.2,226.2,221.5,221.5,221.5,224.0,227.11,225.61,226.5,228.61,228.61,228.61,224.81,223.2,226.31,222.5,224.5,225.61,225.61,226.5,228.61,228.61,228.61,224.81,223.2,226.31,222.5,224.5,225.61,224.0,224.0,225.2,227.11,226.31,226.5,227.4,227.7,228.5,224.9,220.9,220.9,224.2,225.7,226.31,228.31,229.61,230.11,226.31,226.7,223.5,223.5,221.5,223.31,225.7,230.2,234.31,233.7,233.7,224.61,222.9,222.9,222.31,222.9,223.4,228.11,234.2,234.2,237.0,237.4
2021-08-04 07:00:00,291.6,291.0,290.6,290.6,291.0,291.1,291.1,291.1,290.89,290.6,290.39,291.6,291.0,290.6,290.6,291.0,291.0,291.0,290.7,290.79,290.6,290.39,291.39,291.0,290.5,290.39,290.89,290.89,290.6,290.7,290.7,290.5,290.39,291.1,290.7,290.39,290.5,290.5,290.39,290.5,290.6,290.6,290.6,290.6,290.0,290.0,290.0,290.2,290.39,290.6,290.6,290.5,290.6,290.6,290.39,289.1,289.1,289.5,290.0,290.5,290.5,290.7,290.6,290.6,290.39,290.2,288.89,288.89,289.5,290.2,290.5,290.5,290.7,290.7,290.6,290.39,290.2,288.89,288.89,289.5,290.2,290.2,290.2,290.29,290.6,290.5,290.2,290.1,288.7,288.29,290.0,290.1,290.1,290.2,290.29,290.39,290.1,290.0,290.1,288.5,288.6,289.6,289.6,289.89,290.1,290.1,290.0,290.0,290.0,290.0,288.5,288.79,288.79,289.2,289.7,290.0,289.7,289.79,289.79,289.6,289.79
2021-08-26 05:00:00,247.0,246.11,248.61,250.61,253.5,255.81,254.2,254.2,251.0,251.0,251.7,247.0,246.11,248.61,250.61,253.5,254.2,254.2,252.11,249.61,249.9,255.31,243.7,244.11,247.11,249.11,252.61,252.61,251.5,250.4,250.2,252.2,256.9,243.5,244.5,247.2,250.2,250.2,250.0,250.5,252.4,252.0,254.2,254.2,249.11,248.5,248.5,249.4,251.81,251.9,254.61,251.2,254.11,254.11,256.71,254.81,254.81,252.61,254.9,252.31,255.5,257.11,254.81,254.81,255.0,256.8,258.21,258.4,258.3,257.9,252.31,255.5,257.11,257.11,254.81,255.0,256.8,258.21,258.4,258.3,257.9,256.5,256.5,257.0,258.8,258.21,256.8,257.3,261.11,261.3,260.9,259.71,259.71,259.0,259.61,259.8,260.0,258.71,257.5,261.5,261.11,259.11,259.11,258.0,258.61,260.0,260.11,259.8,258.11,258.11,259.11,258.8,258.8,255.61,253.5,258.3,260.71,259.9,259.9,258.4,257.3
2021-06-23 22:00:00,263.4,263.0,269.21,279.29,279.29,277.2,272.9,272.9,272.0,270.8,274.29,263.4,263.0,269.21,279.29,279.29,269.11,269.11,265.0,265.5,267.61,272.71,260.5,261.3,266.5,272.3,267.61,267.61,262.4,262.0,260.5,263.21,266.61,257.71,261.11,264.71,263.4,263.4,258.71,256.8,257.5,258.3,259.3,259.3,257.3,259.61,259.61,259.61,258.8,256.71,256.0,257.5,258.61,258.61,260.3,258.3,258.3,259.3,258.0,257.21,257.61,258.8,259.8,259.8,260.5,265.21,260.0,260.71,260.4,259.21,257.21,257.61,258.8,258.8,259.8,260.5,265.21,260.0,260.71,260.4,259.21,258.4,258.4,260.4,261.71,262.8,266.5,270.61,262.8,262.5,262.0,261.11,261.11,261.9,262.21,264.3,268.4,271.4,273.7,264.11,262.9,263.71,263.71,265.0,264.8,265.71,267.71,270.61,271.9,271.9,264.61,263.9,263.9,266.5,267.3,268.9,269.3,270.4,270.4,270.8,269.9
2021-06-25 01:00:00,258.5,255.31,253.11,254.7,257.3,256.4,254.31,254.31,251.7,251.2,249.9,258.5,255.31,253.11,254.7,257.3,257.3,257.3,254.0,251.0,250.31,248.7,262.0,256.21,252.61,253.9,255.7,255.7,256.0,253.11,251.2,248.81,247.5,261.4,258.11,253.5,252.5,252.5,253.5,253.5,251.81,251.2,247.31,247.31,258.8,257.71,257.71,254.0,251.7,250.9,250.5,250.7,249.5,249.5,247.4,258.21,258.21,255.81,254.0,251.0,248.11,247.81,248.31,248.31,247.9,248.7,255.31,255.5,254.81,254.4,251.0,248.11,247.81,247.81,248.31,247.9,248.7,255.31,255.5,254.81,254.4,250.31,250.31,246.2,245.61,246.31,247.81,249.4,253.81,253.11,253.61,255.0,255.0,249.0,245.5,244.61,245.4,248.0,249.4,252.9,252.7,255.2,255.2,255.0,248.7,246.81,246.81,247.9,247.31,247.31,252.31,254.2,254.2,256.71,253.31,249.4,248.81,250.11,250.11,250.0,247.9
2021-07-12 01:00:00,293.6,292.7,289.7,287.39,284.89,283.6,285.89,285.89,287.0,285.7,282.7,293.6,292.7,289.7,287.39,284.89,282.39,282.39,285.79,286.0,283.29,278.2,294.0,292.6,290.39,288.39,283.1,283.1,279.2,281.7,284.2,283.6,283.1,293.29,291.79,290.1,288.89,288.89,282.6,277.2,277.6,281.39,285.5,285.5,291.39,290.1,290.1,286.2,286.29,282.89,280.29,277.39,279.29,279.29,282.89,287.39,287.39,287.0,282.0,281.0,281.7,281.29,278.79,278.79,277.5,275.2,281.79,283.89,282.89,278.39,281.0,281.7,281.29,281.29,278.79,277.5,275.2,281.79,283.89,282.89,278.39,278.29,278.29,277.79,277.5,278.1,276.2,269.61,278.6,278.2,277.89,277.89,277.89,274.6,271.21,273.79,274.29,275.5,266.9,272.8,274.39,274.1,274.1,273.89,269.21,269.3,270.61,271.71,272.21,272.21,268.5,269.8,269.8,271.5,269.8,265.5,267.0,268.4,268.4,269.21,270.21
2021-07-30 09:00:00,292.6,292.39,292.1,292.39,292.5,292.39,292.29,292.29,292.39,291.7,290.5,292.6,292.39,292.1,292.39,292.5,292.6,292.6,292.5,292.29,291.6,290.79,292.6,292.5,292.2,292.29,292.5,292.5,292.39,292.39,292.39,292.1,291.7,292.6,292.7,292.6,292.2,292.2,292.29,292.1,292.39,292.39,292.29,292.29,292.39,292.5,292.5,292.39,292.29,292.0,292.2,292.0,292.29,292.29,292.2,292.39,292.39,292.29,292.39,292.2,292.2,292.1,292.1,292.1,292.0,292.0,292.39,292.39,292.5,292.29,292.2,292.2,292.1,292.1,292.1,292.0,292.0,292.39,292.39,292.5,292.29,292.2,292.2,292.0,292.1,291.79,291.6,291.7,292.39,292.2,292.6,292.5,292.5,292.29,291.7,292.29,291.6,291.5,291.6,292.2,292.29,292.5,292.5,292.29,292.2,292.2,291.79,292.2,291.6,291.6,292.2,292.1,292.1,292.29,292.5,292.39,291.89,291.89,291.89,291.79,291.79
2021-06-08 08:00:00,297.5,297.6,297.5,297.1,296.39,294.89,294.5,294.5,293.2,291.7,290.0,297.5,297.6,297.5,297.1,296.39,295.39,295.39,293.79,294.2,293.2,290.29,297.1,297.7,298.1,297.39,296.7,296.7,295.7,295.2,294.0,291.79,289.89,296.2,296.7,296.6,296.29,296.29,295.0,294.79,293.79,291.79,289.39,289.39,293.29,293.1,293.1,292.29,290.39,289.6,289.0,287.2,285.6,285.6,283.0,286.6,286.6,285.79,283.6,281.6,280.7,279.6,278.7,278.7,276.89,272.5,279.6,278.6,275.0,275.0,281.6,280.7,279.6,279.6,278.7,276.89,272.5,279.6,278.6,275.0,275.0,274.1,274.1,270.21,269.71,272.4,269.21,260.4,273.5,269.8,267.9,269.8,269.8,269.3,264.11,263.21,266.61,264.8,257.5,268.21,268.21,269.3,269.3,269.21,267.9,262.8,260.9,260.4,263.5,263.5,266.4,267.11,267.11,273.6,274.29,268.61,264.4,261.8,261.8,260.11,265.11
2021-07-16 02:00:00,225.2,225.2,226.2,225.9,226.7,227.4,226.61,226.61,226.4,225.81,225.2,225.2,225.2,226.2,225.9,226.7,227.11,227.11,226.9,225.61,224.2,224.31,224.9,225.4,225.5,226.31,226.9,226.9,226.61,225.4,224.5,223.7,223.61,225.2,225.2,225.2,225.9,225.9,226.9,225.4,223.9,223.11,223.9,223.9,224.0,225.2,225.2,225.7,225.4,225.11,224.61,223.81,222.7,222.7,221.61,224.4,224.4,224.9,224.81,224.5,223.61,223.61,223.11,223.11,222.31,221.5,224.61,224.9,224.7,223.81,224.5,223.61,223.61,223.61,223.11,222.31,221.5,224.61,224.9,224.7,223.81,223.11,223.11,222.7,222.5,222.31,222.11,221.81,224.2,224.5,224.2,223.31,223.31,221.5,221.5,221.7,222.11,222.31,222.2,224.0,223.61,222.9,222.9,221.9,221.31,221.11,220.9,221.5,222.9,222.9,223.81,222.5,222.5,221.5,220.61,221.11,221.11,220.4,220.4,221.61,223.4
2021-07-29 03:00:00,289.2,288.7,288.39,288.79,288.2,287.89,288.1,288.1,287.39,285.7,283.79,289.2,288.7,288.39,288.79,288.2,288.5,288.5,288.39,287.29,285.0,283.7,288.79,288.89,288.89,288.89,288.2,288.2,288.5,288.1,286.89,285.5,284.39,288.79,289.0,289.2,288.79,288.79,288.29,288.2,287.79,286.7,285.79,285.79,289.0,288.79,288.79,289.0,288.5,287.7,287.7,287.89,286.5,286.5,285.6,288.7,288.7,288.7,288.7,287.79,286.89,287.5,287.39,287.39,286.39,285.6,288.2,288.2,288.89,288.5,287.79,286.89,287.5,287.5,287.39,286.39,285.6,288.2,288.2,288.89,288.5,286.5,286.5,286.39,287.1,286.89,286.2,285.39,288.0,288.2,288.79,288.1,288.1,285.1,285.89,286.89,286.6,285.79,285.39,287.5,288.1,288.2,288.2,286.89,283.89,286.2,287.1,286.39,286.0,286.0,287.29,287.89,287.89,288.0,285.5,283.5,286.7,287.39,287.39,286.5,286.2
2021-07-29 06:00:00,285.29,284.89,284.2,284.6,284.79,284.0,285.1,285.1,285.7,284.79,284.79,285.29,284.89,284.2,284.6,284.79,285.6,285.6,287.0,286.39,284.29,282.89,285.5,285.39,284.6,284.89,285.39,285.39,286.7,287.39,286.7,285.5,283.7,285.6,285.5,285.6,285.1,285.1,286.2,287.39,287.79,287.0,285.39,285.39,285.6,285.6,285.6,285.7,286.2,286.5,287.79,287.39,287.0,287.0,286.1,285.6,285.6,285.5,286.2,286.89,287.0,287.39,287.39,287.39,286.79,286.0,286.2,286.29,286.29,286.7,286.89,287.0,287.39,287.39,287.39,286.79,286.0,286.2,286.29,286.29,286.7,287.39,287.39,286.89,287.0,286.7,286.39,286.1,286.39,286.5,286.89,287.7,287.7,287.29,287.1,286.5,286.29,286.0,285.6,286.89,286.5,287.1,287.1,288.0,287.2,287.39,286.79,286.7,285.89,285.89,287.2,286.89,286.89,287.0,287.39,287.2,287.6,287.29,287.29,287.1,286.1
2021-08-07 07:00:00,242.61,243.61,246.2,248.4,248.61,257.5,265.11,265.11,273.0,276.89,275.39,242.61,243.61,246.2,248.4,248.61,250.5,250.5,256.21,267.0,276.0,278.79,245.5,245.4,245.7,246.7,246.61,246.61,248.31,253.11,261.0,273.39,278.29,249.5,248.81,250.0,247.4,247.4,247.81,251.4,256.8,260.8,268.0,268.0,251.31,253.0,253.0,254.5,253.61,255.5,256.4,263.21,268.71,268.71,271.61,254.61,254.61,257.0,259.4,260.8,260.9,261.71,272.0,272.0,276.2,272.71,257.8,259.21,261.11,262.11,260.8,260.9,261.71,261.71,272.0,276.2,272.71,257.8,259.21,261.11,262.11,265.11,265.11,269.4,271.71,276.6,278.39,276.1,262.9,264.21,263.21,264.21,264.21,268.0,275.7,278.79,278.1,280.0,278.39,264.5,263.21,264.21,264.21,269.71,270.21,270.5,273.7,277.6,279.5,279.5,265.4,261.3,261.3,266.61,273.2,271.71,266.21,267.21,267.21,269.3,276.0
2021-08-16 10:00:00,224.5,222.81,222.61,222.81,224.0,227.31,227.5,227.5,230.0,232.81,233.2,224.5,222.81,222.61,222.81,224.0,223.7,223.7,224.9,227.2,230.31,231.4,226.81,222.9,221.61,221.31,222.31,222.31,224.11,224.5,226.2,228.4,231.81,234.61,230.7,228.0,227.61,227.61,227.7,227.7,227.7,228.2,231.4,231.4,245.9,246.7,246.7,245.0,244.11,239.9,234.5,234.61,238.0,238.0,239.4,264.5,264.5,260.5,260.0,259.9,253.5,244.5,245.7,245.7,249.0,247.7,281.1,277.79,273.1,271.8,259.9,253.5,244.5,244.5,245.7,249.0,247.7,281.1,277.79,273.1,271.8,271.8,271.8,268.5,261.0,256.21,256.11,260.71,289.5,288.1,283.29,281.39,281.39,281.7,279.5,275.89,266.11,262.9,272.71,292.7,291.5,287.89,287.89,286.2,287.29,285.7,282.0,277.5,273.5,273.5,292.1,290.39,290.39,288.39,288.39,289.6,288.5,286.39,286.39,284.0,281.79
2021-08-29 06:00:00,232.0,235.11,237.5,238.2,236.0,247.2,254.5,254.5,253.9,247.4,240.31,232.0,235.11,237.5,238.2,236.0,242.2,242.2,259.61,258.8,250.7,243.5,235.11,236.9,237.2,239.5,242.4,242.4,246.0,256.4,262.9,257.71,248.5,240.9,238.0,239.9,241.0,241.0,243.81,248.81,256.3,263.4,262.5,262.5,248.9,245.0,245.0,245.11,244.7,248.31,255.2,254.31,261.9,261.9,265.61,255.2,255.2,252.2,252.31,249.0,251.11,260.11,253.5,253.5,259.3,267.3,258.71,258.9,257.5,256.71,249.0,251.11,260.11,260.11,253.5,259.3,267.3,258.71,258.9,257.5,256.71,254.0,254.0,256.0,259.61,252.0,259.5,269.3,257.8,261.61,260.3,259.61,259.61,258.21,260.8,257.3,254.9,260.61,271.5,256.8,264.5,262.0,262.0,258.8,260.5,260.9,258.9,261.71,266.61,266.61,257.11,263.21,263.21,263.21,259.61,259.8,261.5,260.9,260.9,263.3,273.1
2021-06-01 01:00:00,294.7,294.79,295.0,295.5,295.7,295.39,295.2,295.2,295.1,294.6,294.0,294.7,294.79,295.0,295.5,295.7,295.5,295.5,295.29,295.2,294.1,293.6,294.6,294.79,295.0,295.39,295.79,295.79,295.39,295.0,295.1,294.39,293.1,294.29,294.7,294.89,295.5,295.5,295.1,294.89,294.89,294.39,293.5,293.5,294.6,294.1,294.1,294.29,295.0,294.79,294.39,294.2,292.89,292.89,291.89,294.6,294.6,293.39,292.79,292.79,293.0,292.6,292.1,292.1,291.29,290.2,294.79,294.29,293.7,291.6,292.79,293.0,292.6,292.6,292.1,291.29,290.2,294.79,294.29,293.7,291.6,289.89,289.89,288.7,287.79,288.6,290.2,290.1,293.6,292.89,292.39,291.2,291.2,284.79,281.79,283.79,286.6,289.1,289.39,291.39,291.7,291.29,291.29,286.5,274.6,277.2,282.79,287.2,287.1,287.1,289.5,292.5,292.5,288.6,275.6,267.9,273.0,284.1,284.1,287.1,285.79
2021-06-01 04:00:00,299.2,298.6,298.39,298.29,298.7,298.39,297.29,297.29,296.79,297.2,297.2,299.2,298.6,298.39,298.29,298.7,298.29,298.29,297.29,296.7,296.5,296.2,298.79,298.29,297.2,297.6,297.6,297.6,297.29,296.7,296.29,295.79,294.6,298.0,297.7,297.2,296.89,296.89,296.1,296.29,296.39,295.6,294.29,294.29,298.2,297.1,297.1,296.6,296.7,295.2,295.79,296.2,294.1,294.1,289.0,297.7,297.7,296.0,295.1,295.5,295.39,294.0,292.79,292.79,290.7,286.39,296.79,295.7,294.29,294.0,295.5,295.39,294.0,294.0,292.79,290.7,286.39,296.79,295.7,294.29,294.0,293.7,293.7,291.5,288.29,287.6,286.7,284.1,294.79,293.39,292.0,290.0,290.0,290.1,287.0,281.6,280.6,282.7,281.5,291.2,290.2,287.39,287.39,284.7,282.0,278.89,275.7,276.0,277.0,277.0,286.7,285.89,285.89,281.39,275.29,272.8,272.71,269.21,269.21,270.4,271.0
2021-07-09 22:00:00,271.21,272.0,276.0,277.29,274.6,264.9,260.5,260.5,261.11,264.8,271.9,271.21,272.0,276.0,277.29,274.6,265.5,265.5,257.4,261.0,267.61,273.0,269.61,269.8,275.79,275.79,276.7,276.7,269.4,261.71,259.9,266.0,270.11,270.3,266.8,270.71,273.2,273.2,276.7,272.8,263.9,260.0,264.11,264.11,269.11,263.0,263.0,264.0,267.5,271.9,271.4,269.4,260.71,260.71,260.3,265.5,265.5,262.21,262.8,261.61,264.3,268.71,267.8,267.8,263.4,260.3,267.3,268.71,266.8,264.0,261.61,264.3,268.71,268.71,267.8,263.4,260.3,267.3,268.71,266.8,264.0,260.0,260.0,255.31,258.5,262.11,264.4,268.0,266.3,269.21,271.11,265.61,265.61,259.9,250.61,249.4,260.3,268.4,271.71,266.21,269.9,269.5,269.5,268.8,262.5,255.11,256.3,264.5,270.5,270.5,267.9,268.9,268.9,270.71,269.0,267.9,266.0,265.3,265.3,273.29,273.79
2021-07-10 03:00:00,294.6,294.1,294.5,294.39,294.5,294.2,293.79,293.79,293.7,293.29,293.0,294.6,294.1,294.5,294.39,294.5,294.29,294.29,293.79,293.79,293.5,293.2,294.7,294.5,294.39,294.5,294.6,294.6,294.29,293.89,293.89,293.6,293.29,294.79,294.89,294.5,294.6,294.6,294.39,294.29,294.0,293.89,293.7,293.7,294.79,294.79,294.79,294.5,294.5,294.29,294.2,293.89,293.7,293.7,293.2,294.7,294.7,294.6,294.29,294.39,294.1,293.89,293.7,293.7,293.2,292.79,294.89,294.6,294.5,294.29,294.39,294.1,293.89,293.89,293.7,293.2,292.79,294.89,294.6,294.5,294.29,294.1,294.1,293.89,293.6,293.0,292.79,292.5,294.7,294.79,294.29,294.1,294.1,294.0,293.7,293.2,292.6,292.29,292.39,294.79,294.6,294.29,294.29,294.2,293.89,293.5,292.79,292.5,292.39,292.39,294.89,294.89,294.89,294.39,294.29,293.89,293.1,292.6,292.6,292.5,292.5
2021-07-21 05:00:00,294.39,294.2,293.6,293.5,293.79,294.1,294.5,294.5,294.79,294.7,294.6,294.39,294.2,293.6,293.5,293.79,294.29,294.29,294.79,295.1,294.79,294.29,294.1,293.79,293.89,293.79,294.39,294.39,294.89,295.0,295.2,295.0,294.1,293.39,293.6,294.1,294.29,294.29,294.7,295.1,295.39,294.89,294.7,294.7,293.79,293.6,293.6,293.89,294.6,295.0,295.1,295.0,294.79,294.79,294.2,293.5,293.5,293.5,293.89,294.5,294.79,294.7,294.5,294.5,294.2,293.2,293.5,293.39,293.79,294.1,294.5,294.79,294.7,294.7,294.5,294.2,293.2,293.5,293.39,293.79,294.1,294.5,294.5,294.39,294.29,294.39,293.2,292.39,293.2,293.6,293.89,293.89,293.89,294.2,294.5,293.79,293.2,291.89,292.0,292.29,292.79,293.7,293.7,293.7,293.89,293.7,293.2,292.1,290.6,290.6,291.0,292.39,292.39,293.2,293.5,293.39,292.89,292.39,292.39,291.29,289.39
2021-06-01 09:00:00,253.2,255.9,255.4,255.0,256.4,257.3,258.71,258.71,257.21,252.31,248.81,253.2,255.9,255.4,255.0,256.4,256.71,256.71,254.81,254.5,254.9,251.2,260.3,261.11,258.3,258.71,257.5,257.5,255.9,255.81,254.4,253.61,254.9,268.11,266.0,262.8,263.11,263.11,261.4,257.5,255.5,256.71,258.21,258.21,271.11,273.39,273.39,272.11,269.0,265.9,263.11,259.4,263.71,263.71,267.71,277.39,277.39,278.6,275.6,275.7,271.9,268.11,272.5,272.5,271.0,270.5,277.7,284.7,279.39,276.0,275.7,271.9,268.11,268.11,272.5,271.0,270.5,277.7,284.7,279.39,276.0,282.1,282.1,281.39,278.0,278.7,276.1,276.6,280.0,282.0,279.6,280.39,280.39,285.29,287.6,286.7,280.6,280.2,281.39,275.1,280.2,281.29,281.29,282.1,284.39,287.0,286.7,280.79,281.89,281.89,268.0,274.39,274.39,281.5,281.6,281.6,283.5,282.2,282.2,282.39,280.5
2021-06-15 03:00:00,277.7,277.2,274.2,271.0,273.6,275.6,268.0,268.0,264.5,274.79,281.6,277.7,277.2,274.2,271.0,273.6,275.0,275.0,271.0,267.9,279.0,285.29,278.5,276.6,274.1,273.7,275.29,275.29,278.29,276.5,273.5,278.89,283.89,277.5,276.39,275.6,276.6,276.6,279.1,282.0,279.89,278.39,279.89,279.89,277.7,278.29,278.29,280.0,279.79,281.5,283.7,282.0,281.5,281.5,280.89,281.1,281.1,280.7,282.89,282.79,283.79,284.39,285.2,285.2,284.0,279.89,285.39,285.0,284.7,285.0,282.79,283.79,284.39,284.39,285.2,284.0,279.89,285.39,285.0,284.7,285.0,285.6,285.6,285.6,285.7,286.29,285.0,282.5,287.39,288.29,288.0,287.79,287.79,287.2,286.89,286.79,286.6,285.89,284.0,288.7,289.0,289.2,289.2,288.7,288.39,288.0,287.6,286.89,286.6,286.6,288.79,288.79,288.79,288.6,288.7,288.7,288.39,287.79,287.79,287.5,287.1
2021-07-03 09:00:00,290.2,290.7,289.89,288.29,287.7,288.1,287.7,287.7,288.1,287.79,288.7,290.2,290.7,289.89,288.29,287.7,289.2,289.2,289.0,289.2,289.1,289.39,288.29,289.7,290.29,289.89,290.1,290.1,290.39,289.6,290.1,290.79,290.6,287.39,288.6,290.5,291.39,291.39,291.5,291.2,290.6,290.6,291.2,291.2,288.89,289.39,289.39,290.79,291.89,291.5,291.39,290.79,290.5,290.5,290.5,289.79,289.79,290.39,290.7,291.39,291.2,290.89,290.39,290.39,289.89,289.6,289.7,290.79,291.0,290.89,291.39,291.2,290.89,290.89,290.39,289.89,289.6,289.7,290.79,291.0,290.89,290.89,290.89,290.5,290.0,289.39,289.29,288.79,290.2,291.0,291.1,290.7,290.7,290.1,289.5,288.79,288.29,288.39,287.7,290.1,290.29,290.0,290.0,289.2,289.5,289.39,288.7,288.2,287.89,287.89,289.39,288.7,288.7,288.29,288.5,288.6,288.79,288.79,288.79,288.1,287.7
2021-07-04 04:00:00,250.31,246.81,239.81,244.5,248.81,242.0,242.11,242.11,244.7,241.31,234.11,250.31,246.81,239.81,244.5,248.81,245.61,245.61,247.7,248.0,243.81,236.11,252.31,243.81,243.4,242.7,255.2,255.2,257.4,254.0,250.7,242.5,236.9,254.2,242.0,243.5,243.81,243.81,254.0,265.11,262.9,249.11,237.0,237.0,255.7,249.2,249.2,244.31,242.2,249.2,262.0,261.11,251.5,251.5,233.31,250.61,250.61,255.9,242.9,241.11,246.31,254.4,256.61,256.61,251.61,235.5,246.0,241.61,248.11,246.61,241.11,246.31,254.4,254.4,256.61,251.61,235.5,246.0,241.61,248.11,246.61,239.2,239.2,241.0,247.11,252.61,245.7,235.4,241.2,237.0,238.5,243.2,243.2,239.61,235.61,241.31,242.7,237.81,236.61,243.9,239.0,234.61,234.61,235.31,236.2,238.9,237.2,231.4,229.2,229.2,251.9,242.7,242.7,235.5,233.9,234.31,239.81,235.0,235.0,231.5,220.9
2021-07-21 06:00:00,292.6,292.2,291.7,292.0,292.6,293.89,294.2,294.2,293.89,293.79,293.2,292.6,292.2,291.7,292.0,292.6,293.29,293.29,293.7,293.6,293.6,292.2,291.39,291.39,291.29,291.79,293.2,293.2,294.0,293.6,292.79,291.7,291.2,290.6,290.0,290.29,291.7,291.7,293.29,293.89,293.29,291.0,288.79,288.79,289.6,289.79,289.79,290.6,292.39,293.2,292.29,290.5,288.7,288.7,288.1,288.7,288.7,289.5,291.6,292.6,292.1,289.79,287.89,287.89,285.1,285.79,286.6,288.7,290.29,291.39,292.6,292.1,289.79,289.79,287.89,285.1,285.79,286.6,288.7,290.29,291.39,292.39,292.39,291.39,288.5,284.7,281.7,282.0,285.7,287.39,290.2,291.6,291.6,291.1,289.1,285.5,282.0,277.6,278.0,285.89,286.7,287.5,287.5,288.39,289.29,285.79,281.0,275.39,274.39,274.39,287.6,286.0,286.0,283.79,284.5,285.5,283.89,276.39,276.39,268.9,272.0
2021-07-24 09:00:00,252.2,246.4,248.7,258.61,266.8,260.9,257.9,257.9,259.11,259.8,253.7,252.2,246.4,248.7,258.61,266.8,264.5,264.5,260.9,261.0,262.0,256.4,254.2,247.81,251.0,260.21,268.61,268.61,268.0,265.4,264.11,262.71,258.11,257.11,251.9,252.31,262.61,262.61,270.5,271.0,269.5,267.5,264.21,264.21,260.4,253.4,253.4,253.9,265.61,272.71,272.21,270.8,270.4,270.4,268.0,262.8,262.8,255.81,256.71,266.9,274.1,272.8,272.61,272.61,272.8,271.11,271.21,267.4,262.5,260.71,266.9,274.1,272.8,272.8,272.61,272.8,271.11,271.21,267.4,262.5,260.71,265.3,265.3,275.29,275.89,274.39,273.89,274.1,272.71,270.8,269.0,263.0,263.0,264.8,275.6,280.5,274.6,275.89,278.0,273.29,271.9,270.0,270.0,265.0,265.61,276.79,280.89,278.6,278.7,278.7,273.1,270.0,270.0,270.0,269.11,268.5,274.2,281.6,281.6,281.6,281.29
2021-07-28 06:00:00,213.5,213.0,212.9,216.7,222.31,221.4,226.7,226.7,229.4,232.11,239.2,213.5,213.0,212.9,216.7,222.31,223.5,223.5,227.5,235.2,239.2,246.9,213.31,212.4,212.5,215.4,223.81,223.81,227.11,229.2,239.11,248.31,256.0,213.11,213.11,213.61,217.81,217.81,223.2,230.4,235.9,243.2,254.9,254.9,216.9,217.0,217.0,217.31,224.7,226.7,231.4,241.4,251.4,251.4,259.0,216.7,216.7,221.7,223.4,231.9,231.4,235.5,246.4,246.4,257.5,262.4,213.11,217.0,223.5,224.31,231.9,231.4,235.5,235.5,246.4,257.5,262.4,213.11,217.0,223.5,224.31,237.61,237.61,240.11,244.81,253.4,259.8,257.9,214.5,219.61,224.31,225.9,225.9,240.61,246.4,252.4,258.61,258.8,255.4,218.2,224.11,225.4,225.4,228.5,239.31,250.31,255.5,259.21,257.4,257.4,223.5,224.5,224.5,227.7,235.4,237.61,244.7,256.8,256.8,259.3,254.81
2021-08-26 00:00:00,246.61,242.2,239.2,236.31,234.0,229.5,229.7,229.7,229.7,234.61,236.2,246.61,242.2,239.2,236.31,234.0,230.2,230.2,229.11,231.4,232.61,232.61,251.7,245.81,242.7,240.31,234.7,234.7,232.4,234.0,232.2,230.9,233.2,250.9,248.11,252.4,242.61,242.61,235.81,236.11,235.7,233.11,232.31,232.31,250.7,251.31,251.31,250.61,246.81,242.61,237.11,234.9,234.31,234.31,234.11,252.61,252.61,250.61,249.4,249.9,245.61,238.9,235.81,235.81,235.0,234.0,249.81,248.31,247.2,250.0,249.9,245.61,238.9,238.9,235.81,235.0,234.0,249.81,248.31,247.2,250.0,250.11,250.11,249.11,244.11,238.4,234.9,233.31,248.11,246.81,245.11,247.11,247.11,249.4,250.81,248.31,241.9,236.0,230.81,247.31,250.9,248.5,248.5,245.11,245.61,248.61,248.0,241.7,237.81,237.81,249.31,252.7,252.7,253.4,246.61,241.5,242.4,245.61,245.61,243.31,240.2
2021-06-18 08:00:00,259.5,260.5,261.21,259.3,260.11,260.8,260.5,260.5,261.4,261.71,262.4,259.5,260.5,261.21,259.3,260.11,260.21,260.21,260.5,261.11,261.61,262.4,259.5,260.0,259.8,259.8,260.21,260.21,261.11,260.8,260.9,261.71,262.4,259.3,259.11,259.4,259.71,259.71,261.21,261.61,261.21,260.71,261.0,261.0,259.4,259.8,259.8,260.0,259.71,259.61,261.11,261.9,260.9,260.9,260.61,259.3,259.3,260.3,260.11,259.3,259.4,260.21,261.61,261.61,261.21,260.61,259.71,259.11,259.4,259.5,259.3,259.4,260.21,260.21,261.61,261.21,260.61,259.71,259.11,259.4,259.5,259.9,259.9,259.21,260.21,261.4,260.8,260.3,260.3,259.0,258.71,259.11,259.11,260.4,260.9,260.5,260.0,260.9,261.61,261.21,260.5,259.3,259.3,260.3,261.61,262.21,261.4,261.61,261.8,261.8,262.4,261.3,261.3,260.8,261.8,263.0,263.3,263.21,263.21,263.21,263.3
2021-06-28 23:00:00,276.2,269.9,264.0,259.8,255.5,263.0,271.0,271.0,270.4,267.61,272.3,276.2,269.9,264.0,259.8,255.5,257.0,257.0,262.4,260.4,262.71,269.21,264.5,258.0,253.31,250.31,247.4,247.4,249.9,252.31,254.4,259.8,261.8,252.9,246.0,243.31,242.81,242.81,241.7,243.7,247.11,250.5,253.9,253.9,248.9,241.81,241.81,238.81,240.31,241.0,242.31,245.81,248.7,248.7,250.5,246.2,246.2,242.11,240.61,241.9,242.31,245.31,247.81,247.81,249.11,249.2,245.61,243.5,244.0,243.0,241.9,242.31,245.31,245.31,247.81,249.11,249.2,245.61,243.5,244.0,243.0,244.31,244.31,247.11,251.4,252.7,250.31,248.4,241.4,244.4,245.2,245.5,245.5,247.7,251.81,257.5,256.8,253.11,250.9,241.31,242.9,244.2,244.2,246.4,251.2,257.3,259.9,257.9,255.81,255.81,242.9,242.9,242.9,244.5,248.0,254.7,260.21,259.5,259.5,257.21,258.0
2021-06-16 09:00:00,283.5,284.1,284.1,284.1,284.29,285.39,284.39,284.39,283.1,281.2,278.1,283.5,284.1,284.1,284.1,284.29,284.5,284.5,284.0,280.29,275.2,272.61,283.89,283.89,283.89,283.39,282.5,282.5,282.0,280.7,276.2,272.71,272.21,284.29,283.39,282.89,282.5,282.5,281.0,278.79,275.5,272.61,272.11,272.11,284.5,283.2,283.2,283.6,280.79,278.6,275.6,273.0,271.9,271.9,273.0,284.29,284.29,283.79,281.6,279.39,276.89,272.71,272.0,272.0,272.71,273.7,282.2,283.0,283.39,281.39,279.39,276.89,272.71,272.71,272.0,272.71,273.7,282.2,283.0,283.39,281.39,277.6,277.6,272.8,271.5,272.11,273.1,275.39,281.6,280.6,282.2,281.2,281.2,275.6,271.3,271.21,271.9,273.29,277.6,281.0,278.2,278.5,278.5,278.2,275.5,272.8,272.21,272.3,273.1,273.1,279.89,275.39,275.39,274.5,275.0,276.0,275.0,273.29,273.29,273.1,272.71
2021-06-27 22:00:00,288.2,288.2,288.2,288.1,288.1,287.79,287.79,287.79,287.6,287.5,287.7,288.2,288.2,288.2,288.1,288.1,287.7,287.7,287.7,287.7,287.7,287.89,288.0,288.2,288.2,288.2,288.2,288.2,288.1,288.0,287.79,287.6,287.7,287.79,288.2,288.1,288.29,288.29,288.5,288.6,288.29,288.0,287.5,287.5,287.89,288.0,288.0,288.0,288.5,288.79,288.39,288.2,288.1,288.1,287.79,287.79,287.79,287.79,288.0,288.5,288.29,288.29,288.0,288.0,288.0,288.1,288.0,287.79,287.79,287.89,288.5,288.29,288.29,288.29,288.0,288.0,288.1,288.0,287.79,287.79,287.89,288.2,288.2,288.2,288.2,288.2,288.2,288.0,288.0,287.79,287.89,287.79,287.79,287.89,288.2,288.1,288.29,288.2,287.89,287.89,287.79,287.89,287.89,287.79,287.7,287.89,288.0,288.29,288.29,288.29,287.6,287.79,287.79,287.7,287.79,287.5,287.5,287.79,287.79,288.2,288.2
2021-07-12 02:00:00,255.81,257.5,261.21,267.61,277.5,286.39,291.0,291.0,293.7,293.89,292.79,255.81,257.5,261.21,267.61,277.5,289.79,289.79,292.79,293.79,294.0,293.39,255.81,257.8,262.0,269.4,283.2,283.2,291.79,293.0,294.1,294.2,293.0,257.9,258.8,262.4,272.9,272.9,286.2,292.5,293.1,293.2,292.7,292.7,258.61,259.71,259.71,263.61,274.79,285.89,289.5,290.0,289.5,289.5,288.79,257.5,257.5,260.4,265.21,274.89,284.39,284.1,284.0,284.0,284.7,283.7,256.3,257.3,262.5,264.9,274.89,284.39,284.1,284.1,284.0,284.7,283.7,256.3,257.3,262.5,264.9,274.6,274.6,281.39,275.89,276.1,278.2,278.5,255.5,258.5,263.11,266.8,266.8,273.29,276.29,268.11,269.9,272.8,270.4,256.9,259.21,262.21,262.21,267.71,271.5,271.0,266.9,269.71,267.4,267.4,258.11,260.3,260.3,261.21,264.5,269.21,268.8,265.8,265.8,268.11,263.5
2021-07-13 00:00:00,230.7,230.7,230.0,229.2,229.2,229.81,231.5,231.5,232.2,232.11,231.11,230.7,230.7,230.0,229.2,229.2,230.11,230.11,231.7,232.2,231.81,231.11,230.11,230.0,229.5,229.11,229.9,229.9,231.11,231.81,231.9,231.61,231.11,230.0,229.11,228.81,229.5,229.5,230.11,232.0,232.0,231.61,230.81,230.81,229.11,228.5,228.5,228.9,229.81,231.4,231.9,231.11,231.4,231.4,231.31,228.9,228.9,228.31,229.4,230.61,232.2,231.61,231.0,231.0,231.11,231.9,229.7,229.2,229.5,230.11,230.61,232.2,231.61,231.61,231.0,231.11,231.9,229.7,229.2,229.5,230.11,231.5,231.5,231.9,231.61,230.7,231.2,232.2,229.61,229.81,230.5,231.2,231.2,231.9,232.11,231.5,230.7,231.4,232.4,230.31,230.4,231.4,231.4,231.9,232.11,232.2,231.81,231.4,231.61,231.61,231.2,230.9,230.9,231.5,232.2,232.11,232.11,232.11,232.11,231.81,231.9
2021-06-05 06:00:00,302.0,301.7,301.7,301.7,302.1,302.1,301.6,301.6,300.6,299.6,298.0,302.0,301.7,301.7,301.7,302.1,301.89,301.89,301.1,300.2,299.1,297.79,301.6,301.6,301.5,301.79,302.1,302.1,301.2,300.7,299.89,299.0,296.89,301.5,301.39,301.6,302.0,302.0,301.5,300.79,300.89,299.7,297.89,297.89,301.2,301.0,301.0,301.5,301.7,301.6,301.0,300.2,298.39,298.39,296.1,300.89,300.89,300.79,300.7,301.39,301.39,300.7,299.2,299.2,296.6,293.2,300.7,300.6,300.6,300.7,301.39,301.39,300.7,300.7,299.2,296.6,293.2,300.7,300.6,300.6,300.7,301.0,301.0,300.7,299.5,297.0,294.1,292.7,300.79,300.5,300.5,300.6,300.6,300.6,300.1,297.89,294.0,292.5,292.29,301.0,300.79,300.29,300.29,300.29,300.2,298.7,295.5,292.5,292.2,292.2,301.2,300.6,300.6,300.2,300.0,299.6,296.2,293.2,293.2,292.5,292.2
2021-06-19 09:00:00,232.61,233.61,238.4,237.7,232.31,233.0,235.7,235.7,244.61,247.61,243.11,232.61,233.61,238.4,237.7,232.31,233.0,233.0,241.11,244.4,245.0,247.2,235.0,237.11,239.11,238.2,235.11,235.11,236.7,244.4,246.4,246.81,248.7,236.7,238.7,243.0,239.61,239.61,235.0,244.2,254.5,253.11,248.81,248.81,233.7,234.61,234.61,241.31,241.4,246.11,256.11,263.61,260.3,260.3,258.3,233.0,233.0,235.81,241.9,249.61,258.9,268.61,269.61,269.61,267.11,273.5,238.11,240.11,241.11,245.4,249.61,258.9,268.61,268.61,269.61,267.11,273.5,238.11,240.11,241.11,245.4,258.3,258.3,269.9,276.89,277.5,278.1,281.5,245.2,249.61,249.7,255.11,255.11,267.4,275.89,282.89,285.6,286.39,286.7,259.11,260.61,267.5,267.5,273.1,275.2,281.6,285.0,288.1,290.1,290.1,272.21,278.7,278.7,283.1,283.79,283.89,284.2,285.2,285.2,288.2,290.2
2021-06-25 04:00:00,234.5,237.11,237.7,239.11,239.4,240.81,239.0,239.0,236.81,239.5,240.4,234.5,237.11,237.7,239.11,239.4,239.0,239.0,237.61,235.81,237.4,241.61,235.2,238.2,239.31,240.0,240.2,240.2,237.9,237.0,236.0,238.4,241.7,235.5,239.31,241.61,240.61,240.61,239.2,236.81,233.61,235.81,242.81,242.81,237.0,241.0,241.0,244.31,240.7,239.61,236.4,235.0,235.81,235.81,237.0,240.11,240.11,242.81,243.7,242.0,239.31,237.2,236.4,236.4,234.9,234.5,244.5,242.5,243.61,243.4,242.0,239.31,237.2,237.2,236.4,234.9,234.5,244.5,242.5,243.61,243.4,242.2,242.2,238.11,236.61,235.5,234.31,233.9,245.9,243.9,243.7,243.0,243.0,241.2,237.7,235.4,235.2,234.0,233.5,244.7,244.31,243.61,243.61,241.61,239.31,236.31,235.61,235.5,235.81,235.81,242.7,243.5,243.5,242.9,239.2,236.81,234.0,234.61,234.61,239.5,237.9
2021-06-26 22:00:00,259.8,263.11,264.4,268.4,270.0,265.3,265.21,265.21,264.0,268.11,268.5,259.8,263.11,264.4,268.4,270.0,269.4,269.4,270.3,270.9,271.8,274.2,266.3,267.9,271.5,272.8,273.29,273.29,275.6,276.5,278.1,278.29,280.79,272.4,275.2,276.0,278.2,278.2,279.5,281.5,283.2,283.79,285.89,285.89,277.39,279.7,279.7,279.89,281.39,284.1,285.1,286.0,287.2,287.2,288.39,281.6,281.6,283.6,284.0,284.6,286.1,287.0,287.39,287.39,288.1,288.0,283.79,286.0,286.39,286.6,284.6,286.1,287.0,287.0,287.39,288.1,288.0,283.79,286.0,286.39,286.6,286.89,286.89,287.5,287.7,288.0,288.2,287.89,288.0,288.39,288.0,288.0,288.0,288.1,288.1,287.7,287.6,287.5,287.2,289.29,288.89,288.5,288.5,288.29,288.1,288.1,287.6,287.39,287.29,287.29,289.1,288.79,288.79,288.6,288.2,287.89,287.7,287.7,287.7,287.29,287.1
2021-07-30 01:00:00,290.79,290.89,290.6,290.39,290.6,290.6,290.6,290.6,290.7,290.7,290.89,290.79,290.89,290.6,290.39,290.6,290.7,290.7,290.5,290.7,290.79,290.79,291.0,290.79,290.6,290.5,290.6,290.6,290.6,290.6,290.7,290.7,290.79,291.2,290.7,290.6,290.6,290.6,290.5,290.5,290.7,290.6,290.79,290.79,290.7,290.89,290.89,290.6,290.6,290.5,290.5,290.39,290.6,290.6,290.39,290.6,290.6,290.7,290.6,290.5,290.5,290.29,290.1,290.1,290.2,290.2,290.5,290.39,290.6,290.5,290.5,290.5,290.29,290.29,290.1,290.2,290.2,290.5,290.39,290.6,290.5,290.5,290.5,290.2,290.1,289.89,290.0,289.7,290.5,290.29,290.2,290.6,290.6,290.5,290.1,290.0,289.5,289.7,289.7,290.5,290.29,290.2,290.2,290.1,290.39,290.5,290.39,290.1,289.6,289.6,290.6,290.29,290.29,290.0,290.0,290.2,290.6,291.0,291.0,290.2,289.6
2021-08-09 09:00:00,254.11,252.11,249.9,251.0,252.5,251.2,250.9,250.9,251.11,253.5,255.9,254.11,252.11,249.9,251.0,252.5,251.9,251.9,250.0,249.81,251.4,252.7,254.9,254.61,253.9,253.4,253.4,253.4,251.2,249.31,249.4,249.2,250.7,255.31,256.71,257.5,256.0,256.0,252.61,250.4,249.2,248.4,248.7,248.7,254.31,258.61,258.61,258.8,256.0,252.61,248.2,247.7,248.0,248.0,248.31,256.9,256.9,258.61,259.8,255.2,252.31,249.31,246.61,246.61,248.0,249.61,263.9,259.11,253.5,253.7,255.2,252.31,249.31,249.31,246.61,248.0,249.61,263.9,259.11,253.5,253.7,255.2,255.2,259.61,256.71,250.7,248.0,247.9,271.11,261.71,251.4,250.9,250.9,256.0,265.4,265.8,251.5,252.0,250.61,276.5,274.1,261.8,261.8,255.31,258.9,266.61,272.4,261.3,258.61,258.61,283.79,281.2,281.2,275.6,265.11,262.0,272.8,275.39,275.39,269.5,267.71
2021-06-25 11:00:00,244.61,241.11,241.11,240.9,238.31,237.31,236.0,236.0,234.4,235.0,235.0,244.61,241.11,241.11,240.9,238.31,237.5,237.5,235.7,234.81,235.31,236.0,242.31,241.0,241.5,239.7,237.7,237.7,237.81,237.0,236.11,235.5,235.5,240.31,241.9,240.9,239.5,239.5,238.31,238.5,238.11,237.5,236.0,236.0,240.9,240.81,240.81,239.81,238.9,238.7,237.9,238.0,237.11,237.11,236.2,239.81,239.81,240.2,239.4,238.7,238.11,237.7,237.4,237.4,236.7,236.31,238.7,240.61,239.61,238.31,238.7,238.11,237.7,237.7,237.4,236.7,236.31,238.7,240.61,239.61,238.31,238.11,238.11,238.11,237.5,237.11,236.11,236.4,238.2,238.9,239.9,238.61,238.61,238.2,237.9,237.9,236.61,236.11,236.0,237.81,239.11,238.9,238.9,237.9,238.11,238.2,237.81,236.0,236.0,236.0,238.4,239.2,239.2,238.11,237.0,237.9,238.4,237.4,237.4,236.81,236.4
2021-06-30 09:00:00,294.7,294.6,294.79,294.89,295.0,294.79,294.7,294.7,294.39,293.89,293.89,294.7,294.6,294.79,294.89,295.0,295.0,295.0,294.5,294.2,294.0,293.79,294.6,294.7,294.6,294.89,295.1,295.1,294.7,294.29,294.29,294.0,293.5,294.6,294.6,294.39,295.0,295.0,294.7,294.39,294.1,294.1,294.0,294.0,294.39,294.29,294.29,294.39,294.29,294.39,294.1,293.89,293.6,293.6,293.2,294.39,294.39,294.0,294.0,293.79,293.79,293.79,293.6,293.6,293.1,292.39,294.79,294.29,293.89,293.6,293.79,293.79,293.79,293.79,293.6,293.1,292.39,294.79,294.29,293.89,293.6,293.29,293.29,293.2,293.2,292.89,292.39,292.1,294.89,294.2,294.0,293.6,293.6,293.29,293.1,292.79,292.29,291.89,292.0,294.29,294.1,294.1,294.1,294.2,294.39,293.89,293.2,292.7,292.2,292.2,293.0,293.29,293.29,294.0,295.2,295.5,294.7,293.89,293.89,293.1,292.7
2021-07-21 09:00:00,284.1,274.79,275.39,275.2,271.61,280.0,284.79,284.79,284.2,283.39,279.0,284.1,274.79,275.39,275.2,271.61,280.1,280.1,285.7,284.79,283.39,279.1,276.7,272.3,274.0,274.39,276.79,276.79,280.6,282.79,284.29,283.7,281.6,272.21,270.4,270.4,275.79,275.79,280.79,282.1,282.39,282.7,285.7,285.7,276.89,265.8,265.8,269.3,279.39,284.6,284.1,282.5,284.1,284.1,285.7,272.61,272.61,265.8,275.6,282.79,285.39,285.39,284.2,284.2,285.29,282.6,283.39,268.61,271.5,281.2,282.79,285.39,285.39,285.39,284.2,285.29,282.6,283.39,268.61,271.5,281.2,284.39,284.39,285.7,286.2,285.6,284.6,282.7,280.29,275.6,276.89,282.29,282.29,286.2,287.0,287.0,286.2,284.5,283.79,281.29,282.0,283.2,283.2,286.2,288.2,288.2,286.79,283.5,285.29,285.29,284.79,286.89,286.89,289.5,289.2,288.5,287.39,283.2,283.2,283.1,285.7
2021-07-23 09:00:00,293.1,292.89,292.5,292.1,292.1,291.7,291.5,291.5,291.6,291.29,291.1,293.1,292.89,292.5,292.1,292.1,291.5,291.5,291.39,291.39,291.5,291.1,293.2,293.1,292.6,292.2,292.0,292.0,291.5,291.6,291.39,291.1,290.89,293.1,293.1,292.79,292.29,292.29,291.79,291.79,291.6,291.5,291.29,291.29,293.2,292.79,292.79,292.5,292.2,291.79,291.7,291.39,291.5,291.5,291.29,292.79,292.79,292.7,292.6,292.1,291.5,291.6,291.79,291.79,291.5,291.39,292.7,292.6,292.5,292.1,292.1,291.5,291.6,291.6,291.79,291.5,291.39,292.7,292.6,292.5,292.1,291.89,291.89,291.79,291.6,291.6,291.6,291.5,292.5,292.6,292.2,291.89,291.89,291.79,291.79,291.7,291.5,291.6,291.7,292.5,292.29,292.1,292.1,291.79,291.89,292.0,291.7,291.89,291.7,291.7,292.39,292.29,292.29,292.0,291.89,292.1,292.1,291.89,291.89,291.7,291.7
2021-07-25 08:00:00,240.5,244.7,242.81,240.0,237.5,237.61,238.5,238.5,236.81,235.7,236.11,240.5,244.7,242.81,240.0,237.5,237.11,237.11,236.31,236.4,236.0,235.81,238.61,242.5,242.9,240.4,238.61,238.61,239.5,237.0,235.31,234.61,235.7,237.0,239.81,240.7,240.31,240.31,242.61,241.31,236.5,235.0,233.11,233.11,238.2,236.9,236.9,237.61,240.31,244.9,239.7,236.81,235.31,235.31,233.2,235.11,235.11,236.81,237.31,240.7,243.0,238.2,237.0,237.0,236.61,235.4,243.7,239.61,239.61,236.7,240.7,243.0,238.2,238.2,237.0,236.61,235.4,243.7,239.61,239.61,236.7,239.7,239.7,237.0,236.11,238.4,238.31,238.2,246.4,240.5,241.5,242.0,242.0,236.4,232.0,234.5,239.31,240.7,243.0,247.61,239.5,239.5,239.5,242.61,238.4,234.7,238.7,238.9,245.2,245.2,248.5,243.4,243.4,239.2,241.4,243.2,242.61,243.81,243.81,241.7,249.2
2021-07-27 01:00:00,219.9,219.11,218.9,219.4,220.81,223.0,223.0,223.0,223.81,222.7,222.61,219.9,219.11,218.9,219.4,220.81,221.31,221.31,222.31,223.9,223.5,222.9,218.4,217.81,217.5,218.31,219.7,219.7,220.4,221.81,224.11,224.81,225.61,218.9,218.7,218.2,219.4,219.4,220.7,221.7,223.5,225.31,228.5,228.5,221.7,223.11,223.11,224.4,224.5,225.11,226.2,227.31,229.61,229.61,232.31,226.4,226.4,229.0,230.61,231.11,231.5,231.81,232.81,232.81,234.7,236.31,231.11,232.7,232.9,236.11,231.11,231.5,231.81,231.81,232.81,234.7,236.31,231.11,232.7,232.9,236.11,237.4,237.4,238.2,239.4,239.31,239.5,239.5,236.0,237.0,235.81,239.31,239.31,241.7,243.7,244.9,244.11,242.61,241.5,236.31,236.7,238.11,238.11,240.4,243.11,245.31,246.0,245.2,243.4,243.4,235.4,236.7,236.7,238.9,241.31,242.81,244.61,245.31,245.31,244.2,243.5
2021-07-02 02:00:00,254.31,257.4,260.8,262.61,269.9,267.3,265.21,265.21,263.8,259.3,253.61,254.31,257.4,260.8,262.61,269.9,275.5,275.5,274.0,270.9,263.21,259.11,254.61,263.4,267.8,271.11,274.79,274.79,279.29,280.29,277.39,271.5,271.0,260.0,269.9,275.2,279.1,279.1,280.39,281.89,283.0,282.0,281.2,281.2,270.11,276.1,276.1,281.5,283.2,284.5,284.79,285.79,284.79,284.79,284.79,278.0,278.0,281.7,284.5,285.89,286.29,286.79,286.6,286.6,286.2,286.29,284.0,283.1,283.2,284.79,285.89,286.29,286.79,286.79,286.6,286.2,286.29,284.0,283.1,283.2,284.79,287.2,287.2,287.79,287.2,286.7,286.29,286.39,285.29,284.5,282.0,283.2,283.2,285.79,285.5,286.29,287.2,286.29,284.1,277.5,276.2,281.39,281.39,283.89,279.39,280.2,284.7,286.0,286.89,286.89,264.0,267.0,267.0,279.2,276.89,270.8,277.7,280.7,280.7,284.2,286.39
2021-07-13 02:00:00,244.81,247.11,245.31,245.2,247.81,251.5,258.21,258.21,261.8,257.21,257.0,244.81,247.11,245.31,245.2,247.81,252.4,252.4,257.71,260.11,257.5,253.9,246.9,245.0,244.11,245.9,250.11,250.11,254.11,257.5,258.71,253.5,252.11,245.4,243.4,243.61,247.31,247.31,252.11,255.11,257.9,255.7,250.5,250.5,244.9,243.7,243.7,244.9,249.0,251.81,253.7,255.2,253.31,253.31,249.7,242.81,242.81,244.5,246.4,249.81,250.81,251.2,253.31,253.31,252.0,250.7,240.0,240.9,244.11,246.31,249.81,250.81,251.2,251.2,253.31,252.0,250.7,240.0,240.9,244.11,246.31,249.4,249.4,250.4,251.61,252.7,250.5,252.31,237.61,240.2,243.9,245.5,245.5,248.31,250.81,251.9,249.61,251.7,255.2,237.9,242.81,244.9,244.9,246.2,247.5,246.9,246.2,248.5,255.11,255.11,238.61,245.2,245.2,245.81,246.2,246.4,243.0,241.31,241.31,247.31,257.8
2021-08-12 00:00:00,248.9,249.5,250.5,250.61,249.2,248.31,248.5,248.5,248.7,249.11,250.7,248.9,249.5,250.5,250.61,249.2,247.2,247.2,246.31,247.4,249.31,250.31,247.5,247.61,248.4,250.61,249.81,249.81,248.0,246.7,247.2,248.2,248.7,245.61,245.81,248.0,249.7,249.7,250.4,248.81,247.81,247.5,247.4,247.4,245.31,245.7,245.7,247.2,248.81,249.11,248.0,246.5,247.5,247.5,248.61,245.5,245.5,245.7,247.5,247.7,246.9,246.7,245.4,245.4,246.61,250.2,245.61,246.61,245.11,246.2,247.7,246.9,246.7,246.7,245.4,246.61,250.2,245.61,246.61,245.11,246.2,247.4,247.4,246.7,246.61,246.61,247.2,248.0,245.11,246.31,246.11,246.81,246.81,247.7,247.11,247.31,247.5,248.11,247.0,245.11,247.4,249.61,249.61,249.7,248.7,246.2,247.2,248.31,248.0,248.0,245.5,250.2,250.2,252.9,250.7,250.2,249.4,247.61,247.61,247.4,248.5
2021-06-03 00:00:00,263.8,268.9,271.21,272.11,272.4,271.8,268.21,268.21,265.0,264.9,264.8,263.8,268.9,271.21,272.11,272.4,271.21,271.21,268.11,266.3,266.5,266.5,265.9,266.9,268.71,271.8,274.79,274.79,272.5,269.61,268.5,267.4,266.3,264.9,265.0,269.4,271.9,271.9,274.39,274.89,273.1,271.4,267.11,267.11,266.3,266.4,266.4,269.3,271.0,271.9,273.79,273.39,270.8,270.8,268.11,268.11,268.11,268.0,268.4,269.3,270.71,271.4,269.61,269.61,269.5,268.61,269.3,268.9,267.61,266.8,269.3,270.71,271.4,271.4,269.61,269.5,268.61,269.3,268.9,267.61,266.8,268.3,268.3,269.8,269.71,267.21,268.11,268.61,269.61,267.71,266.5,265.9,265.9,266.8,267.61,267.11,266.0,266.3,266.21,266.9,266.61,265.4,265.4,266.11,266.3,266.71,266.5,265.71,266.11,266.11,263.71,264.61,264.61,264.61,266.21,266.9,266.9,267.11,267.11,266.8,266.61
2021-06-23 00:00:00,292.5,292.39,292.39,292.5,292.6,292.39,292.29,292.29,292.0,292.0,291.79,292.5,292.39,292.39,292.5,292.6,292.29,292.29,292.0,291.79,291.7,291.6,292.5,292.39,292.39,292.5,292.2,292.2,292.2,292.0,291.79,291.6,291.2,292.2,292.29,292.1,292.2,292.2,292.1,291.89,291.79,291.7,291.39,291.39,292.0,292.1,292.1,292.0,292.0,291.79,291.79,291.6,291.5,291.5,290.79,292.0,292.0,291.89,291.7,291.7,291.5,291.5,291.39,291.39,291.0,290.39,291.79,291.6,291.6,291.5,291.7,291.5,291.5,291.5,291.39,291.0,290.39,291.79,291.6,291.6,291.5,291.5,291.5,291.29,291.29,291.0,290.39,289.89,291.7,291.5,291.39,291.1,291.1,291.5,291.1,291.1,290.39,289.89,289.39,291.89,291.6,291.5,291.5,291.2,291.39,291.0,290.5,289.89,289.6,289.6,292.0,291.6,291.6,291.6,291.39,291.2,290.7,289.89,289.89,289.6,289.5
2021-07-14 23:00:00,222.9,223.81,237.7,248.5,247.61,249.5,245.7,245.7,239.5,235.9,237.11,222.9,223.81,237.7,248.5,247.61,248.7,248.7,242.81,241.9,237.4,233.7,225.2,225.7,231.4,242.61,247.5,247.5,244.61,245.7,241.5,236.2,233.2,224.7,226.4,231.2,237.11,237.11,240.5,244.61,247.31,242.81,236.11,236.11,224.11,226.9,226.9,230.81,235.81,241.2,244.2,250.5,242.5,242.5,234.4,225.4,225.4,227.2,231.4,237.0,242.2,246.5,249.11,249.11,241.81,234.81,226.81,227.11,228.7,232.5,237.0,242.2,246.5,246.5,249.11,241.81,234.81,226.81,227.11,228.7,232.5,237.31,237.31,245.31,251.2,248.4,239.81,231.7,229.5,229.5,231.0,232.4,232.4,237.81,251.31,254.31,246.31,237.81,229.2,232.0,232.61,233.2,233.2,233.7,239.9,250.61,251.61,242.9,235.4,235.4,234.7,234.11,234.11,234.5,235.9,240.5,246.0,245.81,245.81,239.4,232.0
2021-07-16 00:00:00,211.2,211.11,209.81,209.5,210.7,211.81,212.31,212.31,212.5,212.5,212.11,211.2,211.11,209.81,209.5,210.7,212.61,212.61,212.81,211.9,212.11,212.2,210.0,210.7,209.9,209.31,210.81,210.81,212.4,212.2,211.81,211.4,212.0,209.5,210.4,209.61,209.61,209.61,211.0,211.81,211.61,211.5,211.61,211.61,210.0,209.5,209.5,209.7,209.9,210.5,211.9,211.9,210.81,210.81,211.81,209.7,209.7,209.2,209.4,210.0,210.9,211.5,211.5,211.5,210.5,210.9,209.7,209.4,209.5,210.0,210.0,210.9,211.5,211.5,211.5,210.5,210.9,209.7,209.4,209.5,210.0,210.0,210.0,210.61,210.4,210.4,210.31,210.7,209.81,208.9,209.81,210.4,210.4,210.2,209.5,209.11,210.31,209.61,209.61,209.61,209.7,210.0,210.0,209.81,209.61,209.61,208.5,208.81,209.11,209.11,209.5,210.0,210.0,210.2,209.5,209.5,208.61,208.4,208.4,208.61,208.7
2021-07-18 23:00:00,291.29,291.39,291.1,291.1,291.0,291.1,291.1,291.1,290.89,290.39,289.7,291.29,291.39,291.1,291.1,291.0,290.6,290.6,290.7,290.5,289.7,290.29,291.2,290.89,291.0,291.1,290.7,290.7,290.39,290.1,290.0,290.2,290.6,290.89,290.39,290.7,290.89,290.89,290.6,290.29,289.39,289.89,290.2,290.2,290.79,290.89,290.89,290.7,290.79,290.5,290.0,289.7,289.89,289.89,289.79,290.79,290.79,291.1,291.0,290.5,290.29,289.89,289.89,289.89,290.0,289.89,290.89,291.0,290.89,290.7,290.5,290.29,289.89,289.89,289.89,290.0,289.89,290.89,291.0,290.89,290.7,290.6,290.6,290.39,289.89,290.1,290.2,289.79,290.79,290.6,290.6,290.5,290.5,290.5,290.1,289.89,289.79,290.1,290.1,290.6,290.6,290.39,290.39,290.1,290.1,290.0,289.89,289.79,290.0,290.0,290.29,290.29,290.29,290.0,289.79,289.5,289.6,289.6,289.6,289.79,289.7
2021-07-19 09:00:00,278.39,275.29,277.89,282.1,284.39,287.79,288.6,288.6,288.6,286.39,284.79,278.39,275.29,277.89,282.1,284.39,286.7,286.7,288.79,288.39,288.29,289.0,265.9,266.8,274.0,280.7,284.2,284.2,287.29,289.5,288.7,289.29,291.1,258.5,261.8,271.61,279.29,279.29,284.79,287.6,288.79,289.7,292.0,292.0,264.4,271.0,271.0,274.6,279.0,282.1,284.7,287.39,291.29,291.29,292.79,272.8,272.8,281.29,281.29,280.0,280.79,282.29,287.5,287.5,292.0,292.89,269.0,277.2,282.6,282.79,280.0,280.79,282.29,282.29,287.5,292.0,292.89,269.0,277.2,282.6,282.79,282.2,282.2,283.39,286.1,289.89,291.0,291.39,277.5,283.7,283.0,281.6,281.6,284.39,289.1,290.2,290.6,290.6,290.2,280.79,284.7,285.0,285.0,285.0,286.29,289.1,290.79,290.6,290.7,290.7,282.79,286.7,286.7,286.79,284.7,288.6,290.89,290.2,290.2,290.29,291.1
2021-07-24 06:00:00,254.31,256.0,253.7,253.11,256.11,262.11,270.71,270.71,276.79,279.89,283.89,254.31,256.0,253.7,253.11,256.11,259.61,259.61,267.21,273.1,278.2,283.2,253.4,254.0,253.81,252.31,252.2,252.2,255.7,263.5,269.9,275.89,281.7,252.31,254.11,252.81,253.11,253.11,250.61,252.4,258.21,266.71,274.1,274.1,248.9,252.61,252.61,251.31,251.9,251.4,251.2,256.8,264.21,264.21,270.11,244.81,244.81,250.31,251.4,251.11,251.2,252.61,257.11,257.11,261.8,267.11,248.9,247.2,248.0,250.7,251.11,251.2,252.61,252.61,257.11,261.8,267.11,248.9,247.2,248.0,250.7,251.31,251.31,253.11,255.31,255.9,260.0,264.21,254.31,251.9,249.2,250.61,250.61,252.5,255.31,256.21,258.0,257.8,261.61,255.7,255.81,255.11,255.11,253.9,254.5,256.4,257.5,257.8,258.3,258.3,255.61,257.8,257.8,261.21,258.21,256.9,257.0,258.21,258.21,258.61,259.21
2021-08-10 03:00:00,288.29,291.1,293.6,295.39,295.89,295.2,294.89,294.89,294.5,294.6,294.89,288.29,291.1,293.6,295.39,295.89,295.6,295.6,295.0,294.79,295.1,295.0,285.39,291.5,294.0,295.29,296.0,296.0,295.29,295.1,295.5,295.7,295.6,283.2,290.6,293.2,294.6,294.6,295.0,294.89,295.39,295.7,296.0,296.0,277.1,289.2,289.2,293.89,293.0,293.39,294.7,295.6,296.2,296.2,296.0,276.89,276.89,286.29,290.6,291.89,293.2,294.5,295.5,295.5,296.2,295.6,280.89,278.2,282.7,285.89,291.89,293.2,294.5,294.5,295.5,296.2,295.6,280.89,278.2,282.7,285.89,291.2,291.2,294.29,295.5,296.0,295.7,295.1,283.79,280.0,280.7,283.89,283.89,290.89,295.7,296.2,295.6,294.89,295.2,287.0,287.6,282.29,282.29,284.2,292.6,295.29,295.5,295.0,294.6,294.6,290.79,291.79,291.79,286.2,286.89,294.0,295.0,294.2,294.2,294.0,294.0
2021-08-25 06:00:00,293.29,277.89,260.11,277.1,289.6,279.2,272.11,272.11,268.4,265.9,266.3,293.29,277.89,260.11,277.1,289.6,276.2,276.2,260.3,256.71,259.5,270.11,292.7,285.2,278.7,285.7,292.7,292.7,275.39,255.4,251.9,254.2,265.4,294.5,293.7,294.0,294.2,294.2,293.2,277.89,254.4,252.31,254.9,254.9,296.89,297.39,297.39,298.29,298.5,294.2,284.29,263.4,266.0,266.0,264.8,297.6,297.6,298.7,299.29,298.89,294.5,288.79,283.39,283.39,280.5,274.6,296.5,297.1,297.7,298.0,298.89,294.5,288.79,288.79,283.39,280.5,274.6,296.5,297.1,297.7,298.0,297.79,297.79,295.6,293.6,291.89,290.0,286.79,296.6,295.89,295.89,295.89,295.89,295.89,296.6,297.2,297.2,297.2,296.2,296.6,296.1,295.6,295.6,295.1,295.79,297.0,298.6,299.6,299.89,299.89,296.89,296.0,296.0,295.79,295.6,295.89,296.79,297.89,297.89,299.1,299.2
2021-08-30 06:00:00,261.61,261.11,263.0,263.0,258.21,263.0,260.71,260.71,263.71,263.3,258.3,261.61,261.11,263.0,263.0,258.21,257.11,257.11,258.8,264.8,264.0,255.4,254.9,256.4,258.5,258.0,256.21,256.21,257.3,258.3,261.9,259.9,255.11,252.81,252.61,252.7,254.61,254.61,256.5,258.11,257.5,257.21,257.5,257.5,251.0,250.5,250.5,251.4,252.31,253.5,255.11,255.5,254.2,254.2,254.7,250.7,250.7,250.81,250.7,250.7,250.7,251.4,252.2,252.2,252.2,251.7,251.0,250.5,250.31,250.0,250.7,250.7,251.4,251.4,252.2,252.2,251.7,251.0,250.5,250.31,250.0,248.9,248.9,249.11,250.2,250.2,249.5,249.7,251.11,250.2,249.31,248.7,248.7,247.7,248.5,249.61,249.31,248.31,247.9,250.4,249.31,249.0,249.0,248.7,248.11,248.5,248.81,248.11,247.81,247.81,248.7,248.31,248.31,248.61,248.9,248.81,248.7,248.2,248.2,247.9,247.9
2021-06-06 23:00:00,279.39,285.1,286.6,286.1,287.29,289.39,291.39,291.39,292.79,292.79,292.5,279.39,285.1,286.6,286.1,287.29,289.89,289.89,291.89,293.1,293.2,292.6,279.1,279.79,281.79,285.5,289.2,289.2,292.5,292.79,292.79,292.39,291.7,283.29,277.5,272.9,286.79,286.79,293.6,293.7,293.2,292.2,291.29,291.29,285.0,281.6,281.6,280.7,287.29,292.39,292.7,292.39,292.2,292.2,291.39,289.29,289.29,287.89,286.6,289.5,290.7,291.29,292.0,292.0,292.0,291.1,291.89,291.79,290.89,291.5,289.5,290.7,291.29,291.29,292.0,292.0,291.1,291.89,291.79,290.89,291.5,291.29,291.29,291.6,292.0,292.0,291.1,290.5,293.6,293.2,292.79,293.5,293.5,293.7,293.5,292.79,291.39,290.39,289.79,292.79,292.6,293.2,293.2,293.7,294.29,293.7,292.5,290.7,290.2,290.2,291.39,292.1,292.1,292.79,293.6,293.89,293.1,291.5,291.5,290.6,290.1
2021-08-07 04:00:00,270.9,262.71,263.11,268.8,266.0,269.11,263.4,263.4,255.81,247.7,252.31,270.9,262.71,263.11,268.8,266.0,267.4,267.4,263.8,255.5,250.4,257.3,264.71,259.4,264.5,268.11,265.11,265.11,266.3,263.8,255.7,254.0,253.9,256.0,257.61,264.21,265.4,265.4,264.0,265.0,263.21,257.8,253.5,253.5,254.9,256.4,256.4,262.21,259.11,258.3,265.8,265.8,257.11,257.11,248.61,259.11,259.11,255.5,255.7,251.81,259.3,265.61,262.4,262.4,254.81,252.9,260.5,255.7,255.81,251.31,251.81,259.3,265.61,265.61,262.4,254.81,252.9,260.5,255.7,255.81,251.31,249.9,249.9,256.0,260.71,260.71,258.4,258.5,259.9,254.11,253.0,247.31,247.31,247.0,252.31,254.4,259.5,262.5,259.9,260.9,253.0,249.2,249.2,244.31,243.9,249.61,258.0,262.11,261.21,261.21,260.71,251.5,251.5,245.7,241.11,240.5,254.0,261.3,261.3,260.5,260.21
2021-08-08 01:00:00,294.1,294.2,293.89,294.0,293.89,294.0,293.89,293.89,293.6,293.5,293.79,294.1,294.2,293.89,294.0,293.89,293.79,293.79,294.0,293.79,293.2,293.6,294.2,294.2,294.1,293.89,293.7,293.7,293.7,294.0,293.6,293.5,293.7,294.1,294.2,294.0,293.79,293.79,293.5,293.7,293.7,293.29,293.79,293.79,294.0,294.0,294.0,293.89,293.79,293.5,293.39,293.6,293.5,293.5,293.6,294.1,294.1,294.0,293.7,293.79,293.5,293.2,293.5,293.5,293.7,293.39,294.1,294.2,294.1,293.7,293.79,293.5,293.2,293.2,293.5,293.7,293.39,294.1,294.2,294.1,293.7,293.7,293.7,293.39,293.2,293.6,293.6,293.2,293.89,294.2,294.0,293.7,293.7,293.5,293.1,293.29,293.39,293.29,293.29,294.1,293.89,293.89,293.89,293.6,293.39,293.29,293.1,293.0,293.1,293.1,294.29,294.0,294.0,293.7,293.6,293.5,293.29,293.1,293.1,292.7,292.89
2021-08-29 07:00:00,264.21,266.5,267.61,267.0,266.3,267.9,263.61,263.61,267.21,260.0,248.11,264.21,266.5,267.61,267.0,266.3,264.21,264.21,263.61,264.71,258.0,249.81,262.11,263.4,263.0,263.5,266.9,266.9,262.8,258.21,260.3,261.4,252.7,258.9,261.21,261.61,260.71,260.71,264.0,262.5,257.4,257.3,260.61,260.61,256.9,259.8,259.8,261.11,259.8,260.4,261.5,260.8,258.61,258.61,259.3,253.5,253.5,259.61,259.4,259.21,260.4,260.8,260.9,260.9,260.9,260.5,247.2,251.7,257.5,258.71,259.21,260.4,260.8,260.8,260.9,260.9,260.5,247.2,251.7,257.5,258.71,258.5,258.5,260.0,260.8,261.11,260.71,261.0,244.61,250.61,255.4,255.81,255.81,258.3,259.11,260.0,259.71,259.71,260.3,242.9,248.61,253.7,253.7,256.11,256.0,255.61,256.11,256.9,257.71,257.71,242.81,245.81,245.81,253.11,254.7,254.2,253.11,251.9,251.9,254.11,255.81
2021-06-09 00:00:00,287.7,287.39,288.39,288.6,288.79,288.39,288.0,288.0,288.29,288.1,287.5,287.7,287.39,288.39,288.6,288.79,288.39,288.39,288.6,288.89,288.0,286.5,288.29,287.39,287.89,288.79,288.89,288.89,289.0,289.29,288.89,287.2,285.39,288.1,287.2,287.7,288.79,288.79,289.29,289.6,289.89,289.29,286.6,286.6,287.39,287.1,287.1,287.79,288.79,289.2,290.1,290.2,289.29,289.29,287.6,286.39,286.39,287.29,288.1,288.5,289.5,290.29,290.39,290.39,289.7,287.89,287.1,286.39,287.7,288.29,288.5,289.5,290.29,290.29,290.39,289.7,287.89,287.1,286.39,287.7,288.29,288.29,288.29,289.6,289.79,290.1,290.2,289.39,287.0,286.6,288.2,289.5,289.5,288.2,289.1,289.5,290.0,290.39,290.7,287.89,288.2,288.7,288.7,288.79,288.5,289.39,289.6,290.2,290.29,290.29,289.39,289.39,289.39,289.29,289.0,288.7,289.5,290.2,290.2,290.29,290.29
2021-06-20 23:00:00,292.5,292.7,292.79,292.6,292.6,292.5,292.39,292.39,292.39,292.6,292.6,292.5,292.7,292.79,292.6,292.6,292.5,292.5,292.5,292.5,292.5,292.39,292.7,292.7,292.5,292.79,292.7,292.7,292.5,292.39,292.6,292.5,292.39,292.7,292.7,292.7,292.79,292.79,292.6,292.6,292.5,292.6,292.6,292.6,292.79,292.7,292.7,292.79,292.79,292.7,292.6,292.5,292.7,292.7,292.29,292.79,292.79,292.79,292.89,292.79,292.5,292.6,292.5,292.5,292.6,291.89,292.79,292.79,293.0,292.5,292.79,292.5,292.6,292.6,292.5,292.6,291.89,292.79,292.79,293.0,292.5,292.89,292.89,292.7,292.6,292.5,292.2,291.7,293.0,292.79,292.89,292.6,292.6,292.79,292.79,292.5,292.5,291.6,291.7,293.2,293.0,293.0,293.0,292.79,292.89,292.7,292.29,291.89,291.6,291.6,293.2,293.1,293.1,293.0,293.0,292.89,292.5,291.89,291.89,291.6,291.5
2021-06-21 02:00:00,296.89,296.6,296.7,296.7,296.7,296.39,296.2,296.2,295.7,295.29,294.79,296.89,296.6,296.7,296.7,296.7,296.5,296.5,296.1,295.6,295.0,294.2,296.79,296.6,296.5,296.79,296.89,296.89,296.29,295.89,295.5,295.2,294.1,296.29,296.39,296.39,296.89,296.89,296.6,296.1,296.1,295.29,294.79,294.79,296.39,296.39,296.39,296.5,296.7,296.5,296.29,295.7,295.1,295.1,294.29,296.0,296.0,296.2,296.2,296.39,296.1,295.89,295.29,295.29,294.29,292.89,296.0,295.89,296.0,295.89,296.39,296.1,295.89,295.89,295.29,294.29,292.89,296.0,295.89,296.0,295.89,296.0,296.0,295.7,295.39,294.39,293.0,292.39,296.1,296.0,295.7,295.6,295.6,295.79,295.39,294.79,292.89,292.1,292.1,296.5,296.29,295.89,295.89,295.89,295.89,295.1,293.6,292.39,291.79,291.79,296.79,296.39,296.39,296.1,296.1,295.79,294.2,292.5,292.5,292.0,291.6
2021-07-05 23:00:00,205.5,205.7,205.7,204.9,204.11,202.81,202.81,202.81,202.61,202.5,202.11,205.5,205.7,205.7,204.9,204.11,203.81,203.81,204.2,204.11,203.11,203.39999999999998,205.31,205.7,206.9,206.11,205.2,205.2,204.81,205.31,204.5,204.9,205.11,206.2,206.0,207.31,207.61,207.61,206.9,206.5,205.9,205.9,207.0,207.0,207.61,207.61,207.61,208.4,208.4,208.4,208.0,207.9,207.5,207.5,208.0,209.4,209.4,209.31,209.11,209.5,209.11,209.7,209.4,209.4,209.2,208.61,209.7,210.5,210.0,210.2,209.5,209.11,209.7,209.7,209.4,209.2,208.61,209.7,210.5,210.0,210.2,210.5,210.5,209.7,210.0,210.4,210.2,209.7,210.81,210.61,210.81,210.61,210.61,211.4,210.5,210.0,210.61,210.7,211.2,211.31,210.81,210.81,210.81,210.2,210.7,210.7,210.0,210.2,210.4,210.4,211.9,211.11,211.11,210.9,210.0,210.11,210.9,210.31,210.31,209.9,209.7
2021-07-20 05:00:00,290.39,290.6,291.29,291.79,292.1,292.0,291.89,291.89,291.7,291.5,291.5,290.39,290.6,291.29,291.79,292.1,292.1,292.1,291.79,291.6,291.39,291.1,290.5,291.1,291.5,291.6,291.89,291.89,291.79,291.5,291.6,291.6,291.29,291.0,291.7,291.5,291.6,291.6,291.5,291.39,291.6,291.6,291.6,291.6,291.39,291.7,291.7,291.5,291.5,291.5,291.39,291.7,291.79,291.79,291.2,291.29,291.29,291.5,291.2,291.5,291.29,291.29,291.6,291.6,291.39,291.0,290.89,291.29,291.1,290.89,291.5,291.29,291.29,291.29,291.6,291.39,291.0,290.89,291.29,291.1,290.89,291.29,291.29,291.39,291.39,291.39,291.1,290.5,290.79,291.2,290.7,290.6,290.6,291.2,291.29,291.5,291.0,290.6,290.6,291.0,290.89,290.7,290.7,290.79,290.89,291.1,290.89,290.6,290.39,290.39,290.89,290.7,290.7,290.7,290.79,290.6,290.39,290.29,290.29,290.1,289.79
2021-08-09 05:00:00,252.81,250.5,248.2,248.2,251.9,256.11,253.7,253.7,253.31,259.3,261.8,252.81,250.5,248.2,248.2,251.9,253.9,253.9,253.11,251.2,255.0,258.61,253.11,250.5,247.7,247.2,249.31,249.31,250.11,250.4,250.2,251.9,257.3,251.9,250.4,248.4,247.0,247.0,246.81,246.81,248.0,249.0,249.81,249.81,253.81,251.2,251.2,248.9,248.0,246.4,245.61,247.7,247.5,247.5,250.61,254.7,254.7,251.4,249.31,248.7,246.4,245.9,247.11,247.11,246.81,251.2,254.4,253.5,251.4,250.9,248.7,246.4,245.9,245.9,247.11,246.81,251.2,254.4,253.5,251.4,250.9,250.61,250.61,248.81,247.7,247.4,247.4,250.5,253.61,252.4,251.5,252.11,252.11,252.31,252.31,250.61,247.7,248.9,249.9,253.11,253.5,251.4,251.4,252.0,252.5,252.61,252.31,249.81,248.7,248.7,253.2,253.61,253.61,251.61,252.31,251.81,252.11,253.11,253.11,250.2,247.81
2021-08-15 01:00:00,290.0,290.1,290.29,290.2,290.2,289.2,288.0,288.0,287.39,286.29,286.6,290.0,290.1,290.29,290.2,290.2,289.5,289.5,288.79,288.2,288.2,288.89,289.79,289.5,289.79,289.89,289.79,289.79,289.79,289.5,289.2,289.5,289.7,289.39,289.29,289.29,289.7,289.7,289.89,289.89,289.79,290.1,290.1,290.1,289.2,289.2,289.2,289.2,289.6,289.7,290.0,290.1,290.2,290.2,290.2,289.0,289.0,289.2,289.2,289.2,289.5,289.89,290.2,290.2,290.29,290.2,289.0,289.29,288.89,288.89,289.2,289.5,289.89,289.89,290.2,290.29,290.2,289.0,289.29,288.89,288.89,289.0,289.0,288.89,289.29,289.6,289.79,290.1,289.5,289.2,289.0,289.29,289.29,289.1,289.0,289.29,289.1,289.79,289.7,289.39,288.89,289.0,289.0,288.89,288.89,288.89,289.79,289.2,289.2,289.2,289.1,288.79,288.79,288.6,289.1,288.7,288.2,290.1,290.1,290.0,289.0
2021-08-30 01:00:00,254.11,254.2,254.11,253.31,251.61,250.31,249.7,249.7,249.4,249.11,249.31,254.11,254.2,254.11,253.31,251.61,250.61,250.61,250.0,248.7,248.2,248.2,254.4,252.81,251.7,251.2,250.0,250.0,249.61,249.11,249.0,248.9,248.31,253.7,252.11,250.9,250.11,250.11,249.2,248.9,249.2,249.5,249.7,249.7,253.2,252.31,252.31,251.5,250.5,250.0,249.5,249.81,250.9,250.9,251.2,253.4,253.4,252.5,251.81,251.5,250.81,251.0,251.2,251.2,252.0,252.31,253.61,252.4,252.4,252.11,251.5,250.81,251.0,251.0,251.2,252.0,252.31,253.61,252.4,252.4,252.11,252.0,252.0,252.9,254.0,254.0,252.7,251.9,253.11,252.2,251.61,251.61,251.61,252.11,254.11,256.21,255.81,253.0,251.2,252.5,251.2,250.2,250.2,250.81,251.61,254.0,256.4,255.5,252.7,252.7,251.9,250.0,250.0,249.11,249.9,250.9,253.61,255.5,255.5,253.4,251.7
2021-06-05 07:00:00,300.79,300.6,300.6,300.6,300.89,300.79,300.29,300.29,299.79,298.2,297.6,300.79,300.6,300.6,300.6,300.89,300.29,300.29,299.39,299.2,298.39,297.1,300.39,300.6,300.39,300.7,301.0,301.0,300.1,299.2,298.89,298.29,296.2,299.79,300.2,300.6,301.0,301.0,300.29,299.79,299.89,298.29,296.79,296.79,299.89,299.79,299.79,300.29,300.79,300.79,300.1,298.89,297.1,297.1,294.79,299.39,299.39,299.39,299.6,300.6,300.29,299.39,298.29,298.29,295.1,292.5,299.6,299.5,299.29,299.5,300.6,300.29,299.39,299.39,298.29,295.1,292.5,299.6,299.5,299.29,299.5,300.0,300.0,299.5,298.2,295.5,293.1,292.0,299.79,299.39,299.29,299.2,299.2,299.2,298.6,296.2,292.79,291.39,291.89,299.39,299.29,299.1,299.1,299.1,298.7,296.6,293.79,292.1,291.5,291.5,299.0,298.6,298.6,298.7,298.39,297.79,293.89,291.7,291.7,291.89,291.7
2021-06-26 05:00:00,275.7,270.8,268.9,271.61,269.3,269.5,265.8,265.8,270.71,271.5,267.4,275.7,270.8,268.9,271.61,269.3,263.61,263.61,260.0,261.4,265.21,260.3,268.61,266.9,270.61,270.8,261.3,261.3,258.0,260.11,252.7,252.7,250.4,260.0,262.0,268.4,266.8,266.8,258.21,254.11,253.31,248.0,242.0,242.0,257.9,258.21,258.21,263.0,259.3,253.5,250.81,248.31,244.5,244.5,239.81,256.4,256.4,257.11,255.2,253.31,251.11,248.0,245.31,245.31,243.11,240.9,253.9,251.9,250.31,248.11,253.31,251.11,248.0,248.0,245.31,243.11,240.9,253.9,251.9,250.31,248.11,250.4,250.4,252.61,249.0,245.81,244.61,243.61,255.7,250.0,246.7,247.9,247.9,251.31,254.0,251.61,248.31,247.5,246.5,260.21,254.81,254.81,254.81,258.61,257.71,255.7,252.31,249.61,249.4,249.4,264.8,262.3,262.3,264.71,270.0,265.11,258.8,254.4,254.4,252.7,252.7
2021-07-25 10:00:00,243.31,242.81,240.9,240.9,242.0,240.0,238.0,238.0,237.4,236.81,236.31,243.31,242.81,240.9,240.9,242.0,243.2,243.2,239.2,236.81,236.0,236.2,245.2,243.0,244.5,244.0,244.0,244.0,244.0,241.2,237.4,236.2,237.2,246.61,242.7,245.5,248.4,248.4,246.11,245.31,243.61,238.4,236.9,236.9,243.61,242.61,242.61,247.5,251.2,249.5,247.2,243.2,239.5,239.5,238.4,241.7,241.7,242.5,248.11,252.81,252.0,248.11,242.9,242.9,240.31,237.81,246.4,240.5,242.9,247.5,252.81,252.0,248.11,248.11,242.9,240.31,237.81,246.4,240.5,242.9,247.5,252.81,252.81,254.0,249.61,243.61,240.0,237.0,245.9,242.0,242.81,246.7,246.7,251.81,253.81,250.61,244.61,239.2,237.9,242.11,241.61,245.4,245.4,249.0,249.4,247.9,249.2,244.31,240.61,240.61,239.5,241.7,241.7,247.11,249.11,245.31,243.81,244.81,244.81,244.61,242.11
2021-07-30 07:00:00,293.0,292.89,293.0,292.89,293.2,293.1,292.89,292.89,293.0,292.79,292.7,293.0,292.89,293.0,292.89,293.2,293.0,293.0,292.89,293.0,292.79,292.7,293.0,293.0,292.7,293.0,293.1,293.1,293.1,292.6,293.1,293.0,292.7,293.0,292.89,293.1,293.1,293.1,292.89,293.1,293.1,293.1,293.0,293.0,292.79,292.89,292.89,293.1,293.0,293.1,293.1,293.0,292.79,292.79,292.7,292.79,292.79,292.79,292.79,293.0,293.0,293.0,293.0,293.0,292.5,292.29,292.79,292.79,292.6,292.89,293.0,293.0,293.0,293.0,293.0,292.5,292.29,292.79,292.79,292.6,292.89,293.0,293.0,292.6,292.79,292.39,292.2,292.1,292.79,292.89,292.7,292.89,292.89,293.0,292.6,292.39,292.1,292.1,292.0,293.1,292.89,292.79,292.79,292.79,293.0,292.7,292.29,292.0,292.1,292.1,293.29,292.7,292.7,292.79,292.79,292.79,292.5,292.1,292.1,292.0,292.1
2021-06-24 03:00:00,291.5,290.89,290.7,290.39,289.79,289.29,286.7,286.7,284.0,282.39,285.1,291.5,290.89,290.7,290.39,289.79,287.2,287.2,279.39,278.5,281.0,284.1,291.1,289.89,288.79,287.79,287.79,287.79,283.7,275.1,273.2,279.1,285.0,291.29,288.29,286.5,285.39,285.39,284.1,281.0,272.9,269.5,279.7,279.7,289.0,286.39,286.39,283.7,282.2,282.6,280.5,273.5,272.21,272.21,281.1,287.7,287.7,285.0,278.29,279.0,281.39,279.39,278.1,278.1,277.29,277.39,290.0,288.79,282.6,271.9,279.0,281.39,279.39,279.39,278.1,277.29,277.39,290.0,288.79,282.6,271.9,278.39,278.39,275.79,278.79,282.39,279.29,276.7,290.7,287.2,278.29,274.29,274.29,273.7,270.21,278.6,281.2,279.89,277.1,288.89,284.39,279.29,279.29,274.29,265.21,269.8,276.5,278.29,276.7,276.7,286.5,284.29,284.29,281.6,267.0,260.5,267.5,274.2,274.2,273.5,272.61
2021-07-07 10:00:00,236.11,236.31,236.31,236.4,236.31,234.11,233.61,233.61,232.2,231.11,230.31,236.11,236.31,236.31,236.4,236.31,235.61,235.61,234.0,232.31,230.5,230.5,237.11,237.5,238.81,238.7,238.2,238.2,236.9,235.11,233.0,232.31,232.2,238.2,237.9,239.81,241.11,241.11,241.2,238.9,236.7,235.5,235.9,235.9,238.81,238.61,238.61,241.2,243.7,244.11,242.5,240.7,240.2,240.2,240.5,239.4,239.4,239.9,242.31,246.0,247.2,245.5,245.81,245.81,245.31,245.2,240.61,239.11,241.11,243.5,246.0,247.2,245.5,245.5,245.81,245.31,245.2,240.61,239.11,241.11,243.5,247.5,247.5,249.5,249.31,248.9,249.31,250.81,240.81,240.0,241.7,246.11,246.11,248.11,251.31,252.31,251.7,252.5,253.81,245.7,243.0,244.81,244.81,248.11,248.7,250.0,252.9,253.61,254.2,254.2,251.11,247.4,247.4,247.2,249.81,249.2,248.7,252.31,252.31,254.81,255.7
2021-07-08 03:00:00,225.61,227.2,228.0,229.31,231.11,230.0,231.5,231.5,233.9,235.2,235.5,225.61,227.2,228.0,229.31,231.11,232.4,232.4,233.31,235.4,237.31,237.9,226.31,227.7,230.31,232.61,235.0,235.0,236.31,237.0,239.2,240.2,239.61,231.5,231.7,235.31,239.4,239.4,241.11,242.81,243.5,245.7,243.9,243.9,240.9,241.11,241.11,242.61,248.81,251.7,250.31,253.11,252.9,252.9,252.5,250.2,250.2,249.4,252.31,258.71,261.8,259.8,260.3,260.3,260.71,263.5,263.4,257.8,257.4,261.9,258.71,261.8,259.8,259.8,260.3,260.71,263.5,263.4,257.8,257.4,261.9,267.4,267.4,270.71,269.0,268.21,267.21,270.71,269.8,265.21,263.3,270.11,270.11,273.1,275.7,275.7,273.5,272.11,274.2,269.4,266.0,269.71,269.71,271.9,275.2,275.39,275.5,274.5,273.89,273.89,265.11,266.11,266.11,270.71,273.6,272.8,272.4,272.3,272.3,272.4,273.1
2021-08-12 07:00:00,238.4,239.9,239.4,242.0,244.2,250.2,254.61,254.61,256.8,258.5,267.8,238.4,239.9,239.4,242.0,244.2,245.11,245.11,250.11,253.9,257.5,263.21,239.4,239.4,238.2,238.7,239.31,239.31,243.31,248.5,250.5,253.4,256.4,239.11,240.0,238.11,235.9,235.9,236.7,240.7,244.61,246.5,246.61,246.61,235.5,237.31,237.31,237.0,236.2,238.0,241.31,243.5,245.2,245.2,243.81,235.5,235.5,235.2,236.11,236.9,240.9,242.7,242.7,242.7,246.2,243.0,237.31,237.4,237.31,237.81,236.9,240.9,242.7,242.7,242.7,246.2,243.0,237.31,237.4,237.31,237.81,238.2,238.2,237.9,242.2,245.5,244.5,243.5,237.7,240.9,240.9,240.11,240.11,240.9,238.4,242.81,247.2,243.81,246.2,239.4,242.81,243.2,243.2,241.2,243.61,244.11,245.2,245.9,246.2,246.2,241.11,245.11,245.11,243.61,243.2,246.81,246.11,248.2,248.2,247.2,247.11
2021-08-12 10:00:00,238.7,238.7,238.2,233.11,229.5,232.61,231.4,231.4,234.11,235.61,238.7,238.7,238.7,238.2,233.11,229.5,231.5,231.5,232.81,233.0,237.9,239.11,244.9,244.7,243.81,237.2,228.9,228.9,229.9,232.81,235.0,240.0,239.81,249.11,250.0,251.5,243.81,243.81,232.2,231.4,234.61,238.2,241.81,241.81,249.81,253.5,253.5,256.9,254.0,240.31,235.0,238.2,240.61,240.61,243.0,251.9,251.9,253.9,261.21,261.21,249.4,239.2,240.4,240.4,243.31,243.7,253.5,254.61,255.31,261.4,261.21,249.4,239.2,239.2,240.4,243.31,243.7,253.5,254.61,255.31,261.4,265.61,265.61,259.3,248.31,245.0,246.5,243.7,255.11,256.21,258.11,264.71,264.71,269.3,266.11,258.11,253.81,250.5,250.0,258.3,258.9,263.3,263.3,269.5,271.61,264.4,263.4,257.5,258.5,258.5,262.11,264.11,264.11,266.9,273.79,272.4,262.61,266.8,266.8,264.0,268.9
2021-08-15 05:00:00,285.39,286.39,286.6,289.7,290.7,290.89,290.0,290.0,288.39,289.29,289.1,285.39,286.39,286.6,289.7,290.7,290.1,290.1,289.29,289.5,289.39,289.39,288.0,286.6,285.0,288.5,289.79,289.79,287.6,288.6,288.89,289.6,290.1,287.6,286.2,285.29,286.6,286.6,287.2,285.39,285.79,287.6,289.89,289.89,286.79,285.5,285.5,284.79,285.2,284.6,284.7,284.2,285.2,285.2,287.39,287.29,287.29,285.89,284.29,284.0,285.1,284.0,282.7,282.7,283.5,285.6,285.0,283.89,286.1,286.2,284.0,285.1,284.0,284.0,282.7,283.5,285.6,285.0,283.89,286.1,286.2,284.7,284.7,284.6,283.6,281.7,281.7,283.79,284.0,284.79,285.1,286.29,286.29,285.7,285.1,283.79,281.29,281.29,283.7,285.5,285.1,286.29,286.29,287.29,287.39,284.7,284.89,284.89,283.6,283.6,287.6,287.2,287.2,287.89,289.0,288.79,287.1,286.7,286.7,287.29,287.2
2021-08-31 03:00:00,251.0,250.0,253.2,257.8,258.11,263.5,263.4,263.4,266.5,268.8,267.8,251.0,250.0,253.2,257.8,258.11,260.0,260.0,262.21,264.0,262.61,262.71,248.5,248.0,250.0,253.9,255.2,255.2,257.5,259.61,259.5,258.71,258.9,246.61,246.5,247.31,250.5,250.5,252.4,256.21,257.5,255.5,255.61,255.61,246.31,245.5,245.5,246.4,249.2,249.9,253.2,256.4,254.2,254.2,251.61,247.5,247.5,244.31,245.4,247.81,249.2,251.11,252.9,252.9,253.7,249.31,253.11,247.4,245.7,242.2,247.81,249.2,251.11,251.11,252.9,253.7,249.31,253.11,247.4,245.7,242.2,245.2,245.2,250.31,252.2,251.11,250.5,247.7,253.0,247.7,245.5,243.4,243.4,242.7,249.11,253.4,251.11,248.61,246.81,251.7,248.11,245.7,245.7,245.81,245.0,246.81,250.7,251.31,250.11,250.11,249.4,247.4,247.4,245.9,246.9,247.11,247.4,247.5,247.5,250.81,252.9
2021-07-03 07:00:00,287.79,288.2,288.7,288.6,288.0,288.1,288.2,288.2,288.29,288.2,288.0,287.79,288.2,288.7,288.6,288.0,288.0,288.0,288.1,288.1,288.2,288.2,287.89,288.1,287.89,288.1,287.79,287.79,287.7,287.7,287.79,287.89,288.1,288.39,287.89,287.7,287.79,287.79,287.7,287.7,287.5,287.79,288.1,288.1,288.79,287.6,287.6,287.5,287.7,287.7,287.6,287.6,287.79,287.79,287.79,288.7,288.7,287.7,287.7,287.89,287.79,287.6,287.5,287.5,287.89,287.7,289.89,289.39,288.2,288.0,287.89,287.79,287.6,287.6,287.5,287.89,287.7,289.89,289.39,288.2,288.0,288.0,288.0,287.7,287.6,287.7,287.7,288.0,290.39,290.0,288.79,288.79,288.79,288.0,287.7,287.7,287.7,287.7,288.0,290.6,290.0,289.1,289.1,288.6,288.1,288.0,287.7,287.7,287.79,287.79,290.6,290.0,290.0,289.1,288.5,288.29,287.89,287.89,287.89,287.79,287.79
2021-07-25 23:00:00,251.4,249.11,247.31,244.9,244.5,241.4,243.5,243.5,245.9,248.61,252.7,251.4,249.11,247.31,244.9,244.5,244.2,244.2,244.0,246.2,247.2,247.9,247.7,246.7,246.5,246.9,246.4,246.4,246.2,246.2,246.4,246.2,245.4,245.11,245.0,247.0,248.4,248.4,247.9,247.31,247.5,246.11,245.11,245.11,247.11,246.31,246.31,248.4,248.9,248.7,247.2,245.81,244.0,244.0,246.9,253.4,253.4,250.0,249.31,250.31,249.9,247.11,244.4,244.4,243.61,247.0,258.71,257.11,255.4,253.81,250.31,249.9,247.11,247.11,244.4,243.61,247.0,258.71,257.11,255.4,253.81,252.2,252.2,249.9,247.2,245.11,245.0,246.81,261.5,261.21,260.0,257.3,257.3,254.11,250.61,247.81,246.2,246.61,247.2,262.8,262.11,261.5,261.5,259.61,256.8,252.9,250.4,247.5,247.81,247.81,262.0,261.5,261.5,261.5,261.4,259.71,256.5,253.81,253.81,250.5,249.81
2021-08-19 00:00:00,291.1,290.79,290.79,290.79,290.89,291.29,291.29,291.29,291.2,291.2,291.29,291.1,290.79,290.79,290.79,290.89,291.0,291.0,291.1,291.0,291.0,291.0,290.5,290.6,290.5,290.5,290.7,290.7,290.7,290.5,290.79,290.79,290.7,290.39,290.29,290.29,290.39,290.39,290.39,290.5,290.5,290.6,290.79,290.79,290.29,290.39,290.39,290.5,290.5,290.5,290.5,290.5,290.7,290.7,290.7,290.29,290.29,290.5,290.5,290.6,290.5,290.5,290.7,290.7,290.79,290.5,290.0,290.2,290.29,290.39,290.6,290.5,290.5,290.5,290.7,290.79,290.5,290.0,290.2,290.29,290.39,290.6,290.6,290.5,290.5,290.6,290.6,290.5,290.1,290.0,290.1,290.2,290.2,290.2,290.1,290.1,290.1,290.0,290.1,290.0,289.79,289.39,289.39,289.39,289.2,288.79,289.0,288.89,288.7,288.7,290.0,289.5,289.5,288.79,288.5,287.79,287.5,287.29,287.29,287.1,286.7
2021-06-03 03:00:00,238.2,242.0,255.61,266.3,265.21,257.5,259.61,259.61,262.21,262.4,262.61,238.2,242.0,255.61,266.3,265.21,261.71,261.71,262.3,265.21,267.8,268.5,237.4,248.0,263.0,267.5,266.21,266.21,266.4,266.71,267.8,269.3,270.21,240.61,256.71,265.61,267.61,267.61,269.0,269.5,270.11,269.11,269.21,269.21,251.81,260.11,260.11,266.0,268.3,268.5,269.3,269.3,268.8,268.8,269.21,259.61,259.61,262.61,266.4,267.8,267.4,267.21,267.9,267.9,267.8,268.3,259.9,263.21,264.9,265.8,267.8,267.4,267.21,267.21,267.9,267.8,268.3,259.9,263.21,264.9,265.8,265.9,265.9,267.11,267.21,267.3,265.9,265.21,265.11,266.5,265.4,264.0,264.0,264.71,266.71,267.5,266.0,263.4,263.8,266.4,265.21,265.71,265.71,265.21,264.9,266.61,266.4,264.71,263.21,263.21,264.9,264.8,264.8,265.71,264.9,266.5,267.4,265.4,265.4,264.0,264.11
2021-06-04 08:00:00,259.3,264.3,269.8,271.5,272.61,268.5,266.21,266.21,268.71,275.0,280.7,259.3,264.3,269.8,271.5,272.61,263.61,263.61,263.0,269.9,276.0,281.0,266.61,258.61,265.9,270.8,273.79,273.79,270.8,263.21,264.5,276.7,281.39,273.1,256.71,261.8,271.0,271.0,274.29,276.89,265.4,261.3,273.0,273.0,273.7,268.5,268.5,274.29,273.29,268.3,270.11,269.11,263.8,263.8,270.4,273.89,273.89,281.2,284.29,278.2,264.0,264.4,270.8,270.8,268.5,270.11,269.4,270.9,280.79,284.6,278.2,264.0,264.4,264.4,270.8,268.5,270.11,269.4,270.9,280.79,284.6,283.29,283.29,268.11,270.61,276.2,269.0,271.3,266.4,271.3,276.7,279.7,279.7,285.79,276.1,273.5,280.89,268.8,271.11,267.11,274.0,273.0,273.0,277.7,285.5,279.7,267.21,279.29,272.8,272.8,270.21,270.61,270.61,269.8,279.7,284.29,275.2,265.11,265.11,274.1,275.79
2021-06-20 07:00:00,285.79,283.2,279.1,280.0,284.7,284.1,284.89,284.89,284.29,283.7,285.29,285.79,283.2,279.1,280.0,284.7,288.39,288.39,284.89,283.1,284.7,285.5,285.1,280.6,280.2,283.7,289.5,289.5,288.5,284.79,282.79,283.1,283.1,280.7,279.5,283.1,287.0,287.0,289.1,287.0,284.2,282.2,281.6,281.6,286.29,286.1,286.1,287.29,288.79,287.7,286.2,284.29,282.7,282.7,282.5,291.39,291.39,292.7,291.6,289.89,288.0,285.6,284.1,284.1,283.7,284.6,291.0,291.89,292.7,292.7,289.89,288.0,285.6,285.6,284.1,283.7,284.6,291.0,291.89,292.7,292.7,292.79,292.79,290.29,286.39,285.1,284.89,285.0,292.5,291.39,291.29,292.79,292.79,294.39,291.89,287.79,286.2,285.6,285.39,291.89,291.79,291.5,291.5,292.1,292.5,290.0,286.6,285.6,285.89,285.89,291.2,291.5,291.5,291.5,290.6,289.5,287.39,286.0,286.0,286.2,286.39
2021-06-25 09:00:00,246.4,246.2,245.11,244.61,244.2,244.11,244.2,244.2,243.31,242.81,243.61,246.4,246.2,245.11,244.61,244.2,244.31,244.31,243.9,243.0,243.0,243.5,244.4,245.61,245.11,244.31,244.11,244.11,243.2,243.4,243.5,244.0,243.4,242.2,244.7,245.61,244.81,244.81,243.61,242.81,243.7,243.9,244.81,244.81,241.9,243.2,243.2,244.9,245.5,245.4,244.9,243.61,244.31,244.31,244.11,241.5,241.5,242.7,244.31,246.2,247.2,246.4,244.81,244.81,244.2,243.4,241.11,241.9,243.31,245.4,246.2,247.2,246.4,246.4,244.81,244.2,243.4,241.11,241.9,243.31,245.4,246.9,246.9,247.9,246.11,245.0,245.11,243.9,241.9,242.9,244.31,246.0,246.0,247.5,247.81,245.11,245.9,245.81,245.11,242.81,243.5,244.4,244.4,245.9,247.61,245.9,245.81,247.0,246.2,246.2,243.61,243.2,243.2,244.5,246.0,246.4,245.2,246.0,246.0,246.5,246.4
2021-06-27 02:00:00,287.5,285.89,286.0,287.0,287.39,286.39,286.0,286.0,286.7,287.2,286.6,287.5,285.89,286.0,287.0,287.39,287.0,287.0,286.7,286.89,287.39,287.29,288.39,287.6,287.2,286.79,287.39,287.39,287.5,287.2,287.39,287.39,287.6,289.39,289.0,288.0,287.0,287.0,287.1,288.0,288.1,287.6,287.5,287.5,289.39,288.7,288.7,287.79,287.6,287.89,288.7,288.79,288.1,288.1,287.6,288.6,288.6,287.79,287.29,288.0,289.0,289.0,288.79,288.79,288.6,287.7,288.29,287.7,287.1,288.0,288.0,289.0,289.0,289.0,288.79,288.6,287.7,288.29,287.7,287.1,288.0,288.0,288.0,288.2,289.1,288.89,288.6,288.0,287.5,287.2,286.89,287.1,287.1,287.89,288.29,288.7,288.6,288.39,288.1,287.39,287.2,286.89,286.89,286.89,287.39,288.1,287.79,287.7,288.2,288.2,287.7,287.6,287.6,287.2,287.2,287.29,287.2,287.2,287.2,287.5,288.2
2021-06-28 09:00:00,292.79,292.6,292.1,292.2,292.1,291.79,291.29,291.29,291.0,290.6,290.1,292.79,292.6,292.1,292.2,292.1,291.79,291.79,291.2,290.7,290.0,289.2,292.29,292.39,292.29,292.2,291.89,291.89,291.39,291.2,290.7,288.6,290.0,292.2,292.1,292.0,292.2,292.2,291.79,291.1,290.79,290.1,289.5,289.5,292.0,292.29,292.29,291.89,291.7,291.39,291.0,290.7,290.0,290.0,290.79,291.0,291.0,291.39,290.79,291.2,291.29,291.0,290.79,290.79,290.6,290.2,289.6,289.2,288.1,288.6,291.2,291.29,291.0,291.0,290.79,290.6,290.2,289.6,289.2,288.1,288.6,291.7,291.7,292.1,291.39,291.1,290.7,290.6,288.0,285.6,284.89,288.7,288.7,290.89,291.29,291.0,290.7,290.5,290.6,283.29,280.79,286.29,286.29,289.1,288.89,289.0,289.2,289.7,290.1,290.1,277.79,281.1,281.1,287.1,287.79,286.6,286.79,287.39,287.39,288.0,289.89
2021-07-08 06:00:00,228.61,226.2,224.5,225.11,226.31,229.2,233.4,233.4,234.9,233.9,232.2,228.61,226.2,224.5,225.11,226.31,228.81,228.81,233.61,235.4,233.7,232.7,228.0,225.0,224.31,225.11,226.31,226.31,230.5,234.31,235.0,233.5,232.9,228.0,224.2,223.4,224.9,224.9,227.2,232.2,233.7,234.4,233.4,233.4,229.2,225.31,225.31,224.4,225.11,228.61,232.5,233.9,234.11,234.11,233.5,229.81,229.81,227.4,225.9,225.81,229.61,232.61,233.7,233.7,234.0,233.9,234.2,230.81,229.7,227.9,225.81,229.61,232.61,232.61,233.7,234.0,233.9,234.2,230.81,229.7,227.9,226.61,226.61,229.7,232.0,233.7,234.4,233.61,234.11,232.0,230.81,228.5,228.5,227.61,229.81,231.5,233.11,234.4,235.0,232.81,231.2,229.9,229.9,227.9,228.81,230.81,231.9,233.2,234.5,234.5,231.4,229.7,229.7,228.31,227.81,230.0,231.4,232.5,232.5,234.0,233.9
2021-07-16 11:00:00,225.61,225.11,225.0,225.0,224.9,224.9,224.0,224.0,224.7,225.61,226.31,225.61,225.11,225.0,225.0,224.9,224.31,224.31,224.0,225.4,226.31,226.4,224.4,224.7,225.11,225.0,223.9,223.9,223.9,224.9,225.7,226.4,226.9,225.11,225.11,226.0,224.9,224.9,224.31,224.0,225.11,226.11,226.7,226.7,226.31,226.4,226.4,226.9,225.61,224.2,226.31,227.2,226.9,226.9,227.2,228.81,228.81,227.9,227.7,226.4,227.0,229.0,229.5,229.5,228.9,228.81,232.7,231.5,229.2,228.2,226.4,227.0,229.0,229.0,229.5,228.9,228.81,232.7,231.5,229.2,228.2,228.4,228.4,229.2,230.31,230.81,231.61,231.7,234.2,232.31,230.7,230.4,230.4,230.4,231.7,231.4,232.7,234.11,233.7,234.4,232.5,231.5,231.5,231.7,232.61,234.0,234.31,235.61,235.2,235.2,233.5,233.5,233.5,232.2,232.4,234.81,237.0,237.31,237.31,237.11,236.5
2021-07-05 11:00:00,264.0,254.11,251.4,251.0,248.0,247.61,247.4,247.4,245.5,243.31,243.5,264.0,254.11,251.4,251.0,248.0,247.31,247.31,244.7,241.61,240.5,240.5,266.3,260.71,253.11,253.11,249.0,249.0,245.7,244.7,237.31,234.11,235.9,266.3,266.3,258.61,253.2,253.2,248.2,243.9,240.9,233.31,231.5,231.5,266.11,266.5,266.5,264.21,251.7,241.61,239.4,234.81,231.2,231.2,232.0,267.61,267.61,266.4,263.4,250.5,237.81,235.4,234.0,234.0,232.0,230.0,270.5,269.3,268.71,265.11,250.5,237.81,235.4,235.4,234.0,232.0,230.0,270.5,269.3,268.71,265.11,247.5,247.5,236.2,237.81,237.4,232.9,231.7,272.21,272.3,270.9,263.11,263.11,247.2,240.7,241.81,241.2,234.11,233.2,275.0,274.5,269.71,269.71,260.9,253.11,250.5,248.0,248.11,234.81,234.81,277.39,275.6,275.6,268.9,261.8,261.5,261.4,257.5,257.5,248.5,237.61
2021-07-29 08:00:00,286.6,286.7,286.39,287.0,286.7,286.6,286.1,286.1,285.89,285.39,285.29,286.6,286.7,286.39,287.0,286.7,286.5,286.5,286.29,285.5,284.39,285.5,286.39,286.6,286.79,286.6,286.1,286.1,285.5,285.39,285.1,285.79,286.29,286.7,286.7,286.2,286.6,286.6,286.39,285.0,283.6,285.2,287.39,287.39,286.6,286.7,286.7,286.5,286.39,286.39,285.29,285.2,285.89,285.89,286.7,286.6,286.6,286.6,286.5,286.29,286.0,285.89,286.5,286.5,286.7,286.79,286.6,286.5,286.39,286.5,286.29,286.0,285.89,285.89,286.5,286.7,286.79,286.6,286.5,286.39,286.5,286.6,286.6,285.7,285.89,287.0,287.39,287.6,286.7,286.5,286.29,286.7,286.7,286.89,286.1,286.1,287.39,288.2,288.5,286.39,286.6,286.39,286.39,287.0,286.89,286.2,286.6,288.39,288.29,288.29,286.39,286.39,286.39,286.7,286.79,286.7,286.89,287.2,287.2,288.29,288.7
2021-08-01 10:00:00,293.79,293.6,293.7,293.7,293.7,293.6,293.39,293.39,293.6,293.5,293.2,293.79,293.6,293.7,293.7,293.7,293.29,293.29,293.0,293.39,293.39,293.0,293.7,293.39,293.6,293.6,293.6,293.6,293.2,293.2,293.2,293.0,292.6,293.6,293.39,293.2,293.39,293.39,293.6,293.2,293.1,293.0,293.2,293.2,293.5,293.29,293.29,293.29,293.29,293.29,293.2,293.2,293.2,293.2,292.79,293.2,293.2,293.2,293.2,293.1,292.89,293.0,293.2,293.2,293.2,292.29,293.2,293.1,293.0,293.0,293.1,292.89,293.0,293.0,293.2,293.2,292.29,293.2,293.1,293.0,293.0,293.0,293.0,292.79,293.0,293.2,293.0,292.29,293.2,293.1,292.89,293.0,293.0,292.89,292.79,292.89,293.0,292.79,292.39,293.39,293.2,293.1,293.1,292.89,293.1,292.79,292.89,292.6,292.89,292.89,293.2,293.2,293.2,293.1,293.1,293.0,292.7,292.6,292.6,292.39,292.6
2021-08-31 07:00:00,257.4,253.0,252.11,253.2,260.71,259.8,250.5,250.5,248.4,251.4,255.11,257.4,253.0,252.11,253.2,260.71,260.5,260.5,251.4,250.2,253.81,257.8,256.61,252.7,251.4,252.5,258.8,258.8,259.71,256.11,254.5,254.31,259.11,257.9,254.11,252.61,252.0,252.0,254.81,259.3,260.0,259.21,259.11,259.11,257.61,257.11,257.11,255.9,253.7,253.31,257.4,262.71,265.0,265.0,262.11,262.5,262.5,260.3,258.8,255.9,255.4,257.3,262.0,262.0,269.0,268.4,262.61,268.11,264.9,259.5,255.9,255.4,257.3,257.3,262.0,269.0,268.4,262.61,268.11,264.9,259.5,256.11,256.11,255.5,260.8,266.21,271.11,266.0,265.4,265.61,269.5,262.8,262.8,254.5,257.0,263.4,270.9,272.4,264.21,264.8,263.71,266.9,266.9,260.3,257.11,258.61,265.71,274.39,274.39,274.39,266.8,263.4,263.4,263.3,260.4,258.61,260.0,266.9,266.9,275.7,276.5
2021-06-04 22:00:00,290.6,290.5,290.39,290.29,290.2,290.29,290.6,290.6,290.7,291.1,291.29,290.6,290.5,290.39,290.29,290.2,290.29,290.29,290.7,291.0,291.1,291.2,290.39,290.29,290.1,290.29,290.2,290.2,290.6,290.89,291.1,291.2,291.1,290.2,290.0,289.79,290.1,290.1,290.5,290.79,290.7,291.29,291.1,291.1,289.79,290.1,290.1,289.89,290.0,290.29,290.39,290.6,291.2,291.2,290.89,289.89,289.89,289.89,290.2,290.0,289.7,290.0,290.6,290.6,290.89,290.89,289.79,289.89,289.79,289.79,290.0,289.7,290.0,290.0,290.6,290.89,290.89,289.79,289.89,289.79,289.79,289.79,289.79,289.7,290.0,290.7,290.6,290.39,289.7,289.7,289.7,289.6,289.6,289.6,289.79,290.0,290.29,290.29,290.0,289.6,289.6,289.5,289.5,289.5,289.7,289.6,290.0,290.2,290.0,290.0,289.5,289.29,289.29,289.29,289.29,289.6,289.89,289.79,289.79,289.79,289.79
2021-06-26 00:00:00,265.21,264.8,266.5,269.8,266.11,258.61,256.9,256.9,259.71,267.71,271.61,265.21,264.8,266.5,269.8,266.11,254.5,254.5,253.4,254.2,265.0,272.8,270.0,268.9,269.9,270.3,265.0,265.0,256.11,250.11,253.0,262.3,266.9,274.1,273.29,272.3,270.61,270.61,265.4,257.5,250.31,253.81,258.8,258.8,275.79,275.39,275.39,273.7,271.4,265.71,257.8,253.11,255.5,255.5,260.9,276.6,276.6,275.39,274.2,271.71,266.0,259.5,256.61,256.61,259.61,263.21,274.0,275.2,274.89,274.29,271.71,266.0,259.5,259.5,256.61,259.61,263.21,274.0,275.2,274.89,274.29,271.21,271.21,264.21,262.0,264.5,263.11,263.61,271.9,273.29,274.1,272.9,272.9,269.9,266.8,264.9,267.3,266.9,265.9,271.8,270.4,270.9,270.9,272.5,270.4,268.71,268.4,268.4,268.9,268.9,272.11,268.9,268.9,267.8,270.71,271.21,270.61,270.4,270.4,270.21,269.61
2021-08-13 07:00:00,231.2,237.2,236.7,242.81,242.61,238.31,240.81,240.81,246.7,249.4,248.5,231.2,237.2,236.7,242.81,242.61,241.31,241.31,244.7,249.0,248.7,245.81,234.0,233.11,233.0,239.61,242.81,242.81,243.31,246.5,249.2,247.0,244.61,231.5,230.9,232.2,237.0,237.0,241.5,244.4,246.4,246.5,246.61,246.61,234.4,233.11,233.11,232.5,235.61,240.0,243.0,244.81,243.2,243.2,240.0,234.4,234.4,236.2,235.4,235.7,236.2,240.0,241.4,241.4,238.7,232.61,231.5,230.81,235.5,236.61,235.7,236.2,240.0,240.0,241.4,238.7,232.61,231.5,230.81,235.5,236.61,235.7,235.7,235.61,235.81,235.4,233.61,228.4,229.81,229.2,233.5,235.61,235.61,236.4,232.9,229.81,234.61,227.5,222.7,228.0,229.31,233.9,233.9,231.5,237.4,231.5,224.9,227.7,225.9,225.9,224.7,226.31,226.31,230.2,236.9,234.9,225.81,222.61,222.61,222.9,224.5
2021-06-02 23:00:00,270.0,262.9,264.0,265.5,266.71,274.5,275.7,275.7,276.2,275.5,270.3,270.0,262.9,264.0,265.5,266.71,271.61,271.61,273.1,274.29,270.11,268.21,267.9,265.4,264.9,266.11,266.0,266.0,268.0,270.5,270.11,267.61,267.11,265.0,267.61,265.3,265.9,265.9,267.11,265.21,265.9,267.11,266.61,266.61,262.71,267.5,267.5,265.4,267.0,267.71,263.21,264.21,266.5,266.5,266.8,263.4,263.4,266.3,266.8,269.0,266.0,264.21,265.9,265.9,266.5,265.5,262.61,265.0,265.71,267.61,269.0,266.0,264.21,264.21,265.9,266.5,265.5,262.61,265.0,265.71,267.61,269.11,269.11,265.8,268.61,270.8,266.0,262.0,265.11,267.11,265.61,268.21,268.21,267.3,267.61,272.3,269.5,265.0,259.11,267.4,268.71,267.21,267.21,266.61,265.4,269.61,271.21,265.9,261.61,261.61,268.4,268.9,268.9,268.5,265.4,264.9,266.5,268.71,268.71,265.0,257.5
2021-06-09 05:00:00,245.2,242.9,244.11,243.61,247.9,254.5,260.3,260.3,262.11,265.8,269.21,245.2,242.9,244.11,243.61,247.9,254.7,254.7,258.3,262.4,271.71,274.79,241.9,239.31,238.5,244.5,251.31,251.31,252.81,256.5,268.4,274.5,272.5,234.0,236.2,238.61,247.0,247.0,252.11,251.5,261.9,272.0,275.6,275.6,230.7,239.61,239.61,243.9,249.4,251.4,259.4,269.11,273.89,273.89,269.61,236.31,236.31,243.61,248.5,250.7,257.11,265.61,273.6,273.6,274.79,262.0,235.0,238.31,246.2,253.5,250.7,257.11,265.61,265.61,273.6,274.79,262.0,235.0,238.31,246.2,253.5,256.9,256.9,258.61,268.8,273.89,271.61,261.9,239.2,240.81,249.2,258.61,258.61,259.3,265.11,269.5,269.61,267.11,261.4,238.5,246.4,258.71,258.71,262.8,258.8,262.21,268.4,270.0,261.8,261.8,236.2,253.9,253.9,265.5,262.4,258.61,259.11,267.11,267.11,264.9,257.0
2021-06-01 06:00:00,271.71,269.8,269.0,274.2,283.5,279.5,283.7,283.7,285.79,287.0,288.1,271.71,269.8,269.0,274.2,283.5,289.29,289.29,288.7,288.2,290.1,290.2,267.0,270.61,273.6,280.1,287.1,287.1,291.1,291.0,290.6,291.5,289.7,266.21,270.8,277.6,285.1,285.1,289.2,289.7,290.29,290.1,288.5,288.5,266.61,270.0,270.0,277.0,285.89,288.29,288.6,286.1,282.0,282.0,280.2,267.9,267.9,270.5,277.2,284.0,285.7,284.7,279.5,279.5,271.8,270.71,268.9,271.0,276.79,279.89,284.0,285.7,284.7,284.7,279.5,271.8,270.71,268.9,271.0,276.79,279.89,281.89,281.89,279.7,275.7,269.21,264.21,262.5,272.3,277.79,282.79,283.1,283.1,280.39,275.1,268.21,262.11,259.9,257.3,281.2,285.6,286.79,286.79,286.1,281.5,278.29,271.4,264.9,262.4,262.4,288.6,292.1,292.1,290.79,288.5,284.89,281.89,277.1,277.1,273.0,268.21
2021-06-09 04:00:00,252.0,246.81,240.9,240.11,248.5,257.3,262.61,262.61,261.0,256.0,255.11,252.0,246.81,240.9,240.11,248.5,259.0,259.0,266.61,264.21,257.61,258.21,243.11,239.9,242.9,243.5,245.5,245.5,257.11,267.71,265.4,264.4,264.0,238.5,235.0,241.5,245.9,245.9,244.2,252.9,263.21,263.61,268.8,268.8,232.2,231.81,231.81,233.31,242.31,249.9,253.2,257.4,260.71,260.71,263.8,228.31,228.31,230.7,234.4,239.31,248.4,255.5,254.4,254.4,255.4,256.71,232.61,232.4,234.61,237.9,239.31,248.4,255.5,255.5,254.4,255.4,256.71,232.61,232.4,234.61,237.9,239.61,239.61,244.31,250.2,250.31,249.4,248.31,235.11,238.61,240.31,240.5,240.5,240.31,238.7,242.4,247.61,241.61,239.5,239.81,241.31,245.2,245.2,245.4,239.9,237.0,243.31,242.31,235.7,235.7,244.61,245.7,245.7,250.0,247.4,242.0,239.9,245.0,245.0,240.7,233.9
2021-06-19 10:00:00,249.4,244.5,243.2,243.5,243.7,247.11,246.11,246.11,252.9,249.2,250.61,249.4,244.5,243.2,243.5,243.7,243.7,243.7,243.11,244.5,246.0,247.4,246.5,240.81,237.81,238.5,243.0,243.0,241.81,239.81,241.4,243.81,243.81,245.2,238.31,235.5,236.61,236.61,241.61,242.11,241.9,241.31,241.11,241.11,245.5,248.2,248.2,240.11,241.4,241.81,247.61,246.7,250.5,250.5,253.7,249.9,249.9,255.81,251.9,248.81,246.2,255.11,260.61,260.61,262.5,265.0,243.2,254.5,260.71,259.11,248.81,246.2,255.11,255.11,260.61,262.5,265.0,243.2,254.5,260.71,259.11,259.8,259.8,260.3,267.21,273.29,274.89,269.9,250.0,263.21,266.11,260.9,260.9,271.71,275.29,278.39,283.1,284.39,277.5,262.0,263.61,271.71,271.71,277.7,278.6,281.89,285.29,288.5,289.0,289.0,273.29,275.39,275.39,278.89,283.29,287.0,288.5,289.6,289.6,290.89,290.7
2021-06-20 11:00:00,277.89,276.89,276.5,273.29,272.21,268.5,270.0,270.0,270.61,270.9,271.5,277.89,276.89,276.5,273.29,272.21,271.61,271.61,271.4,270.11,268.9,268.21,281.2,280.29,279.79,277.89,276.79,276.79,276.89,275.1,271.9,268.8,268.5,284.29,284.39,283.89,282.39,282.39,281.5,281.29,279.2,274.6,271.71,271.71,284.39,285.6,285.6,285.39,285.1,284.1,282.2,281.5,278.7,278.7,278.2,283.89,283.89,285.89,284.39,286.29,287.0,282.1,281.79,281.79,283.39,283.6,282.7,283.79,285.39,283.2,286.29,287.0,282.1,282.1,281.79,283.39,283.6,282.7,283.79,285.39,283.2,286.5,286.5,289.0,284.5,285.2,285.89,284.6,283.5,285.5,285.2,282.5,282.5,287.2,289.2,287.7,287.5,287.39,287.6,286.2,288.1,287.6,287.6,287.79,288.1,288.6,289.1,289.39,289.39,289.39,288.0,290.29,290.29,291.0,290.5,289.6,289.5,289.6,289.6,290.5,291.0
2021-06-21 11:00:00,286.0,287.1,283.29,283.0,288.7,289.5,287.89,287.89,283.89,282.5,279.6,286.0,287.1,283.29,283.0,288.7,287.7,287.7,285.2,285.0,285.39,283.5,288.39,283.89,276.89,284.79,292.6,292.6,285.7,279.2,286.6,289.5,286.6,286.6,280.2,278.29,286.89,286.89,289.39,283.39,280.5,287.1,291.29,291.29,280.89,277.2,277.2,282.5,285.5,283.79,284.0,284.7,287.5,287.5,288.2,277.89,277.89,277.29,281.39,284.39,283.1,283.79,284.79,284.79,288.29,283.6,282.2,278.39,279.1,283.1,284.39,283.1,283.79,283.79,284.79,288.29,283.6,282.2,278.39,279.1,283.1,282.1,282.1,283.5,282.7,283.0,286.5,284.1,282.5,279.29,281.89,282.7,282.7,281.29,283.1,281.5,282.79,285.2,284.39,285.6,286.6,281.7,281.7,283.7,285.0,280.79,278.89,282.79,285.6,285.6,289.6,289.6,289.6,283.89,285.1,288.7,281.89,276.89,276.89,284.6,287.39
2021-06-27 09:00:00,288.39,288.5,288.1,287.79,287.39,288.6,285.29,285.29,284.2,285.5,285.5,288.39,288.5,288.1,287.79,287.39,287.1,287.1,282.7,281.29,285.2,286.29,288.7,287.6,286.1,285.7,285.29,285.29,284.2,281.79,281.2,283.1,284.79,287.5,286.5,285.29,284.2,284.2,282.39,281.39,282.1,280.79,281.5,281.5,286.1,285.1,285.1,283.89,281.0,278.29,278.89,280.7,278.79,278.79,280.7,283.5,283.5,283.2,282.1,277.6,274.5,277.0,277.79,277.79,277.29,278.0,282.7,282.2,280.79,277.5,277.6,274.5,277.0,277.0,277.79,277.29,278.0,282.7,282.2,280.79,277.5,275.0,275.0,274.79,273.89,277.2,276.0,270.3,280.0,280.0,276.6,276.6,276.6,273.1,272.0,272.8,273.5,273.89,270.4,276.1,275.7,277.5,277.5,278.7,272.61,268.8,271.61,271.61,270.5,270.5,269.4,276.5,276.5,278.1,275.2,274.0,270.3,268.3,268.3,267.61,265.8
2021-07-24 08:00:00,279.2,272.9,267.5,265.21,268.9,266.8,273.79,273.79,278.89,278.7,274.1,279.2,272.9,267.5,265.21,268.9,269.3,269.3,273.0,279.89,282.39,279.1,278.7,273.7,268.21,269.21,273.0,273.0,272.3,274.1,280.2,283.79,281.89,276.0,273.0,272.4,272.0,272.0,274.89,275.79,274.39,280.2,283.39,283.39,277.29,274.0,274.0,274.1,274.29,274.1,277.29,275.39,279.0,279.0,283.0,275.79,275.79,274.79,274.79,275.0,275.1,277.39,277.6,277.6,277.7,280.79,271.71,273.29,272.4,271.11,275.0,275.1,277.39,277.39,277.6,277.7,280.79,271.71,273.29,272.4,271.11,276.5,276.5,279.29,279.1,277.39,276.0,279.1,270.3,271.71,268.61,268.9,268.9,277.0,281.89,281.39,277.5,275.6,277.7,268.61,272.4,268.3,268.3,268.61,276.5,282.0,282.79,279.39,277.2,277.2,266.8,270.71,270.71,267.61,270.21,276.29,280.2,283.89,283.89,283.0,279.39
2021-08-29 02:00:00,277.0,274.6,270.9,266.21,263.9,263.4,263.71,263.71,276.6,279.1,266.8,277.0,274.6,270.9,266.21,263.9,258.5,258.5,261.4,274.7,280.0,274.79,278.2,276.5,273.7,267.3,263.5,263.5,258.11,260.4,274.79,279.2,276.7,279.0,277.5,276.79,267.4,267.4,261.8,259.21,261.9,274.89,278.79,278.79,280.79,278.7,278.7,274.0,267.0,259.11,259.11,262.8,274.6,274.6,282.1,281.79,281.79,279.0,269.71,265.5,259.3,259.11,263.8,263.8,275.29,282.5,278.89,280.7,278.0,268.9,265.5,259.3,259.11,259.11,263.8,275.29,282.5,278.89,280.7,278.0,268.9,264.0,264.0,259.3,261.21,267.11,276.2,282.2,280.1,279.6,276.5,269.5,269.5,261.0,261.21,262.8,266.5,275.6,283.29,281.2,278.29,276.7,276.7,273.29,259.4,258.8,265.0,264.9,273.5,273.5,281.7,277.6,277.6,278.2,272.71,260.9,258.8,266.0,266.0,265.8,271.5
2021-07-04 05:00:00,270.5,273.1,256.5,252.31,263.21,261.21,258.21,258.21,257.61,258.11,259.0,270.5,273.1,256.5,252.31,263.21,268.4,268.4,260.71,258.3,258.8,257.9,268.21,269.21,259.0,253.4,261.11,261.11,265.71,265.8,260.61,263.0,257.5,266.9,265.0,260.21,256.4,256.4,257.9,262.11,265.71,265.21,263.0,263.0,266.71,265.4,265.4,263.3,256.21,257.21,258.11,261.61,263.3,263.3,262.5,266.8,266.8,266.61,264.11,256.4,257.4,254.4,256.11,256.11,260.21,261.4,265.4,264.11,265.0,262.71,256.4,257.4,254.4,254.4,256.11,260.21,261.4,265.4,264.11,265.0,262.71,257.71,257.71,260.61,254.61,252.2,254.5,259.61,264.4,260.9,262.61,260.21,260.21,259.5,262.9,257.5,246.31,252.81,263.61,266.9,256.11,259.61,259.61,266.21,264.3,259.21,254.11,247.81,259.9,259.9,266.8,264.3,264.3,256.4,260.9,269.71,260.71,247.0,247.0,256.8,267.11
2021-07-09 06:00:00,296.2,296.2,296.29,296.5,296.6,296.2,296.29,296.29,296.5,296.2,295.89,296.2,296.2,296.29,296.5,296.6,296.5,296.5,296.39,296.5,296.2,295.7,296.39,296.6,296.5,296.79,296.6,296.6,296.5,296.29,296.29,296.1,295.5,296.7,296.7,296.79,297.0,297.0,296.89,296.29,296.29,296.1,295.7,295.7,296.7,296.79,296.79,296.7,296.79,296.79,296.5,296.2,295.6,295.6,295.1,296.29,296.29,296.6,296.5,296.5,296.5,296.39,296.0,296.0,295.0,294.5,296.29,296.2,296.2,296.2,296.5,296.5,296.39,296.39,296.0,295.0,294.5,296.29,296.2,296.2,296.2,296.2,296.2,296.2,295.89,295.2,294.6,294.1,296.0,296.2,295.79,296.0,296.0,295.89,295.7,295.0,294.39,294.0,294.1,296.2,295.79,295.89,295.89,295.7,295.79,295.1,294.29,293.89,293.79,293.79,296.2,295.5,295.5,295.7,295.5,295.39,294.29,293.7,293.7,293.6,293.6
2021-07-17 02:00:00,273.6,274.39,276.29,281.2,284.5,285.7,284.1,284.1,283.2,283.29,284.0,273.6,274.39,276.29,281.2,284.5,283.6,283.6,281.39,280.79,280.7,283.1,273.7,275.79,278.6,280.2,281.1,281.1,280.89,279.1,277.6,280.29,285.29,274.39,277.6,278.29,279.5,279.5,279.1,278.7,275.7,276.0,281.29,281.29,274.79,275.89,275.89,277.1,279.29,279.1,278.0,276.7,277.7,277.7,282.79,273.39,273.39,274.2,276.39,279.2,278.89,278.6,279.5,279.5,280.89,284.5,272.8,273.39,275.0,277.5,279.2,278.89,278.6,278.6,279.5,280.89,284.5,272.8,273.39,275.0,277.5,278.29,278.29,279.5,279.79,281.1,284.0,286.79,272.3,273.2,276.2,278.39,278.39,278.39,279.2,281.7,284.1,285.29,286.39,272.3,273.29,276.1,276.1,277.89,279.79,281.2,284.39,285.2,284.6,284.6,272.8,274.2,274.2,275.6,277.2,280.39,283.0,285.29,285.29,284.39,281.79
2021-06-05 08:00:00,298.89,298.89,298.7,298.7,298.7,299.0,298.7,298.7,298.1,296.89,296.5,298.89,298.89,298.7,298.7,298.7,298.39,298.39,297.89,297.6,297.0,296.0,298.2,298.39,298.2,298.29,298.7,298.7,298.2,297.7,297.29,296.5,294.79,297.89,297.6,297.79,298.2,298.2,298.0,298.2,298.1,296.79,295.0,295.0,297.89,297.39,297.39,297.89,298.0,298.1,297.89,297.1,295.7,295.7,293.5,297.6,297.6,297.7,297.7,297.89,297.6,297.0,296.1,296.1,293.89,292.1,297.5,297.39,297.6,297.6,297.89,297.6,297.0,297.0,296.1,293.89,292.1,297.5,297.39,297.6,297.6,297.7,297.7,297.2,296.5,294.0,292.29,291.5,297.39,297.29,297.39,297.39,297.39,297.2,297.0,295.2,292.39,290.89,291.0,297.39,297.39,297.29,297.29,297.29,296.79,295.5,292.89,291.5,291.0,291.0,297.29,297.1,297.1,297.2,297.1,296.2,293.0,291.2,291.2,291.2,291.6
2021-07-01 02:00:00,293.89,293.7,293.39,293.79,293.6,293.29,293.39,293.39,293.1,292.39,292.1,293.89,293.7,293.39,293.79,293.6,293.29,293.29,293.0,293.0,292.6,292.0,293.7,293.6,293.5,293.6,293.5,293.5,293.0,292.79,292.89,292.6,292.0,293.39,293.5,293.5,293.39,293.39,293.2,292.6,293.2,292.5,292.29,292.29,293.39,293.29,293.29,293.39,293.1,292.89,293.0,292.6,292.39,292.39,291.89,293.1,293.1,293.1,292.89,292.7,292.79,292.6,292.29,292.29,291.79,290.89,293.0,293.0,292.79,292.29,292.7,292.79,292.6,292.6,292.29,291.79,290.89,293.0,293.0,292.79,292.29,292.7,292.7,292.5,292.2,291.7,291.2,290.7,293.2,292.7,292.39,292.6,292.6,292.6,292.1,291.6,291.2,290.6,290.6,293.6,293.29,292.79,292.79,292.79,292.5,292.0,291.2,290.89,290.5,290.5,294.0,293.5,293.5,293.29,292.89,292.39,291.5,290.79,290.79,290.5,290.5
2021-07-23 10:00:00,292.2,292.39,292.29,292.39,291.7,291.7,291.39,291.39,290.79,290.6,290.1,292.2,292.39,292.29,292.39,291.7,291.29,291.29,291.5,291.0,290.39,290.5,292.39,292.2,292.29,292.2,291.79,291.79,291.39,291.39,291.0,290.7,290.5,292.0,291.89,292.1,291.89,291.89,291.5,291.5,291.29,291.1,290.5,290.5,291.89,291.6,291.6,291.79,291.6,291.39,291.39,291.2,291.2,291.2,290.79,291.89,291.89,291.39,291.29,291.29,291.5,291.2,291.1,291.1,291.29,291.0,291.7,291.39,291.2,291.2,291.29,291.5,291.2,291.2,291.1,291.29,291.0,291.7,291.39,291.2,291.2,291.0,291.0,291.1,291.2,291.5,291.29,291.1,291.5,291.5,291.1,291.0,291.0,290.89,290.89,291.2,291.7,291.29,291.1,291.7,291.39,291.1,291.1,291.1,290.89,291.1,291.6,291.6,291.39,291.39,291.79,291.39,291.39,291.2,291.1,291.2,291.2,291.79,291.79,291.7,291.0
2021-06-13 11:00:00,231.11,231.4,232.0,233.11,236.31,238.61,245.7,245.7,253.9,260.4,266.4,231.11,231.4,232.0,233.11,236.31,242.11,242.11,249.7,259.3,268.4,275.2,231.2,231.9,233.11,235.5,240.11,240.11,247.81,256.21,265.3,272.8,277.79,232.7,233.7,235.2,238.2,238.2,244.61,253.4,264.9,271.4,276.1,276.1,238.0,239.11,239.11,239.0,242.61,248.0,257.9,268.11,275.6,275.6,280.7,244.4,244.4,243.7,243.31,247.11,251.2,259.8,267.71,267.71,277.39,284.6,244.0,246.61,248.0,250.7,247.11,251.2,259.8,259.8,267.71,277.39,284.6,244.0,246.61,248.0,250.7,251.2,251.2,251.4,256.71,269.61,279.1,285.2,247.61,247.7,251.81,255.4,255.4,254.5,252.5,253.4,267.11,280.2,286.6,252.11,249.11,253.31,253.31,254.11,254.7,254.81,253.11,259.5,279.0,279.0,255.4,251.31,251.31,252.5,253.81,254.5,255.0,254.81,254.81,261.0,276.39
2021-07-03 03:00:00,274.6,274.79,275.7,277.29,278.6,278.5,279.1,279.1,279.7,281.2,281.29,274.6,274.79,275.7,277.29,278.6,279.29,279.29,279.89,279.6,279.39,280.29,274.39,274.6,275.0,276.1,277.39,277.39,279.0,279.2,278.7,278.1,279.29,273.39,274.29,275.29,274.79,274.79,275.0,278.39,277.7,276.6,275.39,275.39,274.5,274.2,274.2,273.2,273.0,274.1,277.0,277.79,272.71,272.71,269.5,276.1,276.1,274.2,271.3,271.61,273.89,274.7,275.2,275.2,268.21,264.0,277.5,277.5,273.89,270.5,271.61,273.89,274.7,274.7,275.2,268.21,264.0,277.5,277.5,273.89,270.5,271.21,271.21,272.61,269.9,266.9,263.61,263.21,277.39,277.39,273.79,269.8,269.8,270.61,269.9,262.8,256.9,258.61,263.8,276.6,276.1,272.8,272.8,271.71,269.21,264.21,255.61,252.9,254.31,254.31,275.7,275.0,275.0,272.61,271.0,268.71,260.5,251.0,251.0,246.9,251.61
2021-07-23 01:00:00,286.2,284.39,282.89,282.5,282.79,285.2,283.89,283.89,283.39,285.79,286.79,286.2,284.39,282.89,282.5,282.79,282.1,282.1,279.7,280.5,285.0,286.7,283.7,281.39,280.29,280.89,281.1,281.1,278.39,275.6,278.7,284.1,287.6,280.79,279.39,279.39,279.6,279.6,278.89,274.0,274.1,277.6,283.5,283.5,280.7,280.2,280.2,278.89,277.29,275.29,268.8,273.79,279.29,279.29,284.0,282.79,282.79,280.6,277.5,276.1,270.5,267.61,274.79,274.79,282.1,285.6,285.29,284.1,281.79,278.79,276.1,270.5,267.61,267.61,274.79,282.1,285.6,285.29,284.1,281.79,278.79,273.6,273.6,266.11,270.11,278.0,283.6,286.39,286.5,285.1,283.2,279.5,279.5,273.0,264.0,273.6,282.5,285.1,286.39,288.39,287.89,279.79,279.79,277.2,276.29,271.8,274.1,282.1,288.0,288.0,290.2,283.79,283.79,277.79,277.29,280.1,279.2,274.6,274.6,283.79,289.7
2021-07-26 02:00:00,230.2,229.9,230.9,232.81,234.11,235.5,236.31,236.31,237.4,238.7,240.61,230.2,229.9,230.9,232.81,234.11,235.11,235.11,235.61,234.61,234.11,234.31,230.81,230.2,231.0,231.9,231.61,231.61,232.31,232.81,233.11,232.11,232.2,231.2,230.9,231.11,231.11,231.11,229.9,228.9,230.61,230.9,231.11,231.11,230.4,229.5,229.5,229.7,230.5,229.81,229.7,229.5,229.11,229.11,228.5,230.2,230.2,228.31,228.0,229.81,231.11,230.5,229.4,229.4,228.0,227.0,233.11,230.11,228.81,228.2,229.81,231.11,230.5,230.5,229.4,228.0,227.0,233.11,230.11,228.81,228.2,229.5,229.5,230.7,229.2,228.2,227.5,227.9,233.0,230.81,229.2,228.5,228.5,229.5,229.61,228.0,227.4,227.4,228.9,232.11,231.11,229.61,229.61,228.9,228.61,228.9,228.4,227.81,228.11,228.11,231.5,231.4,231.4,230.61,229.11,228.2,228.2,228.81,228.81,228.7,228.7
2021-08-03 02:00:00,293.39,293.6,293.39,293.2,292.79,293.6,294.0,294.0,293.79,293.79,293.29,293.39,293.6,293.39,293.2,292.79,293.29,293.29,293.79,294.0,294.0,293.6,293.39,293.6,293.7,293.29,293.1,293.1,293.1,293.29,294.0,294.39,294.29,293.5,293.6,293.5,293.5,293.5,293.6,292.89,293.1,293.7,294.6,294.6,293.5,293.7,293.7,293.39,293.39,293.2,293.2,293.2,293.6,293.6,294.2,293.29,293.29,293.7,293.2,293.0,293.39,293.29,293.1,293.1,293.7,293.5,292.39,292.5,293.2,293.0,293.0,293.39,293.29,293.29,293.1,293.7,293.5,292.39,292.5,293.2,293.0,292.79,292.79,292.79,293.29,293.6,293.5,293.2,292.29,292.2,292.39,292.79,292.79,292.79,292.39,293.2,293.6,293.2,293.1,292.39,292.29,292.29,292.29,292.7,292.79,293.0,292.89,293.29,293.0,293.0,292.6,292.5,292.5,292.39,292.39,293.0,293.2,292.7,292.7,292.6,293.0
2021-08-16 08:00:00,255.5,254.2,253.11,254.2,254.0,251.5,250.61,250.61,249.2,247.9,247.0,255.5,254.2,253.11,254.2,254.0,249.4,249.4,247.2,248.61,247.2,247.0,254.9,252.11,252.11,255.11,254.2,254.2,249.4,246.7,247.9,246.0,245.61,255.4,250.5,252.61,256.4,256.4,253.5,250.2,248.31,247.11,246.11,246.11,255.9,256.21,256.21,256.61,256.0,252.5,250.61,249.0,248.61,248.61,249.7,257.3,257.3,261.61,261.4,255.31,251.4,251.4,251.7,251.7,250.4,253.11,256.61,258.11,259.8,259.21,255.31,251.4,251.4,251.4,251.7,250.4,253.11,256.61,258.11,259.8,259.21,258.0,258.0,256.61,255.31,254.4,252.0,256.3,255.0,258.21,255.11,254.0,254.0,259.9,261.71,259.11,258.71,253.9,255.5,256.11,254.2,250.9,250.9,255.4,259.0,258.3,263.9,261.8,254.4,254.4,258.71,253.7,253.7,251.2,253.11,257.8,259.3,265.3,265.3,261.61,255.4
2021-07-24 22:00:00,257.9,257.61,251.9,248.11,248.2,242.11,242.5,242.5,240.81,239.4,237.5,257.9,257.61,251.9,248.11,248.2,246.11,246.11,245.61,245.4,241.7,239.4,258.3,256.0,249.9,249.9,251.7,251.7,251.61,251.7,249.9,244.11,240.2,257.11,252.9,249.11,250.0,250.0,253.9,255.2,255.5,252.61,247.11,247.11,255.5,252.4,252.4,249.9,250.11,252.61,254.11,253.5,252.31,252.31,249.7,254.61,254.61,253.7,251.61,250.7,250.11,251.2,251.5,251.5,251.0,249.7,254.11,254.9,256.71,253.61,250.7,250.11,251.2,251.2,251.5,251.0,249.7,254.11,254.9,256.71,253.61,250.5,250.5,249.2,249.5,249.9,249.4,247.4,251.31,254.61,259.61,257.5,257.5,251.7,247.7,248.5,248.9,247.2,245.2,249.11,254.81,261.0,261.0,262.21,255.61,249.31,247.5,249.5,247.4,247.4,247.7,253.5,253.5,261.71,264.3,260.11,252.9,249.0,249.0,248.11,249.81
2021-08-02 22:00:00,292.89,293.0,292.89,293.0,292.6,292.79,292.79,292.79,293.1,293.29,293.29,292.89,293.0,292.89,293.0,292.6,292.79,292.79,292.79,293.2,293.1,293.5,292.89,292.89,293.0,292.79,292.79,292.79,292.79,292.79,292.89,293.0,293.2,293.2,292.89,292.79,292.79,292.79,292.89,292.79,292.6,292.79,292.79,292.79,293.1,292.89,292.89,293.1,292.89,292.79,292.7,292.79,292.7,292.7,293.1,293.1,293.1,293.1,293.2,293.0,292.7,292.79,292.79,292.79,293.0,293.29,292.89,293.0,293.1,293.0,293.0,292.7,292.79,292.79,292.79,293.0,293.29,292.89,293.0,293.1,293.0,293.0,293.0,293.0,293.0,293.0,293.2,293.2,292.89,292.79,293.1,292.89,292.89,293.0,292.89,293.2,293.39,293.2,293.2,292.79,292.7,292.79,292.79,292.89,292.79,292.7,293.1,293.39,293.29,293.29,292.7,292.7,292.7,292.7,292.39,292.79,292.79,293.0,293.0,293.1,293.29
2021-06-03 06:00:00,251.7,250.0,249.0,250.5,252.9,253.9,253.9,253.9,248.7,244.5,246.31,251.7,250.0,249.0,250.5,252.9,253.4,253.4,251.7,251.61,251.2,248.5,254.0,253.0,254.11,255.11,255.11,255.11,254.4,253.31,253.5,251.81,246.9,256.5,255.31,255.31,257.8,257.8,257.3,254.9,253.11,254.7,252.4,252.4,258.4,257.11,257.11,257.21,257.21,254.5,252.4,253.7,255.2,255.2,249.7,257.9,257.9,257.5,255.61,253.7,249.81,249.0,254.5,254.5,254.2,246.9,257.5,256.9,256.11,252.5,253.7,249.81,249.0,249.0,254.5,254.2,246.9,257.5,256.9,256.11,252.5,248.0,248.0,245.7,248.9,254.4,252.61,242.9,255.0,254.9,253.2,249.4,249.4,242.4,242.61,248.9,253.31,249.7,240.31,251.9,250.81,248.4,248.4,242.81,239.61,241.4,246.0,248.61,246.2,246.2,247.4,244.5,244.5,242.7,238.5,237.61,239.9,243.0,243.0,242.9,243.2
2021-06-04 06:00:00,301.0,300.0,299.6,300.1,303.0,300.79,298.0,298.0,286.79,287.79,292.1,301.0,300.0,299.6,300.1,303.0,304.2,304.2,295.89,284.79,287.0,292.39,301.6,301.29,301.0,301.5,303.39,303.39,302.6,293.0,287.39,290.6,292.0,300.39,300.79,301.6,302.1,302.1,300.7,298.6,293.89,289.7,290.89,290.89,294.79,295.89,295.89,297.79,298.89,298.2,296.39,293.29,289.7,289.7,288.1,288.1,288.1,290.1,292.7,294.5,294.5,293.7,291.7,291.7,288.39,286.6,285.79,284.0,284.2,286.89,294.5,294.5,293.7,293.7,291.7,288.39,286.6,285.79,284.0,284.2,286.89,291.29,291.29,292.2,289.5,287.1,286.89,287.7,284.2,281.39,280.5,282.5,282.5,288.89,292.79,285.29,282.39,285.1,284.79,286.29,285.7,284.1,284.1,282.0,289.1,292.29,286.79,281.6,284.79,284.79,290.39,289.6,289.6,288.79,289.29,289.79,287.1,289.7,289.7,285.89,284.5
2021-07-02 08:00:00,262.71,264.5,260.5,259.3,259.8,261.71,268.5,268.5,269.21,266.3,268.3,262.71,264.5,260.5,259.3,259.8,256.5,256.5,265.21,267.4,265.0,263.3,260.9,260.5,253.2,253.31,254.9,254.9,255.7,261.3,263.3,261.11,262.21,257.4,256.61,250.31,246.9,246.9,250.9,256.11,256.5,258.4,258.11,258.11,256.21,254.5,254.5,249.0,243.0,247.61,253.11,254.4,253.7,253.7,256.11,253.5,253.5,251.61,245.2,239.81,245.0,248.81,248.7,248.7,249.4,250.2,251.0,251.31,247.9,242.11,239.81,245.0,248.81,248.81,248.7,249.4,250.2,251.0,251.31,247.9,242.11,238.4,238.4,243.81,244.81,244.31,244.5,244.61,248.9,250.31,247.81,241.61,241.61,240.81,244.2,242.81,242.4,242.5,241.2,248.2,249.11,248.2,248.2,243.61,243.5,244.4,242.31,244.11,244.0,244.0,248.81,250.0,250.0,249.4,247.61,246.61,242.9,242.31,242.31,247.11,246.2
2021-07-04 23:00:00,250.5,253.0,251.9,237.81,231.2,224.61,222.81,222.81,221.7,221.31,222.2,250.5,253.0,251.9,237.81,231.2,224.61,224.61,222.0,220.5,220.61,222.31,264.11,263.4,260.0,247.4,236.31,236.31,225.61,221.81,220.7,220.5,222.0,273.29,270.61,266.71,256.21,256.21,242.7,229.11,224.61,222.7,222.31,222.31,276.6,274.2,274.2,270.4,261.5,251.31,238.5,230.31,228.9,228.9,227.81,277.6,277.6,274.79,272.21,265.71,258.0,249.61,237.4,237.4,237.5,235.4,278.1,275.6,273.1,271.4,265.71,258.0,249.61,249.61,237.4,237.5,235.4,278.1,275.6,273.1,271.4,269.0,269.0,265.71,256.71,246.61,244.81,244.7,277.0,272.4,271.21,271.9,271.9,271.8,268.0,263.3,256.3,251.7,251.5,274.39,272.9,271.21,271.21,271.4,271.61,269.5,266.8,263.11,257.5,257.5,272.0,272.71,272.71,272.11,271.61,271.0,269.8,269.4,269.4,267.21,262.3
2021-07-11 07:00:00,250.4,250.5,251.0,250.9,249.61,248.9,248.9,248.9,249.0,249.2,249.7,250.4,250.5,251.0,250.9,249.61,249.2,249.2,248.7,249.11,249.81,250.2,251.7,251.4,250.5,250.4,250.11,250.11,249.61,249.4,249.7,250.4,249.81,252.4,252.0,251.0,249.9,249.9,249.81,249.9,250.4,250.2,249.7,249.7,251.4,252.31,252.31,251.5,249.4,248.81,249.11,250.31,249.9,249.9,249.11,251.61,251.61,251.61,251.11,249.0,248.31,248.5,248.81,248.81,249.2,250.11,250.81,251.81,251.11,249.81,249.0,248.31,248.5,248.5,248.81,249.2,250.11,250.81,251.81,251.11,249.81,248.81,248.81,248.2,248.81,248.4,248.9,249.9,250.5,251.31,250.61,249.31,249.31,248.2,248.31,248.81,248.4,248.7,249.7,251.0,251.4,250.9,250.9,249.61,248.5,248.0,248.0,248.61,249.2,249.2,251.81,251.5,251.5,250.9,249.9,249.0,247.61,247.4,247.4,248.9,249.31
2021-08-10 07:00:00,240.7,238.11,247.0,250.2,245.0,246.9,251.11,251.11,255.5,256.0,261.21,240.7,238.11,247.0,250.2,245.0,243.5,243.5,245.31,248.81,253.2,259.0,244.81,240.7,242.5,247.31,241.9,241.9,239.7,240.7,242.31,247.61,250.9,246.7,244.31,243.81,240.81,240.81,237.31,236.4,238.11,237.61,239.11,239.11,242.11,241.11,241.11,242.31,237.5,236.0,237.11,236.5,237.31,237.31,239.81,237.7,237.7,237.31,237.31,236.81,238.11,239.2,238.7,238.7,239.7,241.31,235.7,235.4,235.0,235.81,236.81,238.11,239.2,239.2,238.7,239.7,241.31,235.7,235.4,235.0,235.81,236.7,236.7,238.9,240.7,243.31,244.11,244.2,232.2,232.5,233.5,234.5,234.5,236.5,237.9,241.61,247.11,248.11,245.31,230.11,231.11,231.81,231.81,232.5,235.2,237.4,242.5,247.0,248.0,248.0,230.0,230.0,230.0,231.31,233.0,234.11,238.61,243.0,243.0,245.7,247.5
2021-08-11 05:00:00,258.3,257.11,254.11,251.9,248.7,251.0,254.2,254.2,265.11,267.21,256.3,258.3,257.11,254.11,251.9,248.7,246.31,246.31,247.5,256.61,269.8,260.71,258.0,253.9,252.81,251.81,246.7,246.7,240.31,241.11,256.11,267.3,251.9,254.61,255.81,256.11,252.31,252.31,248.81,236.11,236.31,258.5,258.61,258.61,260.11,265.0,265.0,264.21,253.2,244.5,240.11,240.4,254.61,254.61,263.0,268.11,268.11,272.9,268.4,254.31,246.2,247.0,248.4,248.4,254.31,262.4,274.29,273.29,273.39,266.9,254.31,246.2,247.0,247.0,248.4,254.31,262.4,274.29,273.29,273.39,266.9,262.4,262.4,258.0,256.61,258.3,260.8,265.8,281.1,277.89,271.0,272.21,272.21,269.61,264.0,267.5,269.11,267.8,271.71,284.29,282.1,279.0,279.0,271.11,271.71,279.0,275.29,271.61,273.1,273.1,285.6,284.6,284.6,283.5,278.5,276.29,282.29,285.2,285.2,280.7,279.89
2021-08-20 10:00:00,274.5,274.0,273.89,273.1,272.0,271.5,270.4,270.4,269.5,269.0,269.0,274.5,274.0,273.89,273.1,272.0,270.11,270.11,269.61,267.61,267.5,267.9,272.4,272.9,272.71,272.0,269.71,269.71,268.71,267.61,266.5,266.9,266.71,270.4,270.5,271.0,269.3,269.3,267.0,266.4,266.8,265.21,264.9,264.9,267.71,267.71,267.71,267.61,265.8,264.61,264.61,264.71,264.0,264.0,264.4,263.4,263.4,263.61,263.11,261.8,261.9,262.8,261.71,261.71,262.4,264.71,258.71,257.71,258.11,259.21,261.8,261.9,262.8,262.8,261.71,262.4,264.71,258.71,257.71,258.11,259.21,257.9,257.9,258.4,260.8,261.3,261.61,262.21,253.11,252.4,252.4,253.4,253.4,254.61,256.61,259.4,260.71,261.3,262.0,248.11,247.9,247.11,247.11,247.9,251.31,255.31,257.5,259.4,261.5,261.5,242.4,242.9,242.9,242.0,242.2,248.0,254.81,255.81,255.81,258.9,260.5
2021-07-10 01:00:00,292.29,292.2,292.1,292.0,292.0,291.7,291.5,291.5,291.2,291.1,290.39,292.29,292.2,292.1,292.0,292.0,291.79,291.79,291.6,291.39,291.2,290.6,292.6,292.29,292.1,292.2,292.2,292.2,291.89,291.7,291.5,291.39,290.79,292.29,292.39,292.2,292.2,292.2,292.2,292.1,291.89,291.7,291.29,291.29,292.5,292.39,292.39,292.29,292.29,292.1,292.1,292.0,291.7,291.7,291.2,292.6,292.6,292.39,292.39,292.39,292.0,292.0,291.89,291.89,291.5,291.0,292.39,292.6,292.39,292.39,292.39,292.0,292.0,292.0,291.89,291.5,291.0,292.39,292.6,292.39,292.39,292.39,292.39,292.2,292.0,291.79,291.29,291.1,292.5,292.5,292.39,292.5,292.5,292.39,292.29,292.0,291.5,291.1,291.0,292.79,292.6,292.6,292.6,292.5,292.5,292.2,291.79,291.29,291.2,291.2,293.0,292.89,292.89,292.79,292.7,292.5,292.29,291.5,291.5,291.29,291.1
2021-07-25 04:00:00,276.89,276.79,277.0,273.0,267.3,264.0,268.61,268.61,268.21,265.71,264.8,276.89,276.79,277.0,273.0,267.3,263.9,263.9,268.61,269.0,265.0,263.4,275.39,275.6,279.79,276.39,273.7,273.7,268.21,268.4,268.0,266.21,264.3,276.1,274.29,278.5,279.1,279.1,280.2,273.1,268.9,268.21,266.8,266.8,280.2,278.0,278.0,279.7,279.29,277.6,278.29,276.7,270.9,270.9,267.3,280.29,280.29,282.5,281.6,277.1,278.89,281.39,279.79,279.79,275.5,270.5,279.89,280.39,283.0,280.1,277.1,278.89,281.39,281.39,279.79,275.5,270.5,279.89,280.39,283.0,280.1,279.1,279.1,279.7,280.5,278.7,278.79,278.29,281.7,280.7,281.5,281.0,281.0,281.39,279.6,279.2,277.6,282.0,281.89,281.2,282.2,281.7,281.7,282.1,284.0,281.0,279.79,281.0,282.79,282.79,280.2,283.0,283.0,282.2,284.0,285.2,282.7,281.2,281.2,282.89,283.2
2021-08-19 10:00:00,280.2,280.39,279.7,281.6,283.89,288.2,290.0,290.0,290.79,288.6,287.0,280.2,280.39,279.7,281.6,283.89,286.39,286.39,289.6,291.29,289.89,289.79,277.2,277.1,278.89,281.79,285.29,285.29,288.6,290.39,290.5,290.2,290.89,277.0,275.1,276.2,282.7,282.7,288.89,290.2,290.1,290.0,290.7,290.7,276.79,274.2,274.2,277.0,285.1,287.39,287.39,289.39,290.39,290.39,290.79,275.5,275.5,273.79,279.6,285.1,284.2,283.6,288.6,288.6,290.79,290.0,277.7,276.89,275.89,281.6,285.1,284.2,283.6,283.6,288.6,290.79,290.0,277.7,276.89,275.89,281.6,283.2,283.2,281.79,283.5,288.0,289.29,288.7,279.2,277.1,279.89,283.6,283.6,282.1,279.29,284.29,290.1,287.2,286.7,277.39,278.39,283.2,283.2,284.2,282.39,280.5,286.2,289.6,287.0,287.0,276.29,281.39,281.39,284.39,281.7,282.39,284.79,287.5,287.5,288.1,287.7
2021-08-26 07:00:00,256.4,258.11,258.71,258.21,258.3,257.9,258.11,258.11,257.9,257.3,257.4,256.4,258.11,258.71,258.21,258.3,258.5,258.5,257.9,257.5,256.4,257.11,257.8,257.9,257.9,258.11,258.61,258.61,258.11,257.4,257.61,257.3,256.71,257.8,257.5,257.4,258.0,258.0,257.61,257.5,257.4,257.3,257.71,257.71,256.4,256.71,256.71,257.11,257.21,257.0,257.5,257.11,256.4,256.4,255.4,256.5,256.5,255.81,255.9,255.9,256.4,256.5,256.11,256.11,254.81,254.5,256.5,256.61,256.0,255.31,255.9,256.4,256.5,256.5,256.11,254.81,254.5,256.5,256.61,256.0,255.31,255.2,255.2,254.2,253.81,253.61,254.0,255.5,256.3,256.21,255.5,254.7,254.7,254.0,252.31,251.31,251.9,253.81,254.9,254.9,255.7,255.2,255.2,253.61,251.61,250.5,251.31,252.11,253.81,253.81,253.31,254.4,254.4,254.11,252.31,249.7,248.31,251.7,251.7,254.0,252.9
2021-06-15 08:00:00,289.6,289.7,289.89,290.0,290.2,290.0,290.0,290.0,290.1,289.89,290.0,289.6,289.7,289.89,290.0,290.2,290.2,290.2,290.2,290.2,290.1,290.2,289.79,289.89,290.2,290.2,290.1,290.1,290.39,290.39,290.5,290.29,290.29,290.2,290.1,290.1,290.29,290.29,290.39,290.5,290.5,290.7,290.6,290.6,290.2,290.2,290.2,290.29,290.39,290.5,290.5,290.7,290.7,290.7,290.6,290.29,290.29,290.5,290.5,290.6,290.7,290.7,290.79,290.79,290.79,290.7,290.39,290.39,290.6,290.6,290.6,290.7,290.7,290.7,290.79,290.79,290.7,290.39,290.39,290.6,290.6,290.6,290.6,290.79,290.89,291.1,290.7,290.79,290.5,290.6,290.79,290.7,290.7,290.7,290.89,291.1,291.1,290.7,290.79,290.5,290.5,290.7,290.7,290.89,290.89,291.0,291.1,290.89,290.89,290.89,290.6,290.6,290.6,290.6,290.79,291.1,291.0,291.0,291.0,291.0,291.1
2021-07-01 07:00:00,295.2,294.7,294.5,294.5,294.7,294.6,294.29,294.29,294.0,293.2,292.89,295.2,294.7,294.5,294.5,294.7,294.6,294.6,294.39,294.0,293.39,293.0,294.7,294.89,294.5,294.89,295.0,295.0,294.6,294.29,294.1,294.2,293.39,294.39,294.7,294.79,295.0,295.0,295.0,294.6,294.39,294.2,294.1,294.1,294.29,294.6,294.6,294.6,294.79,294.7,294.6,294.29,294.0,294.0,293.39,294.1,294.1,294.2,294.1,294.29,294.29,294.2,294.0,294.0,293.6,292.29,294.2,294.0,294.0,293.7,294.29,294.29,294.2,294.2,294.0,293.6,292.29,294.2,294.0,294.0,293.7,293.79,293.79,293.89,293.89,293.39,292.5,291.89,294.0,293.7,293.6,293.5,293.5,293.2,293.6,293.39,292.39,291.7,291.6,294.39,293.7,293.5,293.5,293.39,293.29,293.6,292.79,291.89,291.7,291.7,294.6,293.6,293.6,293.29,293.39,293.5,292.79,291.89,291.89,291.7,291.6
2021-08-26 06:00:00,257.4,256.61,255.2,252.0,255.4,257.3,254.2,254.2,258.5,261.9,261.4,257.4,256.61,255.2,252.0,255.4,256.9,256.9,252.7,257.3,261.4,262.4,256.4,255.81,252.61,249.11,254.81,254.81,255.5,251.61,256.9,258.71,260.71,256.11,254.7,247.61,247.2,247.2,254.5,253.11,250.81,256.0,256.11,256.11,256.0,251.7,251.7,244.5,247.2,252.81,250.0,249.61,254.61,254.61,255.9,256.0,256.0,248.2,241.9,247.9,252.0,247.0,248.81,248.81,253.5,253.61,257.11,254.5,244.5,241.2,247.9,252.0,247.0,247.0,248.81,253.5,253.61,257.11,254.5,244.5,241.2,248.5,248.5,251.81,245.81,248.9,252.9,251.0,256.4,252.11,241.0,242.7,242.7,249.2,250.7,246.0,249.61,251.9,248.61,255.5,248.7,239.9,239.9,243.9,250.4,251.81,247.81,249.4,250.61,250.61,253.61,244.4,244.4,240.0,245.9,251.5,252.11,249.7,249.7,247.81,248.4
2021-07-07 09:00:00,228.4,229.9,230.7,230.9,231.11,230.5,231.81,231.81,233.5,235.7,237.31,228.4,229.9,230.7,230.9,231.11,231.2,231.2,233.2,234.0,235.9,236.31,227.61,229.11,230.61,231.61,231.9,231.9,233.9,234.11,234.0,236.4,237.0,227.81,228.5,229.7,231.9,231.9,234.61,235.7,234.4,234.0,236.4,236.4,229.11,228.7,228.7,230.4,233.0,235.61,236.11,234.4,233.81,233.81,235.81,232.61,232.61,229.2,230.5,233.9,235.7,235.4,233.61,233.61,233.2,235.11,238.31,236.31,232.2,231.4,233.9,235.7,235.4,235.4,233.61,233.2,235.11,238.31,236.31,232.2,231.4,233.61,233.61,234.31,233.61,232.2,232.2,234.0,239.4,238.7,235.0,232.81,232.81,233.11,232.81,231.81,231.0,231.2,233.61,238.61,237.2,234.81,234.81,232.81,232.31,231.2,230.9,230.5,230.81,230.81,237.0,235.31,235.31,234.0,232.81,231.81,231.11,230.7,230.7,229.81,231.11
2021-08-01 22:00:00,281.5,276.2,278.7,279.6,280.2,274.89,279.1,279.1,281.39,283.79,285.2,281.5,276.2,278.7,279.6,280.2,278.7,278.7,280.39,283.29,285.5,286.79,281.89,278.2,278.6,280.29,278.79,278.79,279.5,282.29,285.29,287.39,288.79,282.7,280.39,280.1,280.0,280.0,278.5,279.5,282.7,286.39,289.5,289.5,281.7,280.79,280.79,280.7,279.89,279.29,281.39,283.29,285.79,285.79,288.0,281.5,281.5,280.5,279.39,279.39,280.89,282.5,283.39,283.39,284.1,284.1,282.5,281.2,280.1,278.7,279.39,280.89,282.5,282.5,283.39,284.1,284.1,282.5,281.2,280.1,278.7,279.5,279.5,281.89,282.89,282.6,281.29,282.0,282.2,279.7,280.2,279.79,279.79,279.79,282.2,283.79,283.39,279.0,278.6,282.1,282.39,280.7,280.7,279.0,279.7,282.7,286.0,283.2,277.2,277.2,282.89,283.29,283.29,282.2,279.39,279.89,282.89,287.6,287.6,283.0,276.39
2021-08-11 01:00:00,257.5,263.11,265.4,268.21,267.9,256.21,250.9,250.9,252.9,256.3,256.71,257.5,263.11,265.4,268.21,267.9,261.21,261.21,258.0,257.9,255.7,256.5,258.21,266.61,273.7,275.39,273.89,273.89,273.6,271.3,263.9,255.4,252.5,263.0,271.8,277.5,280.7,280.7,283.6,283.79,279.89,271.5,258.0,258.0,270.5,280.5,280.5,284.0,285.29,286.79,287.2,285.7,279.79,279.79,268.21,282.79,282.79,287.29,288.79,289.39,290.2,289.79,288.79,288.79,287.1,282.39,282.1,286.7,290.39,291.79,289.39,290.2,289.79,289.79,288.79,287.1,282.39,282.1,286.7,290.39,291.79,292.29,292.29,293.1,293.2,292.79,291.5,289.5,290.0,290.2,291.0,292.0,292.0,292.79,294.1,294.29,294.39,294.1,294.2,292.1,291.1,290.39,290.39,291.29,291.2,291.2,291.5,292.7,293.6,293.6,291.7,287.39,287.39,289.6,290.5,288.89,287.7,288.1,288.1,290.29,291.2
2021-08-11 03:00:00,275.79,273.7,270.21,269.61,270.8,280.6,282.1,282.1,282.0,279.6,281.89,275.79,273.7,270.21,269.61,270.8,270.71,270.71,273.2,271.3,271.0,274.29,272.4,269.0,262.5,260.71,262.61,262.61,261.5,261.3,261.8,266.5,266.3,269.5,261.4,255.61,254.2,254.2,252.61,252.9,254.11,254.7,257.5,257.5,262.4,258.11,258.11,261.21,258.71,248.31,248.4,253.31,255.11,255.11,251.0,254.2,254.2,258.9,265.3,262.71,252.31,245.5,250.4,250.4,256.3,255.5,264.3,259.5,264.11,267.0,262.71,252.31,245.5,245.5,250.4,256.3,255.5,264.3,259.5,264.11,267.0,265.5,265.5,262.8,252.2,252.81,256.4,254.0,261.5,265.4,268.61,266.3,266.3,269.61,270.0,261.8,256.9,257.0,254.81,261.9,259.61,260.0,260.0,262.71,268.11,270.3,266.0,260.0,253.9,253.9,261.9,254.5,254.5,250.11,251.81,263.61,270.8,267.0,267.0,257.3,250.7
2021-08-13 10:00:00,229.81,221.9,220.31,220.5,218.5,215.7,214.5,214.5,213.9,213.0,215.4,229.81,221.9,220.31,220.5,218.5,214.81,214.81,213.2,213.61,213.31,214.2,228.0,222.7,222.11,219.31,216.0,216.0,213.31,212.9,212.9,212.9,213.4,226.61,223.11,222.81,217.81,217.81,213.81,212.2,211.81,212.2,212.7,212.7,226.31,221.2,221.2,219.5,217.11,214.11,212.9,211.61,211.5,211.5,212.31,224.2,224.2,220.31,217.5,217.31,216.5,213.81,213.31,213.31,212.2,212.61,221.7,220.7,220.2,219.61,217.31,216.5,213.81,213.81,213.31,212.2,212.61,221.7,220.7,220.2,219.61,220.2,220.2,217.5,214.61,214.5,215.4,215.0,222.11,220.31,220.31,223.0,223.0,223.11,217.5,215.4,218.9,219.7,216.9,224.2,222.9,224.7,224.7,230.9,225.0,218.9,219.7,220.81,224.5,224.5,226.81,228.9,228.9,231.11,231.61,229.2,225.4,223.7,223.7,224.31,228.5
2021-08-28 07:00:00,265.4,260.8,260.11,256.3,257.8,261.21,262.4,262.4,270.4,278.0,281.39,265.4,260.8,260.11,256.3,257.8,261.11,261.11,261.71,266.5,274.6,279.0,265.21,262.61,260.71,260.0,260.61,260.61,260.5,261.3,261.8,270.11,276.2,264.0,263.4,264.5,262.9,262.9,262.61,262.0,259.71,258.0,268.5,268.5,261.9,265.0,265.0,264.3,265.3,265.8,265.0,260.61,256.0,256.0,264.5,265.21,265.21,264.11,263.0,266.9,269.61,268.71,260.71,260.71,255.7,262.0,267.5,267.11,263.5,264.11,266.9,269.61,268.71,268.71,260.71,255.7,262.0,267.5,267.11,263.5,264.11,268.11,268.11,272.3,270.21,260.61,257.0,262.8,267.8,266.5,264.21,264.3,264.3,268.9,273.89,270.61,262.3,260.21,264.21,265.5,265.4,264.71,264.71,264.9,268.71,274.1,270.0,266.5,264.21,264.21,262.71,261.3,261.3,264.5,266.4,268.5,270.3,269.71,269.71,268.71,268.11
2021-08-30 04:00:00,257.61,255.7,253.7,252.31,252.4,252.7,252.2,252.2,253.5,254.7,255.61,257.61,255.7,253.7,252.31,252.4,252.9,252.9,253.9,254.9,255.11,255.31,254.4,253.4,252.61,251.81,253.11,253.11,254.2,255.61,256.8,256.11,255.61,251.2,251.81,251.9,252.4,252.4,253.81,256.0,257.4,258.0,257.3,257.3,251.11,251.4,251.4,252.4,253.81,255.9,257.9,257.8,258.0,258.0,258.61,252.31,252.31,252.61,253.31,255.7,258.71,259.3,258.5,258.5,257.8,260.61,253.61,254.5,255.5,256.21,255.7,258.71,259.3,259.3,258.5,257.8,260.61,253.61,254.5,255.5,256.21,258.11,258.11,259.8,260.0,259.8,259.71,260.5,255.7,257.11,258.0,259.5,259.5,259.71,259.8,260.11,260.71,260.9,259.61,258.5,258.8,259.3,259.3,260.0,260.4,260.3,259.9,260.11,260.0,260.0,261.0,260.5,260.5,259.8,259.8,260.3,259.9,259.61,259.61,258.9,259.21
2021-07-04 11:00:00,231.4,231.5,228.81,229.81,230.5,228.9,227.5,227.5,227.4,226.7,227.5,231.4,231.5,228.81,229.81,230.5,229.81,229.81,227.7,227.5,226.9,226.7,230.61,231.81,231.7,230.81,229.61,229.61,230.11,228.9,228.5,228.31,227.11,230.7,231.81,232.81,230.9,230.9,230.0,229.5,229.7,229.81,228.9,228.9,232.9,233.4,233.4,231.9,229.31,228.61,228.9,229.7,230.2,230.2,229.11,234.2,234.2,233.7,230.11,227.2,227.0,227.9,230.0,230.0,229.81,228.61,229.7,230.2,230.4,228.31,227.2,227.0,227.9,227.9,230.0,229.81,228.61,229.7,230.2,230.4,228.31,226.61,226.61,225.4,227.0,228.61,229.7,228.81,229.0,227.2,226.11,226.4,226.4,225.4,224.5,225.4,228.2,229.31,228.5,228.5,226.2,225.0,225.0,223.81,223.61,225.31,225.81,226.31,228.4,228.4,227.2,226.2,226.2,224.61,222.9,222.7,224.9,225.9,225.9,225.81,226.5
2021-07-08 04:00:00,218.5,219.0,218.2,218.2,219.2,218.5,219.0,219.0,219.4,219.5,220.11,218.5,219.0,218.2,218.2,219.2,219.2,219.2,219.61,219.5,220.31,220.7,219.4,219.61,218.7,219.2,219.61,219.61,219.61,220.11,219.81,220.4,220.81,220.9,219.9,219.5,219.9,219.9,219.9,220.11,220.31,220.5,221.0,221.0,221.5,221.11,221.11,221.11,220.7,220.31,220.5,221.0,221.31,221.31,221.11,222.61,222.61,222.11,221.7,221.5,220.81,221.0,221.4,221.4,222.0,222.2,223.31,223.0,223.5,222.61,221.5,220.81,221.0,221.0,221.4,222.0,222.2,223.31,223.0,223.5,222.61,222.0,222.0,221.5,221.61,222.4,222.9,222.5,223.61,224.2,224.2,223.31,223.31,222.7,222.4,222.31,223.31,223.2,223.9,224.0,224.2,224.4,224.4,223.31,223.4,223.11,223.61,224.0,224.2,224.2,224.4,224.5,224.5,224.4,223.61,223.9,224.2,224.7,224.7,225.0,225.11
2021-06-24 01:00:00,290.79,290.79,290.6,290.29,290.39,290.0,288.89,288.89,288.29,288.2,288.2,290.79,290.79,290.6,290.29,290.39,290.0,290.0,289.6,289.1,288.7,288.29,290.7,290.5,290.39,290.29,290.29,290.29,290.1,290.0,289.6,289.5,288.79,290.5,290.2,290.0,290.29,290.29,290.39,290.1,290.0,289.89,289.5,289.5,290.6,290.29,290.29,290.1,290.29,290.39,290.0,289.89,289.7,289.7,289.0,290.5,290.5,290.2,290.1,290.0,289.89,289.7,289.5,289.5,289.1,288.39,290.5,290.39,290.1,290.0,290.0,289.89,289.7,289.7,289.5,289.1,288.39,290.5,290.39,290.1,290.0,290.0,290.0,289.6,289.39,289.1,288.5,288.29,290.6,290.39,290.1,290.0,290.0,289.89,289.5,288.89,288.5,288.1,287.89,290.89,290.6,290.29,290.29,290.1,290.0,289.39,288.79,288.2,288.0,288.0,291.1,290.6,290.6,290.39,290.2,289.79,289.2,288.5,288.5,288.1,287.89
2021-08-09 06:00:00,243.31,244.5,244.4,246.31,249.7,245.9,248.11,248.11,246.81,244.9,244.9,243.31,244.5,244.4,246.31,249.7,250.11,250.11,249.11,247.61,245.4,243.81,242.2,246.11,249.4,251.0,251.2,251.2,252.11,251.2,249.0,245.5,243.0,239.7,248.11,253.9,254.4,254.4,253.11,253.4,252.81,250.0,246.0,246.0,240.81,249.2,249.2,253.5,255.11,254.5,255.5,254.11,250.5,250.5,246.31,242.81,242.81,249.4,252.61,253.7,255.31,256.71,253.9,253.9,250.81,247.31,246.7,245.2,250.5,251.11,253.7,255.31,256.71,256.71,253.9,250.81,247.31,246.7,245.2,250.5,251.11,253.31,253.31,254.9,254.61,251.9,251.2,248.2,248.4,248.4,249.5,249.9,249.9,253.11,253.4,251.9,250.61,249.81,248.61,247.9,246.81,247.2,247.2,249.5,253.5,253.31,251.9,251.11,247.11,247.11,246.9,244.0,244.0,245.11,251.4,254.11,252.31,252.7,252.7,250.5,244.2
2021-08-17 09:00:00,293.0,293.1,292.5,291.29,288.0,289.5,286.79,286.79,284.39,283.7,282.0,293.0,293.1,292.5,291.29,288.0,284.29,284.29,279.5,275.6,275.0,273.2,292.2,291.2,290.6,289.39,285.0,285.0,277.89,271.0,265.9,263.8,259.5,290.0,287.5,286.39,285.1,285.1,278.7,270.3,262.0,256.71,251.11,251.11,287.2,282.6,282.6,279.2,273.0,267.5,257.21,253.5,249.31,249.31,245.9,282.6,282.6,276.39,267.4,260.8,252.61,245.5,244.5,244.5,243.4,243.2,279.7,272.71,262.11,254.5,260.8,252.61,245.5,245.5,244.5,243.4,243.2,279.7,272.71,262.11,254.5,249.4,249.4,246.4,242.5,241.4,242.81,245.7,277.79,262.5,250.11,247.81,247.81,243.11,246.81,248.4,246.2,249.31,254.0,274.29,263.3,256.11,256.11,252.0,249.2,254.7,258.8,258.5,260.21,260.21,270.9,268.0,268.0,266.61,263.61,261.4,265.61,270.5,270.5,270.9,270.61
2021-08-22 10:00:00,232.2,234.4,235.31,235.31,235.2,242.81,244.61,244.61,244.7,244.81,245.5,232.2,234.4,235.31,235.31,235.2,237.11,237.11,240.2,241.81,242.31,243.9,230.5,230.81,231.4,232.2,232.5,232.5,233.61,236.9,239.61,240.4,243.2,227.11,227.61,228.61,229.61,229.61,230.0,231.0,234.0,237.31,240.5,240.5,225.11,225.11,225.11,227.2,229.7,230.7,230.4,233.4,237.0,237.0,240.31,223.11,223.11,224.0,227.4,230.81,231.5,230.9,233.81,233.81,237.31,241.31,222.31,223.4,225.61,229.2,230.81,231.5,230.9,230.9,233.81,237.31,241.31,222.31,223.4,225.61,229.2,230.9,230.9,231.61,231.61,234.31,237.81,241.31,221.9,224.2,227.7,229.5,229.5,230.9,231.61,231.81,234.81,237.5,240.2,222.7,224.4,226.11,226.11,227.61,229.4,231.2,231.9,234.61,236.81,236.81,224.0,223.7,223.7,224.2,225.9,227.5,229.0,231.9,231.9,236.0,236.31
2021-06-12 09:00:00,229.11,230.11,232.61,236.7,240.61,236.7,237.31,237.31,240.2,241.81,242.81,229.11,230.11,232.61,236.7,240.61,241.61,241.61,241.61,243.2,244.9,244.81,232.2,233.2,236.9,240.11,244.81,244.81,246.2,246.61,246.81,247.31,247.81,236.81,237.5,240.2,244.4,244.4,248.31,250.61,250.0,250.7,250.81,250.81,241.0,242.31,242.31,245.2,248.9,251.81,254.2,254.2,255.81,255.81,254.9,246.7,246.7,248.5,252.11,254.4,256.5,257.9,259.3,259.3,260.9,260.5,253.0,253.31,254.2,258.5,254.4,256.5,257.9,257.9,259.3,260.9,260.5,253.0,253.31,254.2,258.5,260.11,260.11,260.71,262.61,263.71,266.11,266.8,259.61,259.61,261.3,264.11,264.11,265.9,266.8,266.61,268.9,270.8,270.9,266.11,266.71,267.71,267.71,270.71,272.21,271.3,271.9,275.1,274.39,274.39,271.8,272.11,272.11,273.5,275.6,277.29,276.39,277.1,277.1,279.0,277.7
2021-06-21 04:00:00,287.5,288.2,287.7,287.5,288.6,293.89,293.89,293.89,293.5,293.2,292.6,287.5,288.2,287.7,287.5,288.6,289.2,289.2,289.1,288.79,289.39,289.89,280.7,280.39,281.7,283.29,283.29,283.29,282.89,284.6,286.0,287.2,287.39,275.89,273.5,276.6,279.39,279.39,278.5,277.39,279.7,284.7,285.7,285.7,275.6,274.7,274.7,277.2,278.1,277.6,276.0,276.1,283.5,283.5,284.1,279.29,279.29,278.0,278.7,279.6,276.5,276.2,276.6,276.6,281.2,285.39,286.6,283.2,283.2,282.29,279.6,276.5,276.2,276.2,276.6,281.2,285.39,286.6,283.2,283.2,282.29,281.1,281.1,277.5,275.1,276.2,280.5,285.1,291.1,289.1,287.6,285.7,285.7,282.29,277.0,274.1,273.39,278.1,283.5,291.39,290.0,287.5,287.5,284.7,282.1,277.0,272.8,272.8,275.29,275.29,290.79,288.79,288.79,286.79,284.79,280.79,276.0,271.3,271.3,268.9,271.71
2021-07-26 05:00:00,259.0,262.0,262.61,261.71,261.61,254.7,247.11,247.11,248.2,247.81,247.31,259.0,262.0,262.61,261.71,261.61,260.5,260.5,256.8,255.31,255.0,251.61,262.21,264.9,265.4,264.9,264.61,264.61,264.8,263.8,261.8,259.9,258.4,264.0,264.3,264.21,264.71,264.71,265.5,266.8,267.4,266.3,263.61,263.61,260.5,260.3,260.3,260.3,259.8,259.4,262.21,264.61,265.21,265.21,264.11,253.7,253.7,254.2,253.61,252.61,252.11,254.2,257.0,257.0,259.5,262.11,245.5,245.5,244.31,243.0,252.61,252.11,254.2,254.2,257.0,259.5,262.11,245.5,245.5,244.31,243.0,243.31,243.31,245.61,246.5,248.7,252.7,253.5,238.31,236.2,233.61,232.31,232.31,234.5,236.2,239.0,242.7,244.5,246.2,232.31,230.7,228.11,228.11,228.2,227.61,229.7,232.2,236.4,238.31,238.31,229.11,227.0,227.0,225.7,224.2,223.5,225.61,228.0,228.0,230.81,234.9
2021-06-07 02:00:00,292.89,291.6,292.39,293.2,293.39,293.39,292.1,292.1,290.89,291.1,292.89,292.89,291.6,292.39,293.2,293.39,294.39,294.39,293.29,289.79,289.89,290.6,292.7,293.2,293.29,293.2,292.5,292.5,290.6,288.5,289.89,291.7,290.39,292.39,293.89,293.6,293.0,293.0,291.1,286.29,286.1,289.39,291.29,291.29,286.29,289.0,289.0,292.29,291.39,286.2,287.2,287.89,286.89,286.89,287.89,279.89,279.89,283.89,285.79,287.29,288.1,286.29,285.7,285.7,285.0,282.29,277.6,279.2,281.0,282.7,287.29,288.1,286.29,286.29,285.7,285.0,282.29,277.6,279.2,281.0,282.7,283.5,283.5,283.2,282.79,282.29,282.29,283.1,275.2,278.39,280.6,279.79,279.79,280.0,280.6,279.2,278.79,281.0,283.79,275.0,277.29,278.1,278.1,278.2,278.5,278.89,277.29,277.6,281.29,281.29,275.1,275.5,275.5,276.6,277.6,278.5,277.29,276.7,276.7,278.2,282.29
2021-06-16 06:00:00,286.7,287.2,287.39,287.79,287.29,288.0,288.1,288.1,288.2,288.29,288.39,286.7,287.2,287.39,287.79,287.29,287.79,287.79,288.2,288.2,288.2,288.5,286.89,287.2,287.6,287.89,287.7,287.7,288.0,288.1,288.29,288.39,288.39,287.2,287.29,287.5,287.89,287.89,288.0,288.0,288.2,288.2,288.5,288.5,287.29,287.7,287.7,287.89,288.1,288.1,288.2,288.2,288.5,288.5,288.39,287.5,287.5,288.0,288.0,288.1,288.29,288.2,288.29,288.29,288.5,288.6,287.5,287.89,288.0,288.1,288.1,288.29,288.2,288.2,288.29,288.5,288.6,287.5,287.89,288.0,288.1,288.2,288.2,288.29,288.39,288.39,288.6,288.6,287.7,287.79,287.89,288.0,288.0,288.29,288.29,288.5,288.7,288.29,288.79,287.39,287.79,287.89,287.89,288.0,288.29,288.5,288.6,288.5,288.5,288.5,287.29,287.39,287.39,287.79,288.1,288.2,288.29,288.39,288.39,288.5,288.29
2021-08-06 06:00:00,250.4,253.0,247.11,242.31,241.61,247.11,248.61,248.61,249.7,250.5,256.3,250.4,253.0,247.11,242.31,241.61,244.81,244.81,249.5,248.4,255.0,258.8,254.61,251.0,249.31,246.9,242.7,242.7,243.5,249.81,249.4,255.2,252.0,254.2,249.5,251.0,251.4,251.4,241.9,242.4,249.31,250.81,246.5,246.5,256.71,251.5,251.5,250.31,250.11,241.61,239.61,245.2,242.61,242.61,236.4,263.61,263.61,253.4,251.0,248.11,241.0,237.7,235.0,235.0,231.11,230.2,273.0,268.4,258.0,255.81,248.11,241.0,237.7,237.7,235.0,231.11,230.2,273.0,268.4,258.0,255.81,246.31,246.31,238.61,232.7,226.11,221.5,223.0,275.2,270.61,263.61,258.9,258.9,247.11,238.61,230.2,222.11,217.0,216.31,276.89,270.4,264.11,264.11,260.3,253.61,244.81,236.61,228.31,224.7,224.7,277.89,270.0,270.0,264.0,261.21,260.21,254.31,245.2,245.2,237.0,235.7
2021-08-23 09:00:00,261.9,255.5,249.31,241.5,229.5,223.81,216.7,216.7,208.9,203.5,202.0,261.9,255.5,249.31,241.5,229.5,219.61,219.61,211.81,204.81,201.61,199.39999999999998,263.11,256.8,248.11,237.61,227.2,227.2,216.7,208.2,205.4,203.2,201.89999999999998,266.21,256.9,244.7,235.2,235.2,225.2,214.81,208.7,205.4,204.39999999999998,204.39999999999998,260.5,251.81,251.81,244.11,233.4,224.0,214.4,208.11,204.61,204.61,203.0,250.81,250.81,246.0,242.11,231.31,221.7,212.9,206.31,206.31,203.31,201.39999999999998,251.7,247.7,245.2,240.31,231.31,221.7,212.9,212.9,206.31,203.31,201.39999999999998,251.7,247.7,245.2,240.31,228.61,228.61,214.11,208.2,205.31,202.39999999999998,201.2,243.0,244.2,244.0,238.9,238.9,224.0,208.11,203.39999999999998,203.0,202.39999999999998,200.61,242.0,238.5,241.2,241.2,236.2,219.81,204.81,202.0,201.0,201.5,201.5,244.5,241.0,241.0,236.11,229.11,215.11,203.0,201.39999999999998,201.39999999999998,200.0,200.31
2021-07-16 23:00:00,272.3,272.0,271.8,271.5,271.11,270.8,270.71,270.71,270.61,270.61,270.71,272.3,272.0,271.8,271.5,271.11,270.8,270.8,270.8,270.5,270.61,270.3,273.0,272.8,272.11,271.61,271.11,271.11,270.9,270.8,270.61,270.71,271.21,273.39,273.0,272.3,271.71,271.71,271.3,271.21,270.9,271.3,272.0,272.0,272.8,272.21,272.21,271.8,271.9,272.3,272.71,273.5,273.89,273.89,274.2,271.5,271.5,271.71,272.0,272.8,273.89,275.5,276.5,276.5,277.2,277.29,271.4,271.71,272.21,273.0,272.8,273.89,275.5,275.5,276.5,277.2,277.29,271.4,271.71,272.21,273.0,274.5,274.5,276.2,278.29,279.79,280.2,280.7,272.9,273.29,274.0,274.79,274.79,276.39,279.6,281.2,281.1,282.89,285.5,276.39,277.5,278.7,278.7,278.7,279.6,282.0,283.6,284.2,285.5,285.5,280.79,282.2,282.2,283.79,282.7,283.1,284.7,285.79,285.79,286.7,287.5
2021-07-31 00:00:00,290.39,290.1,289.89,289.7,289.5,289.6,285.6,285.6,280.0,282.79,285.7,290.39,290.1,289.89,289.7,289.5,289.39,289.39,285.39,278.2,280.0,285.0,290.6,290.2,290.1,289.6,289.39,289.39,288.2,282.6,278.29,279.1,285.6,290.6,290.5,290.2,289.89,289.89,288.5,285.5,282.7,277.29,279.2,279.2,290.5,290.6,290.6,290.5,289.6,287.39,285.39,279.2,277.2,277.2,284.7,290.5,290.5,290.39,290.29,288.7,287.6,284.6,275.79,275.79,279.29,288.0,290.7,290.6,290.2,289.5,288.7,287.6,284.6,284.6,275.79,279.29,288.0,290.7,290.6,290.2,289.5,288.89,288.89,288.1,281.5,275.0,283.39,289.5,290.79,290.5,289.79,289.7,289.7,289.5,287.29,278.39,278.29,286.29,289.29,290.89,290.79,291.0,291.0,290.29,289.7,285.89,279.39,284.29,287.6,287.6,290.79,291.0,291.0,291.6,291.89,290.5,282.1,283.5,283.5,288.29,288.7
2021-08-04 09:00:00,291.0,290.89,290.79,291.0,291.29,291.39,291.5,291.5,291.5,291.5,291.79,291.0,290.89,290.79,291.0,291.29,291.39,291.39,291.39,291.39,291.5,291.39,290.7,290.79,290.6,290.89,291.29,291.29,291.2,291.2,291.39,291.39,291.39,290.6,290.6,290.6,290.79,290.79,290.79,291.0,291.1,291.29,291.29,291.29,290.7,290.7,290.7,290.6,290.7,290.7,290.89,291.0,291.1,291.1,291.1,290.7,290.7,290.6,290.6,290.5,290.5,290.7,290.89,290.89,291.0,290.79,290.39,290.29,290.39,290.39,290.5,290.5,290.7,290.7,290.89,291.0,290.79,290.39,290.29,290.39,290.39,290.29,290.29,290.29,290.6,290.6,290.7,290.79,290.1,289.89,290.1,290.29,290.29,290.2,290.2,290.5,290.6,290.5,290.5,290.29,290.29,290.2,290.2,290.0,290.1,290.39,290.39,290.39,290.29,290.29,290.39,290.6,290.6,290.29,289.89,290.1,290.39,290.29,290.29,290.29,290.39
2021-06-05 10:00:00,295.0,295.2,295.29,295.29,295.6,295.7,295.29,295.29,295.29,294.7,294.7,295.0,295.2,295.29,295.29,295.6,295.7,295.7,295.5,295.5,295.1,294.79,294.6,294.79,294.89,295.1,295.39,295.39,295.39,295.5,295.7,295.29,294.39,294.5,294.39,294.39,295.0,295.0,295.0,294.89,295.2,295.29,294.7,294.7,294.1,293.79,293.79,293.6,293.6,293.89,293.79,293.39,292.7,292.7,291.89,294.1,294.1,293.2,292.79,292.5,292.29,291.7,291.0,291.0,289.6,288.79,294.29,293.89,293.39,293.0,292.5,292.29,291.7,291.7,291.0,289.6,288.79,294.29,293.89,293.39,293.0,292.2,292.2,290.5,286.89,287.29,288.29,287.5,293.7,293.7,293.39,293.5,293.5,292.5,288.6,284.29,281.1,287.79,290.39,292.29,292.39,292.29,292.29,292.29,292.0,290.29,286.1,280.39,288.0,288.0,291.5,291.29,291.29,291.39,292.0,291.79,289.7,288.0,288.0,287.0,287.7
2021-07-03 01:00:00,217.61,218.4,220.5,227.11,224.7,225.5,224.2,224.2,226.4,229.0,231.4,217.61,218.4,220.5,227.11,224.7,225.31,225.31,226.61,227.7,230.4,232.61,216.7,218.81,222.9,225.4,223.31,223.31,224.9,229.4,231.0,233.11,235.31,217.2,220.0,224.4,224.0,224.0,223.31,225.61,231.61,234.31,236.4,236.4,218.11,220.4,220.4,220.7,223.31,222.11,227.4,233.11,234.9,234.9,235.4,217.5,217.5,219.31,219.7,220.61,222.7,228.2,231.81,231.81,234.31,233.9,217.61,220.0,218.11,218.31,220.61,222.7,228.2,228.2,231.81,234.31,233.9,217.61,220.0,218.11,218.31,220.31,220.31,222.5,226.4,229.0,231.5,234.61,218.9,220.31,217.4,218.11,218.11,220.2,221.5,224.2,225.61,228.2,232.31,218.7,219.2,218.31,218.31,218.31,220.31,220.31,222.9,223.7,224.81,224.81,217.9,217.81,217.81,218.5,218.9,220.11,218.11,222.11,222.11,223.61,221.5
2021-08-26 08:00:00,271.0,267.8,263.21,265.61,273.2,275.5,277.1,277.1,270.3,261.11,258.61,271.0,267.8,263.21,265.61,273.2,279.1,279.1,276.0,267.21,262.3,261.3,266.21,261.61,258.0,263.0,273.0,273.0,277.39,275.0,267.71,262.3,262.5,259.5,256.71,257.71,262.4,262.4,269.8,274.6,273.6,268.61,264.5,264.5,256.71,256.3,256.3,261.4,262.8,266.71,271.3,271.71,268.3,268.3,265.8,257.11,257.11,258.5,260.4,264.11,266.9,267.4,268.0,268.0,267.9,265.9,253.61,257.11,259.71,263.0,264.11,266.9,267.4,267.4,268.0,267.9,265.9,253.61,257.11,259.71,263.0,264.11,264.11,264.5,266.11,266.0,265.71,264.71,251.61,257.5,261.61,263.61,263.61,264.11,264.9,264.5,263.9,263.0,261.11,251.4,255.9,260.5,260.5,262.8,263.0,265.61,262.3,259.11,260.0,260.0,252.81,256.3,256.3,258.71,259.61,261.5,263.0,259.61,259.61,254.61,256.21
2021-06-08 23:00:00,289.79,290.0,289.89,290.0,289.89,287.7,287.89,287.89,288.2,288.6,287.89,289.79,290.0,289.89,290.0,289.89,289.2,289.2,288.6,288.39,288.29,288.0,291.39,291.39,291.39,291.2,290.7,290.7,289.5,289.29,288.7,288.6,289.29,291.89,292.0,292.29,292.0,292.0,290.5,289.5,289.2,288.79,289.5,289.5,290.7,291.1,291.1,291.29,291.2,290.2,289.6,288.79,289.1,289.1,289.89,289.7,289.7,289.79,289.5,290.2,289.7,289.29,289.0,289.0,289.1,289.5,288.5,288.2,288.2,288.5,290.2,289.7,289.29,289.29,289.0,289.1,289.5,288.5,288.2,288.2,288.5,288.6,288.6,288.5,288.39,288.5,289.2,289.2,287.29,286.79,287.1,286.79,286.79,287.39,287.7,287.5,288.39,289.0,288.7,286.7,286.5,286.39,286.39,286.1,286.7,287.29,287.29,288.0,288.29,288.29,286.7,286.39,286.39,286.2,286.29,286.39,286.6,287.2,287.2,287.6,287.79
2021-07-17 00:00:00,271.9,272.0,272.0,271.61,271.21,271.71,271.4,271.4,271.71,272.11,272.61,271.9,272.0,272.0,271.61,271.21,271.11,271.11,271.21,271.9,272.61,272.4,272.11,272.11,272.0,271.61,271.5,271.5,271.4,271.4,271.9,272.71,272.3,272.21,272.21,271.8,271.8,271.8,271.61,271.71,272.0,272.21,272.0,272.0,272.21,272.3,272.3,272.0,271.9,271.61,271.4,271.71,272.21,272.21,272.3,272.4,272.4,272.71,272.61,272.8,272.4,272.4,272.71,272.71,273.2,273.7,272.9,272.8,273.0,273.2,272.8,272.4,272.4,272.4,272.71,273.2,273.7,272.9,272.8,273.0,273.2,273.89,273.89,274.79,275.7,275.39,274.79,274.5,273.39,273.29,273.6,274.6,274.6,275.5,277.0,279.1,279.0,276.89,276.0,273.39,275.0,277.0,277.0,276.7,278.29,279.39,280.6,281.6,281.0,281.0,274.2,276.1,276.1,279.79,281.29,281.39,280.89,282.5,282.5,284.5,284.39
2021-06-08 00:00:00,280.0,283.39,279.1,280.6,283.7,281.7,283.2,283.2,280.7,278.1,278.89,280.0,283.39,279.1,280.6,283.7,283.89,283.89,284.1,283.89,280.79,280.79,287.29,286.89,284.0,285.39,284.5,284.5,285.29,285.7,286.6,285.1,283.29,290.79,289.2,288.1,289.5,289.5,287.39,286.39,287.7,288.6,288.0,288.0,290.0,289.2,289.2,290.2,292.0,290.6,289.0,289.6,290.1,290.1,288.7,287.0,287.0,287.2,291.1,293.2,290.7,291.0,292.0,292.0,290.5,288.1,286.2,288.1,285.6,289.29,293.2,290.7,291.0,291.0,292.0,290.5,288.1,286.2,288.1,285.6,289.29,292.39,292.39,292.2,292.0,291.6,289.7,286.79,283.6,284.39,284.39,286.1,286.1,289.5,291.29,290.5,289.0,287.0,284.89,281.39,277.2,281.1,281.1,284.29,285.1,285.29,285.2,284.5,283.2,283.2,277.39,271.61,271.61,276.79,279.39,279.79,278.79,278.1,278.1,278.1,278.2
2021-06-30 06:00:00,288.5,290.0,292.5,293.79,294.79,295.1,295.0,295.0,294.79,294.29,294.1,288.5,290.0,292.5,293.79,294.79,295.1,295.1,295.0,294.7,294.29,293.89,290.0,290.7,292.39,294.5,295.39,295.39,294.89,294.7,294.7,294.39,293.7,290.79,291.7,293.5,294.79,294.79,295.1,294.89,294.79,294.5,294.29,294.29,291.6,293.0,293.0,293.89,294.89,294.89,294.89,294.79,294.1,294.1,293.2,292.89,292.89,294.0,294.6,294.7,294.89,294.7,294.39,294.39,293.29,292.39,293.0,293.89,294.5,294.6,294.7,294.89,294.7,294.7,294.39,293.29,292.39,293.0,293.89,294.5,294.6,294.79,294.79,294.6,294.5,293.29,292.5,292.1,294.5,295.0,295.0,295.0,295.0,294.7,294.6,293.7,292.79,291.7,291.79,295.5,295.5,295.5,295.5,295.1,294.79,294.2,293.1,292.2,291.89,291.89,296.0,295.89,295.89,295.79,295.39,294.7,293.2,292.39,292.39,292.1,291.89
2021-07-18 00:00:00,289.6,289.6,290.0,290.2,290.0,290.29,290.39,290.39,290.39,289.89,289.89,289.6,289.6,290.0,290.2,290.0,290.2,290.2,290.1,290.0,289.79,289.89,289.6,290.0,290.0,290.2,290.1,290.1,289.89,289.89,289.6,289.6,289.89,289.79,290.0,290.39,290.1,290.1,289.7,289.5,289.7,289.5,289.29,289.29,289.89,290.0,290.0,289.89,290.1,289.79,289.29,289.0,289.5,289.5,290.0,289.7,289.7,289.7,289.79,289.79,289.5,289.0,289.1,289.1,289.5,290.2,289.6,289.6,289.6,289.79,289.79,289.5,289.0,289.0,289.1,289.5,290.2,289.6,289.6,289.6,289.79,289.39,289.39,289.0,289.2,289.1,289.6,290.1,289.39,289.7,289.5,289.6,289.6,289.0,288.79,289.2,289.5,289.6,290.2,289.5,289.5,289.7,289.7,289.29,289.0,289.2,289.1,289.5,289.79,289.79,289.39,289.7,289.7,289.6,289.1,289.39,289.29,289.2,289.2,289.5,289.79
2021-07-18 04:00:00,292.0,292.1,292.2,292.5,292.6,292.6,292.7,292.7,292.6,292.2,292.1,292.0,292.1,292.2,292.5,292.6,292.89,292.89,292.7,292.6,292.29,291.79,292.0,292.2,292.1,292.39,292.79,292.79,292.7,292.6,292.79,292.39,291.89,291.89,292.0,292.0,292.39,292.39,292.39,292.5,292.79,292.7,292.39,292.39,291.6,291.7,291.7,292.1,292.5,292.7,292.6,292.89,292.39,292.39,291.89,291.29,291.29,291.5,291.89,292.5,292.79,292.6,292.29,292.29,292.0,291.1,291.0,291.1,291.6,291.89,292.5,292.79,292.6,292.6,292.29,292.0,291.1,291.0,291.1,291.6,291.89,292.39,292.39,292.6,292.29,291.89,291.2,290.7,290.89,291.29,291.7,291.89,291.89,292.39,292.29,292.0,291.29,290.7,290.6,291.5,291.79,291.89,291.89,292.0,292.29,292.0,291.39,290.79,290.6,290.6,292.1,292.0,292.0,292.2,292.29,292.1,291.39,290.6,290.6,290.5,290.39
2021-07-18 10:00:00,291.6,291.39,291.39,291.29,291.39,291.39,291.1,291.1,290.89,290.5,290.6,291.6,291.39,291.39,291.29,291.39,291.39,291.39,291.2,290.7,290.5,290.6,291.5,291.29,291.1,291.1,291.2,291.2,291.29,290.79,290.6,290.79,291.1,291.29,291.2,291.29,290.89,290.89,291.0,291.1,290.7,290.6,290.79,290.79,291.2,291.5,291.5,291.29,291.0,291.2,290.79,290.6,290.89,290.89,291.1,291.5,291.5,291.5,291.5,291.1,290.89,290.7,290.89,290.89,291.2,291.0,291.5,291.6,291.7,291.2,291.1,290.89,290.7,290.7,290.89,291.2,291.0,291.5,291.6,291.7,291.2,291.2,291.2,290.7,290.6,291.1,291.2,291.2,291.39,291.29,291.2,291.1,291.1,290.6,290.6,290.79,291.1,291.29,291.2,291.1,291.0,290.39,290.39,289.89,290.2,290.89,291.1,291.0,291.0,291.0,290.7,290.39,290.39,289.2,289.5,289.7,290.6,291.29,291.29,291.2,290.7
2021-07-28 03:00:00,224.5,225.31,225.4,225.9,226.61,227.5,228.7,228.7,228.61,230.9,234.81,224.5,225.31,225.4,225.9,226.61,228.0,228.0,229.11,229.81,232.31,237.4,225.81,225.61,225.2,225.61,226.31,226.31,227.5,229.31,231.0,234.31,238.7,225.2,225.4,225.11,224.7,224.7,225.81,227.11,229.11,232.0,235.61,235.61,224.0,224.5,224.5,224.0,223.5,224.4,226.31,228.81,232.61,232.61,234.31,222.61,222.61,223.0,221.9,222.81,223.61,225.61,228.61,228.61,231.31,233.7,220.7,219.61,219.7,219.61,222.81,223.61,225.61,225.61,228.61,231.31,233.7,220.7,219.61,219.7,219.61,222.61,222.61,224.61,228.2,229.81,229.4,230.0,219.81,218.0,216.9,216.81,216.81,222.11,226.61,229.7,229.2,227.2,226.81,219.4,218.61,217.4,217.4,219.2,223.11,225.9,227.4,227.11,226.61,226.61,219.5,218.4,218.4,220.11,223.31,224.9,225.11,224.9,224.9,225.31,226.5
2021-07-10 11:00:00,275.5,276.29,276.5,277.2,276.6,284.5,285.29,285.29,285.2,282.0,280.2,275.5,276.29,276.5,277.2,276.6,278.7,278.7,279.39,279.89,280.1,279.79,271.4,270.9,271.21,272.3,272.11,272.11,273.2,274.6,275.89,277.0,278.2,269.0,267.5,268.11,269.0,269.0,269.71,270.0,271.61,273.6,274.89,274.89,272.3,271.5,271.5,271.71,271.5,270.9,272.9,274.0,275.7,275.7,277.1,276.89,276.89,278.0,277.39,276.1,276.7,277.29,277.89,277.89,278.89,280.2,278.39,281.39,283.2,283.1,276.1,276.7,277.29,277.29,277.89,278.89,280.2,278.39,281.39,283.2,283.1,282.29,282.29,282.5,282.79,283.2,282.89,283.39,282.7,285.2,287.89,288.0,288.0,288.2,288.5,288.2,287.1,286.7,286.7,284.39,286.89,289.39,289.39,290.29,289.89,289.5,289.39,288.2,288.29,288.29,285.2,287.1,287.1,288.5,289.1,289.2,288.89,288.0,288.0,287.79,287.79
2021-07-12 22:00:00,225.61,226.2,226.4,227.11,228.2,228.2,229.0,229.0,230.31,231.9,232.9,225.61,226.2,226.4,227.11,228.2,228.31,228.31,229.31,231.5,234.11,235.11,225.2,225.9,226.4,227.4,228.5,228.5,229.81,230.9,233.11,236.5,236.4,225.81,225.7,226.7,228.0,228.0,229.7,232.11,234.11,236.11,237.81,237.81,225.9,226.7,226.7,227.7,229.2,230.81,234.81,238.9,239.2,239.2,238.2,226.7,226.7,227.9,228.9,230.5,233.2,237.5,241.2,241.2,241.5,241.5,227.11,228.2,229.61,230.61,230.5,233.2,237.5,237.5,241.2,241.5,241.5,227.11,228.2,229.61,230.61,232.7,232.7,235.4,238.5,240.81,243.5,246.31,228.5,229.7,231.0,233.0,233.0,234.31,235.4,238.4,242.2,244.9,247.7,229.4,230.61,232.2,232.2,233.11,234.61,236.11,240.31,242.81,243.7,243.7,230.2,231.61,231.61,232.81,233.2,234.0,237.61,241.31,241.31,242.5,242.7
2021-07-22 06:00:00,290.79,291.0,291.5,292.0,292.39,292.39,292.5,292.5,292.7,292.6,292.5,290.79,291.0,291.5,292.0,292.39,292.39,292.39,292.39,292.79,292.6,292.29,290.29,291.1,291.39,291.79,291.89,291.89,291.79,292.0,292.39,292.79,292.6,290.89,291.0,291.0,291.6,291.6,291.39,291.29,291.6,292.2,293.0,293.0,291.1,291.0,291.0,291.1,291.5,291.39,291.6,291.5,291.79,291.79,292.6,291.1,291.1,291.29,291.0,291.2,291.89,291.89,291.5,291.5,291.6,291.89,291.79,291.89,291.5,291.29,291.2,291.89,291.89,291.89,291.5,291.6,291.89,291.79,291.89,291.5,291.29,291.6,291.6,291.79,291.89,291.5,291.39,291.5,292.29,292.39,291.7,291.89,291.89,291.89,291.79,291.89,291.5,291.5,291.5,292.1,291.79,292.0,292.0,291.79,291.79,291.7,291.6,291.6,291.39,291.39,291.6,291.89,291.89,291.89,291.6,291.5,291.39,291.5,291.5,291.6,291.7
2021-08-02 02:00:00,292.7,292.39,292.6,292.5,292.7,292.6,293.0,293.0,293.1,292.89,292.7,292.7,292.39,292.6,292.5,292.7,292.6,292.6,292.7,293.2,293.0,292.5,292.5,292.39,292.6,292.5,292.5,292.5,292.6,292.89,292.89,293.0,292.39,292.5,292.5,292.5,292.39,292.39,292.7,292.6,292.79,292.79,293.0,293.0,292.5,292.39,292.39,292.39,292.6,292.39,292.6,292.6,292.79,292.79,292.5,292.1,292.1,292.2,292.6,292.6,292.6,292.5,292.39,292.39,292.6,292.39,292.39,292.29,292.29,292.29,292.6,292.6,292.5,292.5,292.39,292.6,292.39,292.39,292.29,292.29,292.29,292.7,292.7,292.5,292.5,292.6,292.1,292.1,292.39,292.1,292.2,292.2,292.2,292.6,292.6,292.6,292.29,291.89,292.0,292.39,292.1,292.29,292.29,292.29,292.6,292.5,292.7,292.1,292.2,292.2,292.5,292.39,292.39,292.29,292.6,292.5,292.6,292.6,292.6,292.5,292.29
2021-08-12 02:00:00,250.61,249.4,250.0,249.7,248.31,243.7,243.7,243.7,242.5,239.81,239.31,250.61,249.4,250.0,249.7,248.31,247.2,247.2,246.2,243.5,240.9,239.31,254.81,253.9,254.11,254.11,252.7,252.7,250.11,247.61,244.9,243.2,241.7,258.0,257.0,258.0,257.4,257.4,255.4,252.4,249.0,246.9,245.31,245.31,258.9,259.21,259.21,259.0,258.3,256.71,253.7,251.5,249.9,249.9,248.7,259.8,259.8,259.61,259.0,257.9,256.4,254.81,253.11,253.11,252.5,254.5,261.11,259.8,258.61,258.9,257.9,256.4,254.81,254.81,253.11,252.5,254.5,261.11,259.8,258.61,258.9,257.61,257.61,255.7,256.0,255.9,256.4,257.5,263.3,260.0,259.3,258.9,258.9,257.61,256.9,256.9,258.61,259.5,259.3,264.11,264.9,262.61,262.61,260.21,259.0,259.11,259.61,260.21,260.71,260.71,266.4,267.71,267.71,266.8,262.11,261.3,261.61,262.3,262.3,261.61,261.0
2021-08-12 22:00:00,257.71,257.8,258.0,259.0,260.3,260.8,261.4,261.4,261.3,260.5,258.61,257.71,257.8,258.0,259.0,260.3,260.11,260.11,260.61,260.71,260.0,258.8,257.5,257.71,257.11,258.11,259.61,259.61,259.3,259.3,260.0,259.4,259.61,257.11,257.3,257.0,257.3,257.3,258.3,258.71,258.4,259.11,259.61,259.61,257.0,257.0,257.0,256.9,257.0,257.21,257.71,258.21,258.5,258.5,258.5,256.4,256.4,256.8,257.0,256.9,256.9,256.71,257.3,257.3,257.5,258.61,255.7,255.5,256.11,257.0,256.9,256.9,256.71,256.71,257.3,257.5,258.61,255.7,255.5,256.11,257.0,257.11,257.11,256.5,256.11,256.61,256.71,257.21,255.11,254.11,255.5,256.8,256.8,257.21,256.8,255.9,255.4,256.21,256.21,254.7,254.5,255.5,255.5,256.4,257.0,256.8,255.9,255.61,255.31,255.31,253.9,254.7,254.7,254.9,255.5,256.11,256.11,255.81,255.81,254.9,254.31
2021-08-17 10:00:00,286.5,288.89,290.29,288.0,284.7,287.2,288.2,288.2,288.5,288.1,287.2,286.5,288.89,290.29,288.0,284.7,285.29,285.29,287.89,287.7,285.39,284.7,283.29,286.6,287.2,287.7,288.79,288.79,287.1,286.1,286.7,284.79,283.89,282.1,284.1,285.5,288.2,288.2,289.39,289.0,288.39,285.29,283.1,283.1,283.29,285.5,285.5,287.39,289.0,289.29,288.79,288.2,286.2,286.2,285.1,285.6,285.6,287.89,289.29,290.1,290.0,289.5,288.89,288.89,288.79,288.6,285.2,287.2,289.0,289.79,290.1,290.0,289.5,289.5,288.89,288.79,288.6,285.2,287.2,289.0,289.79,290.5,290.5,290.39,290.5,290.39,290.39,290.2,287.29,288.5,289.79,290.0,290.0,290.7,290.7,291.1,291.29,291.1,290.89,287.29,288.29,289.6,289.6,289.89,290.0,290.6,291.2,291.39,291.29,291.29,286.89,287.89,287.89,288.5,288.89,288.79,289.5,290.7,290.7,291.39,291.29
2021-06-06 04:00:00,306.2,305.6,306.1,306.5,307.1,306.7,306.0,306.0,305.0,303.6,301.5,306.2,305.6,306.1,306.5,307.1,306.89,306.89,305.89,304.7,302.5,300.5,305.7,305.7,305.89,306.5,307.1,307.1,306.2,304.79,304.2,302.5,300.1,305.89,305.6,306.0,306.6,306.6,306.29,305.29,305.0,303.29,301.39,301.39,306.0,305.2,305.2,305.79,306.29,305.7,305.1,303.79,301.89,301.89,299.6,305.39,305.39,305.1,304.7,305.5,305.6,304.2,302.29,302.29,300.1,296.2,305.0,305.0,304.6,304.29,305.5,305.6,304.2,304.2,302.29,300.1,296.2,305.0,305.0,304.6,304.29,304.5,304.5,304.1,302.6,300.29,297.1,294.7,305.1,304.89,304.39,304.0,304.0,303.79,303.1,301.0,297.0,294.7,294.5,305.0,304.7,304.0,304.0,303.79,303.29,301.6,298.29,294.79,294.29,294.29,305.2,304.39,304.39,303.89,303.6,302.79,299.5,295.5,295.5,294.39,294.29
2021-06-06 01:00:00,301.79,301.5,301.89,302.1,302.29,301.79,301.39,301.39,300.7,299.29,298.2,301.79,301.5,301.89,302.1,302.29,302.0,302.0,301.29,300.6,298.89,297.7,301.7,301.7,301.79,302.1,302.1,302.1,301.6,300.79,300.39,299.29,297.1,301.6,301.79,301.89,302.1,302.1,301.7,301.1,301.0,300.0,298.6,298.6,301.5,301.29,301.29,301.5,301.7,301.7,301.0,300.29,298.89,298.89,296.6,301.0,301.0,301.1,300.89,301.39,301.39,300.5,299.5,299.5,297.2,294.29,300.79,300.79,300.6,300.7,301.39,301.39,300.5,300.5,299.5,297.2,294.29,300.79,300.79,300.6,300.7,301.0,301.0,300.6,299.79,297.6,295.1,293.6,300.79,300.5,300.5,300.5,300.5,300.39,300.39,298.39,295.1,293.39,293.1,300.89,300.5,300.2,300.2,300.39,300.1,299.1,296.2,293.89,293.2,293.2,301.1,300.6,300.6,300.2,300.29,299.79,296.79,294.2,294.2,293.7,293.29
2021-07-10 10:00:00,285.89,286.5,287.29,287.1,287.89,288.29,285.89,285.89,285.79,288.5,288.5,285.89,286.5,287.29,287.1,287.89,287.0,287.0,285.2,285.1,284.89,285.1,283.89,281.5,281.5,284.0,285.1,285.1,285.5,284.39,283.2,282.6,283.2,281.39,278.79,278.7,280.89,280.89,280.79,283.39,283.2,282.0,280.79,280.79,281.29,279.2,279.2,277.6,278.2,278.2,279.39,281.39,280.89,280.89,281.39,279.6,279.6,281.5,280.39,276.7,274.0,276.7,280.6,280.6,280.89,281.6,282.5,281.79,283.6,283.1,276.7,274.0,276.7,276.7,280.6,280.89,281.6,282.5,281.79,283.6,283.1,275.5,275.5,272.0,274.6,277.89,281.7,285.7,283.39,285.6,286.0,282.39,282.39,277.39,274.0,274.89,277.7,284.1,287.6,284.6,284.79,283.39,283.39,281.1,279.79,281.1,280.39,281.89,286.1,286.1,285.39,282.6,282.6,280.39,281.7,283.39,284.6,286.7,286.7,287.2,287.2
2021-08-09 01:00:00,258.5,255.0,254.2,254.0,252.2,249.5,250.31,250.31,253.2,254.2,253.61,258.5,255.0,254.2,254.0,252.2,250.61,250.61,252.61,254.31,253.9,252.61,254.11,252.0,249.0,253.11,253.0,253.0,254.2,255.81,254.0,255.2,256.3,249.11,248.81,249.2,250.9,250.9,254.81,256.5,256.0,254.2,256.4,256.4,250.11,249.0,249.0,252.61,254.61,254.7,257.5,259.71,255.9,255.9,252.31,253.11,253.11,251.81,256.11,257.4,258.9,256.5,258.21,258.21,256.4,251.7,252.7,255.31,256.21,260.71,257.4,258.9,256.5,256.5,258.21,256.4,251.7,252.7,255.31,256.21,260.71,260.5,260.5,257.0,255.0,257.0,255.4,251.9,253.9,256.21,260.71,263.71,263.71,262.4,257.71,253.9,254.31,254.7,251.61,256.61,257.5,261.11,261.11,262.3,262.0,257.71,255.4,253.9,251.81,251.81,259.3,259.3,259.3,260.3,259.71,259.21,258.21,256.4,256.4,251.31,248.9
2021-06-25 07:00:00,222.81,222.7,224.61,225.61,224.61,223.9,222.31,222.31,222.9,223.31,223.0,222.81,222.7,224.61,225.61,224.61,224.2,224.2,224.0,224.5,224.0,223.7,225.4,225.31,226.61,227.4,225.9,225.9,224.9,225.4,225.81,225.81,225.4,227.7,227.9,228.61,228.5,228.5,226.31,225.9,225.81,226.5,227.7,227.7,230.5,230.61,230.61,229.4,227.11,226.31,225.5,225.61,226.4,226.4,226.4,233.5,233.5,232.2,229.2,226.31,225.7,225.4,225.81,225.81,225.9,225.81,237.0,234.81,231.4,227.7,226.31,225.7,225.4,225.4,225.81,225.9,225.81,237.0,234.81,231.4,227.7,226.9,226.9,226.4,225.81,225.81,225.81,226.0,238.4,235.61,230.4,227.5,227.5,228.11,228.5,227.11,226.9,227.2,227.11,238.31,235.61,231.9,231.9,230.7,230.5,231.11,230.2,230.5,231.0,231.0,237.9,235.81,235.81,234.7,235.2,234.0,234.2,234.31,234.31,235.11,235.61
2021-08-24 02:00:00,277.39,273.2,273.89,270.0,267.9,265.9,262.0,262.0,255.61,255.7,254.2,277.39,273.2,273.89,270.0,267.9,270.0,270.0,266.4,265.5,263.5,263.0,277.0,279.0,278.29,277.7,274.39,274.39,272.0,269.9,274.29,271.9,274.5,279.6,281.79,282.2,283.29,283.29,279.39,274.39,273.0,279.89,282.5,282.5,281.7,282.6,282.6,284.1,285.0,283.39,280.89,279.29,281.89,281.89,286.39,283.6,283.6,283.89,285.0,286.0,287.1,286.6,284.7,284.7,283.7,285.1,287.79,287.7,287.2,287.29,286.0,287.1,286.6,286.6,284.7,283.7,285.1,287.79,287.7,287.2,287.29,287.6,287.6,287.7,288.0,287.0,286.0,286.0,290.89,290.79,290.1,289.5,289.5,288.5,288.0,287.89,288.2,287.79,286.39,291.89,291.39,290.6,290.6,290.0,289.2,288.79,288.6,288.79,288.79,288.79,291.5,291.1,291.1,290.39,290.1,289.89,289.5,289.29,289.29,289.29,289.29
2021-06-01 10:00:00,237.81,238.81,238.9,235.9,240.2,235.61,232.9,232.9,232.0,231.7,232.4,237.81,238.81,238.9,235.9,240.2,240.31,240.31,236.0,235.4,236.11,235.9,241.2,238.0,234.61,239.11,241.61,241.61,243.4,241.5,237.9,240.11,239.81,243.2,237.5,237.4,240.2,240.2,244.81,245.81,240.2,240.9,242.11,242.11,241.31,239.2,239.2,242.11,241.2,244.0,245.61,241.2,239.5,239.5,238.7,244.2,244.2,242.2,244.7,243.11,243.81,244.5,242.9,242.9,238.31,238.11,253.11,250.2,249.2,248.5,243.11,243.81,244.5,244.5,242.9,238.31,238.11,253.11,250.2,249.2,248.5,247.0,247.0,244.5,242.5,241.31,238.81,240.61,253.31,256.21,255.61,252.31,252.31,252.31,247.61,243.0,244.4,241.61,246.7,260.9,263.0,258.21,258.21,256.11,259.61,260.3,250.5,254.5,252.0,252.0,268.4,268.8,268.8,262.21,263.3,268.71,267.9,263.4,263.4,264.21,265.11
2021-07-10 22:00:00,261.61,262.5,263.61,265.21,268.5,270.0,271.3,271.3,272.21,272.71,270.0,261.61,262.5,263.61,265.21,268.5,273.7,273.7,276.39,276.89,275.6,271.3,263.11,264.71,266.9,269.61,271.61,271.61,273.5,276.2,279.7,279.7,277.5,266.5,267.71,268.61,273.39,273.39,274.6,272.3,274.79,281.2,282.79,282.79,270.3,271.5,271.5,272.8,275.79,275.0,275.5,278.5,281.2,281.2,283.2,271.21,271.21,275.39,276.7,277.6,275.0,278.5,283.0,283.0,281.2,278.6,272.4,274.6,275.7,276.7,277.6,275.0,278.5,278.5,283.0,281.2,278.6,272.4,274.6,275.7,276.7,279.1,279.1,279.0,281.2,282.2,281.1,280.39,275.7,277.6,276.39,276.2,276.2,280.7,284.1,284.39,281.5,281.79,281.89,277.39,277.6,280.29,280.29,281.6,280.39,282.5,286.89,284.79,283.39,283.39,276.79,279.6,279.6,283.29,280.6,279.29,284.0,285.89,285.89,284.7,284.2
2021-08-05 03:00:00,292.1,292.2,292.29,292.89,292.7,292.29,292.6,292.6,292.5,292.79,292.79,292.1,292.2,292.29,292.89,292.7,292.1,292.1,292.29,292.7,293.39,293.6,292.0,292.39,292.7,292.79,292.2,292.2,292.29,292.39,292.89,293.79,293.79,292.0,292.39,292.79,292.39,292.39,292.29,292.1,292.79,293.1,293.89,293.89,292.2,292.0,292.0,291.7,292.5,292.6,292.5,293.29,293.7,293.7,293.79,291.89,291.89,291.1,292.0,292.2,292.1,292.89,293.7,293.7,293.79,293.1,293.5,292.29,291.5,291.2,292.2,292.1,292.89,292.89,293.7,293.79,293.1,293.5,292.29,291.5,291.2,291.7,291.7,292.5,293.2,293.7,293.5,293.0,293.6,292.79,291.89,291.2,291.2,291.5,292.5,293.2,293.5,293.1,292.89,293.39,292.7,291.89,291.89,291.39,292.0,292.7,292.79,292.89,292.79,292.79,293.0,292.0,292.0,291.89,292.2,292.5,292.6,292.2,292.2,292.39,292.39
2021-08-08 09:00:00,294.0,294.39,294.1,293.7,293.5,293.89,294.0,294.0,294.29,294.5,294.7,294.0,294.39,294.1,293.7,293.5,293.89,293.89,294.39,294.29,294.6,294.79,294.0,294.0,294.0,293.89,294.1,294.1,294.2,294.29,294.39,294.79,294.79,293.6,293.7,293.89,294.2,294.2,294.39,294.39,294.1,294.39,295.1,295.1,293.7,293.89,293.89,293.89,294.29,294.0,294.29,294.29,294.6,294.6,294.79,293.79,293.79,294.1,294.2,294.29,294.29,294.2,294.6,294.6,294.7,294.7,293.2,293.6,294.2,294.2,294.29,294.29,294.2,294.2,294.6,294.7,294.7,293.2,293.6,294.2,294.2,294.6,294.6,294.39,294.5,294.7,294.79,294.7,293.39,293.89,294.1,294.5,294.5,294.79,294.6,294.89,295.0,294.7,295.0,293.89,294.1,294.5,294.5,295.0,295.2,295.29,295.29,295.2,295.0,295.0,294.7,294.79,294.79,295.1,295.5,295.79,295.89,295.79,295.79,295.39,295.39
2021-08-18 03:00:00,266.21,255.2,263.8,278.5,284.1,283.29,276.39,276.39,272.0,282.5,288.39,266.21,255.2,263.8,278.5,284.1,282.2,282.2,269.9,269.9,284.89,289.39,269.21,264.0,267.9,277.1,289.0,289.0,278.6,261.8,271.71,287.0,290.2,272.21,272.71,271.11,279.39,279.39,281.89,275.1,265.9,272.0,287.39,287.39,277.89,272.61,272.61,273.89,279.5,278.5,272.8,269.8,278.29,278.29,288.6,275.89,275.89,272.0,280.29,276.89,270.21,271.9,278.1,278.1,284.1,287.6,285.39,275.6,280.0,279.79,276.89,270.21,271.9,271.9,278.1,284.1,287.6,285.39,275.6,280.0,279.79,272.71,272.71,270.3,274.5,282.2,288.2,289.6,282.39,282.5,283.89,275.89,275.89,269.61,269.0,279.1,287.7,290.79,291.0,278.79,282.6,284.39,284.39,275.89,268.4,271.8,285.0,291.5,292.39,292.39,275.2,285.89,285.89,283.5,271.5,271.5,279.39,288.89,288.89,292.79,292.89
2021-08-22 04:00:00,266.71,278.2,278.0,272.71,270.4,272.0,276.39,276.39,281.79,284.5,281.1,266.71,278.2,278.0,272.71,270.4,271.9,271.9,278.29,283.89,283.0,279.29,260.3,267.5,269.8,268.11,269.8,269.8,275.29,281.2,282.29,280.89,282.2,250.81,257.61,259.61,264.0,264.0,271.61,278.2,280.29,279.29,277.7,277.7,249.4,254.9,254.9,256.61,261.11,268.11,275.0,276.89,275.39,275.39,276.5,250.11,250.11,254.9,256.11,259.0,266.8,271.11,271.3,271.3,273.0,271.71,246.31,251.7,251.7,252.0,259.0,266.8,271.11,271.11,271.3,273.0,271.71,246.31,251.7,251.7,252.0,259.4,259.4,265.9,267.9,270.11,268.3,264.21,249.4,251.7,249.7,253.61,253.61,258.9,264.0,266.9,266.5,264.8,260.0,249.0,248.4,253.4,253.4,254.7,256.61,261.71,263.8,262.4,261.8,261.8,247.2,249.4,249.4,255.61,255.0,254.0,256.11,259.61,259.61,259.8,259.8
2021-08-28 09:00:00,284.29,284.1,283.39,282.2,281.29,280.6,278.79,278.79,273.79,272.61,269.61,284.29,284.1,283.39,282.2,281.29,278.89,278.89,276.5,274.7,276.39,273.89,284.2,284.29,284.0,283.0,280.5,280.5,277.6,275.2,276.0,278.29,276.1,283.2,283.6,283.89,283.1,283.1,280.7,276.79,275.0,277.29,278.7,278.7,281.5,282.2,282.2,282.2,282.0,281.2,278.5,276.39,277.7,277.7,278.5,279.89,279.89,279.89,280.0,280.29,280.79,280.6,278.29,278.29,277.39,277.6,275.79,276.1,276.39,277.89,280.29,280.79,280.6,280.6,278.29,277.39,277.6,275.79,276.1,276.39,277.89,279.0,279.0,280.29,281.6,279.89,278.0,277.2,272.8,272.3,273.6,275.2,275.2,277.39,279.89,280.7,279.89,277.89,277.2,271.11,272.11,273.2,273.2,274.6,275.89,275.89,277.5,278.39,276.39,276.39,270.5,271.61,271.61,273.39,274.0,273.89,273.1,273.89,273.89,274.6,275.2
2021-07-24 04:00:00,280.39,281.1,279.7,273.29,267.4,262.61,264.9,264.9,265.5,258.3,249.0,280.39,281.1,279.7,273.29,267.4,265.21,265.21,266.5,270.11,262.61,248.11,281.79,281.89,279.79,274.79,271.61,271.61,269.4,270.11,273.0,265.0,249.11,283.0,282.1,278.5,277.0,277.0,276.39,275.1,274.5,275.2,265.21,265.21,282.39,279.1,279.1,277.0,279.2,282.89,281.39,278.6,273.7,273.7,264.11,281.79,281.79,276.7,275.39,281.6,287.0,286.1,282.2,282.2,271.8,261.4,281.1,281.79,279.39,278.6,281.6,287.0,286.1,286.1,282.2,271.8,261.4,281.1,281.79,279.39,278.6,283.29,283.29,286.7,286.79,282.6,272.71,261.9,278.39,281.2,282.2,283.2,283.2,284.29,285.2,285.5,281.7,273.89,263.8,275.39,279.39,282.39,282.39,284.2,285.2,285.7,284.39,280.79,275.2,275.2,273.0,277.6,277.6,281.6,284.7,285.7,284.7,283.0,283.0,280.79,276.89
2021-07-28 04:00:00,230.11,232.2,233.61,233.9,233.5,237.31,237.4,237.4,235.5,236.81,239.9,230.11,232.2,233.61,233.9,233.5,235.2,235.2,236.4,236.31,237.4,240.2,229.7,230.81,231.5,234.4,235.31,235.31,235.5,235.9,236.7,237.31,239.2,228.7,229.11,231.61,233.61,233.61,235.5,236.0,236.31,236.2,236.2,236.2,230.4,231.61,231.61,231.81,233.0,234.5,234.5,234.31,234.81,234.81,234.5,232.81,232.81,233.11,232.7,232.11,232.31,232.11,231.31,231.31,232.4,234.0,231.2,232.4,232.7,231.5,232.11,232.31,232.11,232.11,231.31,232.4,234.0,231.2,232.4,232.7,231.5,231.2,231.2,231.61,229.81,228.81,230.9,232.5,230.81,230.4,230.11,230.0,230.0,229.9,229.5,227.9,227.9,230.31,228.2,227.11,226.31,225.81,225.81,225.9,227.4,227.61,226.11,227.5,228.5,228.5,222.5,221.9,221.9,221.11,223.0,224.81,225.61,225.31,225.31,227.31,227.11
2021-08-01 08:00:00,294.7,294.39,294.2,294.0,294.1,293.89,293.79,293.79,293.6,293.6,293.5,294.7,294.39,294.2,294.0,294.1,293.7,293.7,293.39,293.2,293.0,293.1,294.7,294.39,294.2,294.0,293.79,293.79,293.29,293.2,292.79,292.79,293.0,294.29,294.1,294.1,293.89,293.89,293.2,292.89,292.5,292.39,292.6,292.6,293.6,293.6,293.6,293.7,293.6,293.0,292.7,292.5,291.89,291.89,292.2,293.1,293.1,293.1,293.0,293.1,293.0,292.5,291.89,291.89,291.6,291.6,293.39,293.2,293.2,292.79,293.1,293.0,292.5,292.5,291.89,291.6,291.6,293.39,293.2,293.2,292.79,292.79,292.79,292.29,292.39,291.89,291.5,291.2,293.39,293.39,293.0,292.89,292.89,292.29,291.89,292.2,291.79,291.29,290.89,293.39,293.2,292.89,292.89,292.39,292.2,292.2,292.2,291.79,291.39,291.39,293.29,292.79,292.79,292.6,292.39,292.0,292.5,291.89,291.89,292.0,291.29
2021-06-19 22:00:00,290.29,290.39,290.79,291.1,291.1,291.1,291.0,291.0,291.2,291.5,291.6,290.29,290.39,290.79,291.1,291.1,291.1,291.1,291.29,291.5,291.79,291.6,290.5,290.7,290.89,290.89,290.89,290.89,291.2,291.29,291.5,291.5,291.7,290.89,290.89,290.7,291.0,291.0,291.0,291.5,291.2,291.6,291.7,291.7,290.0,290.5,290.5,290.89,290.89,291.1,291.29,291.39,291.6,291.6,291.79,289.6,289.6,290.0,291.0,291.2,291.2,291.5,291.6,291.6,292.0,291.89,289.29,290.2,290.0,291.0,291.2,291.2,291.5,291.5,291.6,292.0,291.89,289.29,290.2,290.0,291.0,291.2,291.2,291.2,291.5,291.89,292.0,291.79,289.0,289.7,290.6,290.89,290.89,291.29,291.29,291.6,292.0,291.89,291.89,289.39,289.7,290.6,290.6,290.89,291.29,291.6,291.79,291.79,291.79,291.79,290.0,290.29,290.29,290.6,291.1,291.39,292.0,292.0,292.0,291.7,291.6
2021-08-18 10:00:00,286.39,288.7,291.29,290.79,291.6,292.0,292.7,292.7,293.29,294.1,294.29,286.39,288.7,291.29,290.79,291.6,292.7,292.7,293.1,293.6,293.7,294.1,287.6,290.0,290.6,290.79,291.39,291.39,291.79,293.39,293.79,294.0,294.39,288.7,291.29,290.2,291.1,291.1,290.0,291.39,293.29,294.1,294.5,294.5,288.39,291.5,291.5,291.7,290.29,289.39,292.5,293.5,294.0,294.0,294.39,289.2,289.2,291.2,291.7,289.5,290.1,293.29,293.7,293.7,293.89,293.89,284.79,288.2,291.2,291.0,289.5,290.1,293.29,293.29,293.7,293.89,293.89,284.79,288.2,291.2,291.0,289.29,289.29,291.79,293.29,293.6,293.7,294.0,284.79,288.39,291.2,289.6,289.6,290.1,292.2,293.5,293.7,293.6,294.1,286.5,290.79,291.7,291.7,290.7,290.7,292.29,293.29,293.6,293.89,293.89,288.2,292.29,292.29,292.6,291.79,291.6,292.7,292.89,292.89,293.6,293.89
2021-07-04 02:00:00,250.11,245.9,254.0,268.71,281.5,274.39,275.5,275.5,278.79,282.0,281.29,250.11,245.9,254.0,268.71,281.5,284.29,284.29,279.6,275.0,276.5,279.89,262.0,262.21,263.4,280.6,290.89,290.89,286.2,274.5,275.1,272.21,273.89,274.89,273.39,276.2,287.5,287.5,291.1,282.0,279.79,270.61,265.21,265.21,283.0,282.0,282.0,285.89,289.39,288.2,286.39,287.1,272.3,272.3,259.3,289.89,289.89,290.7,290.6,290.6,291.7,292.2,286.29,286.29,274.39,275.29,293.5,294.1,294.7,294.2,290.6,291.7,292.2,292.2,286.29,274.39,275.29,293.5,294.1,294.7,294.2,293.39,293.39,293.89,293.5,288.39,283.0,284.0,295.5,295.1,294.7,294.6,294.6,294.79,294.1,293.2,291.79,291.29,290.79,296.0,295.5,294.79,294.79,294.0,293.39,293.1,292.39,292.39,293.0,293.0,296.1,295.5,295.5,294.7,293.5,290.79,290.39,291.2,291.2,291.39,291.5
2021-06-05 09:00:00,296.6,296.6,296.79,296.5,296.6,297.0,296.7,296.7,296.5,296.0,295.5,296.6,296.6,296.79,296.5,296.6,296.5,296.5,296.1,296.1,295.6,295.1,296.6,296.6,296.39,296.6,296.39,296.39,296.2,295.79,295.79,295.29,294.29,296.6,296.29,296.39,296.29,296.29,296.39,295.89,295.7,295.39,294.2,294.2,296.7,296.29,296.29,296.2,296.5,296.5,296.29,295.5,294.5,294.5,293.2,296.5,296.5,296.2,295.89,296.39,296.7,296.0,295.39,295.39,293.29,291.29,296.5,296.29,296.2,296.2,296.39,296.7,296.0,296.0,295.39,293.29,291.29,296.5,296.29,296.2,296.2,296.6,296.6,296.0,295.6,294.29,292.29,291.2,296.29,296.29,296.1,296.2,296.2,296.2,295.79,294.6,292.29,291.5,291.6,296.29,296.2,296.1,296.1,296.0,295.7,294.7,293.1,291.5,291.5,291.5,295.89,296.0,296.0,295.89,295.5,295.0,293.29,291.5,291.5,291.29,291.5
2021-06-22 04:00:00,298.6,298.6,298.5,298.29,298.7,298.6,298.39,298.39,298.0,297.6,296.79,298.6,298.6,298.5,298.29,298.7,298.29,298.29,297.89,297.6,296.6,295.79,298.39,298.2,298.0,298.1,298.5,298.5,297.79,297.39,297.0,296.7,295.2,297.89,298.0,297.7,298.1,298.1,297.6,297.5,297.5,296.39,296.1,296.1,297.6,297.5,297.5,297.6,297.79,297.5,297.5,296.89,295.89,295.89,294.6,297.2,297.2,297.2,297.0,297.5,297.29,297.1,296.2,296.2,294.89,293.0,297.2,297.1,296.79,296.89,297.5,297.29,297.1,297.1,296.2,294.89,293.0,297.2,297.1,296.79,296.89,297.1,297.1,296.79,296.39,295.1,293.29,292.29,297.6,297.29,296.7,296.5,296.5,296.79,296.39,295.39,293.39,292.0,292.0,298.2,297.6,296.89,296.89,296.39,296.7,295.7,293.6,292.2,291.7,291.7,298.79,297.89,297.89,297.1,296.89,296.29,293.89,292.0,292.0,291.7,291.6
2021-06-30 08:00:00,294.29,294.89,294.79,294.29,294.6,294.89,295.1,295.1,294.79,294.5,294.39,294.29,294.89,294.79,294.29,294.6,294.7,294.7,294.7,294.79,294.39,294.29,295.0,294.89,294.5,294.39,294.79,294.79,294.7,294.6,294.6,294.29,293.7,293.79,294.0,294.2,294.79,294.79,294.6,294.89,294.79,294.5,293.89,293.89,290.5,292.5,292.5,294.1,295.0,295.1,294.89,294.39,293.89,293.89,293.0,287.5,287.5,291.39,293.6,295.2,295.2,294.6,294.0,294.0,293.2,292.39,279.39,284.2,292.6,294.7,295.2,295.2,294.6,294.6,294.0,293.2,292.39,279.39,284.2,292.6,294.7,294.29,294.29,293.89,293.89,293.2,292.39,291.89,274.7,287.79,293.0,293.6,293.6,293.79,293.5,293.0,292.39,291.79,292.0,277.7,287.0,292.29,292.29,293.6,294.0,293.79,292.79,292.2,291.79,291.79,284.39,288.1,288.1,291.79,293.29,294.39,293.6,292.79,292.79,292.39,292.0
2021-07-16 05:00:00,222.9,220.5,219.2,218.7,217.81,216.7,216.5,216.5,217.5,218.2,218.81,222.9,220.5,219.2,218.7,217.81,216.7,216.7,217.5,218.5,218.7,219.31,221.2,219.4,218.5,217.81,217.81,217.81,217.5,218.4,219.7,220.2,219.9,219.31,218.81,218.4,217.31,217.31,218.0,218.31,219.4,220.9,221.5,221.5,218.9,218.7,218.7,218.0,218.11,218.7,219.2,220.61,221.5,221.5,223.0,219.2,219.2,218.81,218.81,219.0,219.81,220.2,221.31,221.31,222.5,224.31,219.31,218.9,219.81,219.81,219.0,219.81,220.2,220.2,221.31,222.5,224.31,219.31,218.9,219.81,219.81,220.2,220.2,220.5,221.7,222.7,223.5,225.11,218.9,219.81,220.5,221.0,221.0,221.5,222.9,223.7,224.7,225.4,226.81,219.4,220.5,221.0,221.0,222.11,223.61,225.4,226.7,227.4,228.61,228.61,220.61,221.31,221.31,221.9,223.7,225.61,227.4,229.11,229.11,230.11,231.4
2021-08-11 10:00:00,263.5,266.4,263.5,255.81,258.5,275.5,280.5,280.5,280.5,281.5,274.29,263.5,266.4,263.5,255.81,258.5,266.3,266.3,271.21,274.89,273.0,261.0,259.3,258.61,260.0,253.9,256.21,256.21,260.4,266.21,267.21,258.71,253.0,258.9,252.61,254.0,256.4,256.4,256.9,258.9,259.4,258.71,254.2,254.2,262.21,258.8,258.8,257.0,256.4,258.3,258.61,257.71,255.81,255.81,257.61,264.9,264.9,265.9,261.71,258.21,260.4,261.8,260.5,260.5,259.5,258.0,265.71,265.11,266.5,263.21,258.21,260.4,261.8,261.8,260.5,259.5,258.0,265.71,265.11,266.5,263.21,262.61,262.61,264.11,266.3,266.11,263.61,260.11,265.0,264.8,264.71,262.8,262.8,265.3,269.3,270.11,271.0,268.21,262.3,263.5,263.8,263.5,263.5,263.61,265.71,267.9,268.21,270.0,268.71,268.71,261.8,262.3,262.3,262.3,261.8,263.61,267.11,263.61,263.61,263.0,265.61
2021-07-04 01:00:00,295.5,296.0,296.6,296.89,296.0,295.29,294.7,294.7,294.2,293.6,293.29,295.5,296.0,296.6,296.89,296.0,295.6,295.6,294.7,294.2,293.5,293.1,295.0,296.39,297.39,296.0,293.79,293.79,295.0,294.39,293.5,293.7,293.1,293.6,294.7,294.6,293.0,293.0,290.89,293.7,294.39,293.1,292.79,292.79,290.5,287.89,287.89,286.79,287.1,287.5,289.5,291.39,292.39,292.39,292.7,286.1,286.1,282.1,278.0,280.89,281.79,282.7,287.29,287.29,289.5,290.0,292.89,287.0,279.89,271.71,280.89,281.79,282.7,282.7,287.29,289.5,290.0,292.89,287.0,279.89,271.71,272.11,272.11,275.6,276.79,282.1,286.1,286.7,290.1,287.2,279.2,272.0,272.0,266.61,268.71,273.5,279.6,282.5,284.2,288.29,284.39,281.6,281.6,274.89,270.11,268.71,271.9,275.89,278.39,278.39,286.29,285.39,285.39,283.7,279.39,277.2,271.5,272.71,272.71,277.29,274.29
2021-07-12 06:00:00,278.7,276.2,267.3,265.11,269.9,276.39,277.7,277.7,276.1,270.21,258.11,278.7,276.2,267.3,265.11,269.9,279.79,279.79,284.79,278.0,264.11,254.2,271.5,270.5,266.21,267.0,274.39,274.39,280.89,282.6,279.2,267.3,259.71,265.5,266.5,267.11,270.61,270.61,276.39,280.79,281.29,277.79,271.5,271.5,270.8,271.5,271.5,272.11,273.5,275.1,279.1,277.7,275.1,275.1,268.11,277.39,277.39,279.5,277.0,275.6,276.0,275.1,274.5,274.5,270.3,264.9,274.5,279.5,281.89,278.5,275.6,276.0,275.1,275.1,274.5,270.3,264.9,274.5,279.5,281.89,278.5,277.7,277.7,277.5,275.7,271.3,266.71,264.11,276.89,280.2,281.79,279.89,279.89,277.7,279.6,275.89,268.4,265.11,261.5,277.1,280.2,280.79,280.79,280.79,278.5,276.6,271.4,266.8,265.9,265.9,277.29,279.2,279.2,278.6,280.7,278.5,271.9,267.4,267.4,266.4,267.9
2021-07-18 02:00:00,290.6,290.5,290.5,290.5,290.39,290.5,290.1,290.1,290.0,290.2,290.29,290.6,290.5,290.5,290.5,290.39,290.6,290.6,290.29,290.39,290.29,290.1,290.29,290.2,290.29,290.5,290.5,290.5,290.39,290.5,290.5,290.5,291.1,290.29,289.89,289.79,290.39,290.39,290.29,290.29,290.5,290.5,291.0,291.0,290.6,290.0,290.0,289.89,290.2,290.6,290.39,290.7,290.89,290.89,291.2,290.5,290.5,290.2,289.79,290.2,290.39,290.5,290.89,290.89,291.1,290.89,290.39,290.5,290.0,290.0,290.2,290.39,290.5,290.5,290.89,291.1,290.89,290.39,290.5,290.0,290.0,290.2,290.2,290.29,290.79,291.1,290.89,291.1,290.29,290.0,289.79,290.0,290.0,290.29,290.39,291.2,291.0,290.79,291.0,290.2,290.29,289.79,289.79,290.0,290.6,291.1,291.1,290.89,290.89,290.89,290.0,289.7,289.7,289.89,290.2,290.79,290.79,290.89,290.89,290.89,290.79
2021-07-25 07:00:00,249.61,245.5,240.4,241.4,253.0,250.5,242.2,242.2,239.61,238.81,235.5,249.61,245.5,240.4,241.4,253.0,254.4,254.4,247.7,246.2,247.4,242.81,249.7,243.4,237.31,240.5,251.7,251.7,256.71,254.7,251.9,255.4,252.31,250.31,243.31,237.5,239.81,239.81,248.4,257.11,258.71,257.61,258.5,258.5,253.81,247.0,247.0,241.31,242.2,247.9,255.5,259.11,259.8,259.8,259.0,256.61,256.61,252.11,248.31,245.11,249.5,254.5,255.7,255.7,259.4,259.71,260.0,259.0,256.71,253.9,245.11,249.5,254.5,254.5,255.7,259.4,259.71,260.0,259.0,256.71,253.9,246.5,246.5,252.0,254.5,247.0,255.11,256.4,261.5,260.5,261.61,257.5,257.5,249.9,251.2,252.31,250.9,247.61,251.4,264.11,262.5,262.61,262.61,260.71,254.2,249.81,254.5,255.11,248.7,248.7,266.61,264.71,264.71,263.4,260.11,257.5,255.0,255.81,255.81,254.9,250.31
2021-06-15 05:00:00,288.2,288.5,288.5,288.7,288.79,288.79,288.79,288.79,288.79,288.89,288.79,288.2,288.5,288.5,288.7,288.79,288.89,288.89,288.79,288.89,288.89,289.1,288.39,288.5,288.79,288.79,288.79,288.79,288.89,288.89,289.0,289.2,289.0,288.39,288.79,289.0,288.89,288.89,289.1,288.79,289.29,289.0,289.29,289.29,288.89,289.0,289.0,289.0,289.2,289.1,289.1,289.39,289.2,289.2,289.39,288.89,288.89,289.1,289.1,289.2,289.2,289.2,289.2,289.2,289.39,289.29,289.2,289.1,289.29,289.29,289.2,289.2,289.2,289.2,289.2,289.39,289.29,289.2,289.1,289.29,289.29,289.29,289.29,289.29,289.29,289.39,289.5,289.5,289.2,289.39,289.5,289.5,289.5,289.39,289.2,289.39,289.5,289.5,289.6,289.5,289.39,289.5,289.5,289.5,289.6,289.5,289.6,289.5,289.79,289.79,289.6,289.39,289.39,289.29,289.5,289.6,289.6,289.7,289.7,289.6,289.89
2021-06-06 05:00:00,306.2,305.6,305.6,306.0,306.6,306.39,305.39,305.39,303.89,302.39,300.6,306.2,305.6,305.6,306.0,306.6,306.6,306.6,304.89,303.29,301.7,300.0,306.1,305.89,305.79,306.29,306.7,306.7,305.7,303.7,303.1,302.0,299.5,305.89,306.0,306.29,306.6,306.6,305.7,304.6,303.79,302.5,300.89,300.89,306.2,305.6,305.6,305.79,306.2,305.39,304.2,302.89,301.0,301.0,299.2,305.29,305.29,305.2,304.89,305.1,304.6,303.39,302.0,302.0,299.39,295.29,305.1,304.79,304.6,304.29,305.1,304.6,303.39,303.39,302.0,299.39,295.29,305.1,304.79,304.6,304.29,304.1,304.1,303.39,302.2,299.7,296.39,294.79,304.79,304.7,304.2,303.29,303.29,303.1,302.79,300.6,296.1,294.1,294.6,305.1,304.5,303.6,303.6,303.1,302.7,301.0,297.79,294.29,293.79,293.79,305.5,304.2,304.2,303.29,302.89,302.1,298.79,294.79,294.79,293.7,293.89
2021-06-05 02:00:00,299.1,298.79,298.79,299.2,299.5,299.39,299.0,299.0,298.5,297.6,296.39,299.1,298.79,298.79,299.2,299.5,299.39,299.39,298.7,298.39,297.1,295.89,298.7,298.7,298.79,299.1,299.5,299.5,298.89,298.29,298.0,297.29,295.6,298.6,298.29,299.0,299.2,299.2,298.89,298.5,298.5,297.5,296.39,296.39,298.29,298.2,298.2,298.5,298.89,298.89,298.39,297.89,296.39,296.39,294.7,298.0,298.0,298.0,298.1,298.6,298.89,298.1,297.1,297.1,295.0,292.29,297.7,297.6,297.89,298.0,298.6,298.89,298.1,298.1,297.1,295.0,292.29,297.7,297.6,297.89,298.0,298.39,298.39,298.2,297.2,295.39,293.0,291.79,297.7,297.6,297.5,298.0,298.0,297.89,297.6,295.89,292.89,291.6,291.1,298.0,297.7,297.6,297.6,297.7,297.7,296.5,293.79,291.79,291.29,291.29,298.29,297.89,297.89,297.6,297.7,297.5,294.29,292.0,292.0,291.5,291.29
2021-07-13 04:00:00,248.11,246.2,244.81,246.9,246.4,247.61,247.2,247.2,248.0,247.5,247.2,248.11,246.2,244.81,246.9,246.4,246.31,246.31,247.2,248.2,247.9,247.0,242.0,240.9,239.2,242.31,242.61,242.61,243.11,245.5,248.2,248.4,247.5,235.2,235.4,236.31,237.4,237.4,238.4,239.0,244.11,247.31,248.31,248.31,232.0,231.9,231.9,233.11,234.9,236.5,237.2,242.0,245.11,245.11,245.61,230.4,230.4,229.9,230.9,233.7,234.11,235.81,240.0,240.0,242.0,242.31,230.4,229.5,229.4,231.11,233.7,234.11,235.81,235.81,240.0,242.0,242.31,230.4,229.5,229.4,231.11,233.0,233.0,232.7,233.9,237.81,238.7,240.31,229.81,228.81,229.11,231.11,231.11,232.61,232.81,232.81,235.5,236.4,236.31,229.2,228.5,227.61,227.61,230.0,232.4,232.7,233.11,234.9,234.61,234.61,229.2,226.7,226.7,226.7,229.31,231.81,233.0,233.7,233.7,233.61,233.31
2021-07-19 00:00:00,291.6,291.89,291.6,291.29,290.89,290.7,290.5,290.5,290.6,291.0,291.0,291.6,291.89,291.6,291.29,290.89,290.1,290.1,290.1,290.6,291.0,291.1,291.5,291.5,291.1,291.0,290.7,290.7,290.1,290.29,290.2,290.6,290.89,291.6,291.0,290.7,290.7,290.7,290.5,290.29,290.39,290.1,290.5,290.5,291.39,291.0,291.0,290.6,290.5,290.29,290.1,290.29,290.2,290.2,290.5,291.1,291.1,291.0,290.29,290.39,290.0,290.0,290.39,290.39,290.5,290.1,291.1,290.7,290.7,290.29,290.39,290.0,290.0,290.0,290.39,290.5,290.1,291.1,290.7,290.7,290.29,290.2,290.2,289.89,290.29,290.6,290.39,290.5,290.89,290.79,290.29,290.0,290.0,290.0,290.39,290.6,290.5,290.5,290.39,290.89,290.7,290.5,290.5,289.79,290.0,290.6,290.7,290.5,290.5,290.5,290.79,290.7,290.7,290.5,290.0,290.0,290.6,290.7,290.7,290.6,290.39
2021-07-31 23:00:00,292.39,292.5,292.39,292.39,292.6,292.79,292.79,292.79,292.7,292.29,292.0,292.39,292.5,292.39,292.39,292.6,292.7,292.7,292.7,292.7,292.1,291.89,292.2,292.29,292.39,292.29,292.29,292.29,292.39,292.39,292.29,292.2,292.2,292.39,292.39,292.29,292.2,292.2,292.2,292.1,292.0,292.0,292.1,292.1,292.6,292.5,292.5,292.39,292.29,292.2,292.0,292.1,291.89,291.89,291.79,292.7,292.7,292.79,292.5,292.39,292.39,292.0,292.0,292.0,291.89,291.89,292.39,292.6,292.7,292.6,292.39,292.39,292.0,292.0,292.0,291.89,291.89,292.39,292.6,292.7,292.6,292.5,292.5,292.39,292.29,292.0,291.89,291.5,292.39,292.39,292.7,292.7,292.7,292.6,292.7,292.39,292.29,291.79,291.79,292.6,292.6,292.39,292.39,292.7,292.7,292.6,292.39,292.29,291.89,291.89,292.39,292.6,292.6,292.1,292.6,292.6,292.6,292.39,292.39,292.2,291.89
2021-08-14 05:00:00,287.6,287.5,287.29,288.5,289.39,290.6,289.5,289.5,288.39,288.29,287.7,287.6,287.5,287.29,288.5,289.39,289.89,289.89,289.79,289.39,289.29,288.79,287.89,287.89,288.7,289.89,290.39,290.39,290.29,289.79,289.79,289.79,290.0,288.79,288.7,289.5,290.39,290.39,290.5,290.29,289.79,289.39,289.89,289.89,289.6,290.6,290.6,290.79,289.39,289.5,290.2,290.6,290.7,290.7,289.2,292.39,292.39,291.6,289.89,288.2,288.79,290.0,291.0,291.0,291.5,290.0,290.5,290.89,290.6,290.2,288.2,288.79,290.0,290.0,291.0,291.5,290.0,290.5,290.89,290.6,290.2,285.89,285.89,288.0,289.7,291.1,291.39,291.29,288.5,288.89,289.89,289.0,289.0,285.6,286.2,289.79,290.79,290.79,290.5,288.0,289.1,289.39,289.39,288.0,286.39,287.39,288.2,288.29,288.7,288.7,288.29,287.7,287.7,287.79,288.0,287.89,287.79,287.29,287.29,286.7,286.0
2021-08-15 02:00:00,288.7,288.39,287.5,287.5,286.5,285.0,283.79,283.79,285.2,288.0,288.89,288.7,288.39,287.5,287.5,286.5,286.2,286.2,285.6,285.7,287.79,289.1,289.7,289.29,288.7,288.7,288.29,288.29,288.2,286.79,286.5,286.79,287.7,289.7,289.89,289.39,289.6,289.6,289.5,289.7,288.7,287.29,286.1,286.1,290.0,290.0,290.0,290.0,289.89,290.0,289.79,289.2,288.2,288.2,288.1,290.1,290.1,290.29,290.39,290.29,290.2,289.79,289.7,289.7,289.5,289.39,289.39,289.6,289.79,290.0,290.29,290.2,289.79,289.79,289.7,289.5,289.39,289.39,289.6,289.79,290.0,290.39,290.39,290.29,290.2,290.2,290.1,290.29,289.0,288.6,288.89,289.5,289.5,289.6,289.79,290.1,290.39,290.39,290.5,288.5,288.6,288.29,288.29,288.39,288.79,289.5,289.79,289.79,290.0,290.0,288.39,288.39,288.39,288.29,288.2,288.39,288.6,289.39,289.39,290.1,289.2
2021-08-22 03:00:00,255.7,252.4,253.0,254.81,253.61,254.9,262.61,262.61,264.3,260.4,257.61,255.7,252.4,253.0,254.81,253.61,256.0,256.0,260.8,261.21,259.5,259.11,253.9,256.21,257.9,258.3,256.4,256.4,255.5,255.5,259.61,259.71,258.11,254.4,259.11,263.8,260.8,260.8,254.5,254.11,254.31,257.61,258.4,258.4,256.21,262.61,262.61,264.5,260.0,255.81,253.5,253.61,257.11,257.11,260.61,259.71,259.71,264.21,262.3,258.8,256.61,254.0,253.81,253.81,258.11,262.3,259.21,260.71,261.5,260.11,258.8,256.61,254.0,254.0,253.81,258.11,262.3,259.21,260.71,261.5,260.11,258.11,258.11,256.9,256.0,256.21,260.11,261.21,260.8,260.71,258.0,256.9,256.9,257.5,257.3,257.61,259.0,261.3,258.21,260.61,258.9,256.5,256.5,256.61,257.11,258.11,258.3,258.3,259.11,259.11,259.5,258.11,258.11,256.5,256.4,257.21,258.0,257.4,257.4,256.8,256.11
2021-06-29 05:00:00,276.29,270.11,270.0,275.1,273.5,276.39,281.0,281.0,286.5,285.39,282.79,276.29,270.11,270.0,275.1,273.5,270.11,270.11,279.29,284.39,285.89,281.2,270.71,267.4,266.4,267.3,266.8,266.8,268.3,274.6,282.5,284.39,281.39,266.5,265.11,264.21,260.8,260.8,260.5,268.9,272.3,278.29,278.5,278.5,266.11,259.5,259.5,259.0,260.0,266.5,275.29,275.79,273.39,273.39,274.7,262.9,262.9,254.9,256.71,263.11,275.7,283.2,279.5,279.5,272.61,268.21,251.4,254.61,253.11,263.5,263.11,275.7,283.2,283.2,279.5,272.61,268.21,251.4,254.61,253.11,263.5,270.4,270.4,279.1,283.29,279.5,272.21,268.0,251.31,250.11,254.61,269.71,269.71,278.89,281.7,282.1,277.6,272.4,268.71,253.7,254.4,258.0,258.0,271.9,283.39,285.29,281.7,278.0,271.61,271.61,257.11,260.21,260.21,261.5,275.89,284.1,283.39,280.29,280.29,275.7,269.3
2021-06-07 23:00:00,276.2,277.39,277.0,275.0,273.5,273.39,273.5,273.5,276.1,278.1,278.6,276.2,277.39,277.0,275.0,273.5,272.9,272.9,275.5,277.2,280.0,280.5,278.89,278.6,276.89,275.39,274.89,274.89,274.79,276.89,279.0,282.29,282.7,280.89,280.6,279.2,277.2,277.2,276.79,277.89,279.5,281.29,284.5,284.5,283.79,282.89,282.89,282.5,281.79,280.79,280.79,282.5,285.0,285.0,287.0,286.1,286.1,285.6,285.89,286.5,284.89,283.29,285.1,285.1,288.1,288.39,287.1,287.6,288.39,289.5,286.5,284.89,283.29,283.29,285.1,288.1,288.39,287.1,287.6,288.39,289.5,289.0,289.0,287.29,286.29,288.0,289.0,289.2,287.2,287.79,289.7,290.5,290.5,289.39,288.2,288.1,288.39,289.1,289.6,287.5,288.5,287.29,287.29,287.2,286.79,286.79,286.5,287.0,288.2,288.2,284.6,284.5,284.5,282.7,282.29,282.1,282.1,282.7,282.7,283.79,285.0
2021-07-09 05:00:00,295.39,295.5,295.5,295.6,295.6,295.6,295.6,295.6,295.39,295.29,295.2,295.39,295.5,295.5,295.6,295.6,295.7,295.7,295.39,295.39,295.0,294.79,295.6,295.79,295.79,295.7,295.89,295.89,295.6,295.2,295.1,295.29,294.39,295.79,295.89,296.0,295.89,295.89,295.79,295.6,295.29,294.89,294.79,294.79,295.7,295.7,295.7,295.89,295.79,295.6,295.6,295.2,294.6,294.6,294.0,295.5,295.5,295.5,295.39,295.6,295.39,295.2,295.0,295.0,294.0,293.39,295.39,295.5,295.39,295.39,295.6,295.39,295.2,295.2,295.0,294.0,293.39,295.39,295.5,295.39,295.39,295.29,295.29,295.2,294.79,294.29,293.6,293.39,295.39,295.5,295.2,295.29,295.29,295.1,295.0,294.39,293.6,293.29,293.29,295.7,295.5,295.39,295.39,295.29,295.1,294.6,293.89,293.5,293.29,293.29,295.89,295.29,295.29,295.29,295.2,295.0,293.89,293.29,293.29,293.5,293.2
2021-07-24 23:00:00,249.0,248.0,246.81,246.9,246.7,249.61,252.7,252.7,255.4,258.61,258.8,249.0,248.0,246.81,246.9,246.7,248.0,248.0,250.61,255.0,259.71,260.71,246.7,245.7,243.81,244.11,245.31,245.31,247.9,249.7,253.61,259.3,260.0,244.5,243.11,241.0,241.9,241.9,244.2,247.7,249.7,252.7,257.71,257.71,240.31,239.2,239.2,239.5,241.9,243.9,245.9,250.5,253.61,253.61,257.0,237.9,237.9,235.5,236.9,242.2,245.81,246.7,251.81,251.81,257.0,256.61,234.61,235.7,234.61,235.5,242.2,245.81,246.7,246.7,251.81,257.0,256.61,234.61,235.7,234.61,235.5,239.5,239.5,246.31,252.9,257.5,259.0,255.81,232.9,236.31,235.5,234.0,234.0,237.4,247.11,255.81,262.5,259.0,254.31,236.9,237.11,237.31,237.31,237.9,240.81,243.9,251.4,258.61,259.61,259.61,242.61,241.11,241.11,241.5,243.31,244.7,243.7,245.4,245.4,253.61,258.8
2021-08-22 08:00:00,233.2,233.2,232.4,232.0,233.11,231.4,231.81,231.81,232.5,231.61,234.81,233.2,233.2,232.4,232.0,233.11,232.2,232.2,231.2,231.9,231.4,235.61,231.61,231.31,232.0,236.11,235.4,235.4,232.61,231.2,231.31,232.7,235.9,230.81,230.61,235.5,238.61,238.61,237.5,232.61,230.9,231.2,233.31,233.31,233.5,237.31,237.31,240.0,240.2,237.7,231.61,230.31,232.7,232.7,232.7,240.11,240.11,244.0,245.11,241.11,235.61,231.4,232.4,232.4,233.0,234.31,241.11,245.0,247.9,247.9,241.11,235.61,231.4,231.4,232.4,233.0,234.31,241.11,245.0,247.9,247.9,240.2,240.2,235.11,236.0,237.11,233.11,233.61,244.81,248.61,250.5,246.61,246.61,238.5,237.61,239.7,239.7,234.7,234.4,248.31,250.7,250.31,250.31,246.4,237.9,236.4,238.9,238.5,238.61,238.61,249.81,251.0,251.0,248.7,244.11,237.5,236.5,236.9,236.9,237.81,243.0
2021-06-12 04:00:00,283.39,289.79,289.89,282.7,274.0,275.0,271.4,271.4,269.5,275.89,277.7,283.39,289.79,289.89,282.7,274.0,273.0,273.0,273.6,275.1,280.5,282.79,277.6,283.1,284.6,285.6,282.1,282.1,278.89,278.29,278.2,282.29,283.89,268.0,273.89,280.7,286.29,286.29,287.1,284.29,280.7,278.29,282.1,282.1,268.8,271.5,271.5,273.79,281.29,284.1,282.7,275.29,272.71,272.71,272.8,267.0,267.0,270.61,267.61,271.5,278.2,273.7,269.0,269.0,262.61,261.4,258.9,261.11,265.9,268.61,271.5,278.2,273.7,273.7,269.0,262.61,261.4,258.9,261.11,265.9,268.61,264.5,264.5,264.61,261.8,259.11,253.7,251.4,259.11,261.5,264.3,265.61,265.61,261.61,255.5,249.9,249.9,248.0,246.0,262.4,262.9,263.5,263.5,264.5,262.9,257.5,251.9,251.31,250.5,250.5,266.5,264.21,264.21,263.21,263.4,265.61,262.9,257.4,257.4,254.11,253.4
2021-08-08 06:00:00,294.89,294.6,294.2,293.7,292.6,294.39,294.89,294.89,294.5,294.7,295.5,294.89,294.6,294.2,293.7,292.6,294.79,294.79,295.29,294.79,294.1,295.1,295.39,295.0,293.89,293.6,294.29,294.29,294.5,294.39,295.0,294.5,294.89,295.7,295.1,294.7,293.89,293.89,294.5,294.5,294.7,294.7,295.0,295.0,295.1,295.2,295.2,295.0,294.29,294.2,294.79,294.89,294.89,294.89,294.6,294.6,294.6,294.79,294.6,294.39,294.89,294.7,295.0,295.0,294.79,294.2,293.89,294.1,294.7,294.1,294.39,294.89,294.7,294.7,295.0,294.79,294.2,293.89,294.1,294.7,294.1,294.7,294.7,294.79,294.7,294.89,294.29,293.89,294.0,293.79,294.29,294.89,294.89,294.7,295.0,295.0,294.39,294.2,293.89,294.1,292.89,294.29,294.29,295.0,295.1,295.1,294.79,294.5,294.1,294.1,294.0,293.2,293.2,294.0,295.0,295.39,295.2,294.6,294.6,294.29,294.29
2021-08-24 03:00:00,282.29,278.39,278.1,277.1,279.79,267.4,261.11,261.11,255.7,254.2,250.7,282.29,278.39,278.1,277.1,279.79,276.29,276.29,268.61,261.71,258.11,258.3,286.79,284.0,283.39,283.2,280.39,280.39,279.79,276.29,269.21,264.0,264.0,289.5,288.7,287.0,286.5,286.5,284.5,280.2,276.6,276.1,272.0,272.0,291.1,290.39,290.39,289.0,287.79,286.2,280.7,277.0,278.7,278.7,277.29,291.39,291.39,291.1,288.89,289.2,284.5,281.6,281.29,281.29,281.79,279.2,289.89,290.5,290.6,289.7,289.2,284.5,281.6,281.6,281.29,281.79,279.2,289.89,290.5,290.6,289.7,289.2,289.2,284.6,282.2,282.89,283.6,283.6,290.1,289.1,290.2,289.7,289.7,288.89,286.39,283.29,283.6,285.2,285.7,290.5,289.7,290.2,290.2,289.89,289.29,287.7,286.2,286.1,286.2,286.2,291.0,290.6,290.6,290.7,290.7,290.29,289.79,289.1,289.1,288.39,287.39
2021-08-27 06:00:00,278.2,277.7,277.79,277.79,278.5,279.6,279.89,279.89,279.39,279.89,279.2,278.2,277.7,277.79,277.79,278.5,280.1,280.1,280.0,280.7,280.89,280.1,277.6,277.7,277.89,278.2,278.0,278.0,280.29,281.5,281.2,281.29,281.5,276.29,277.29,277.79,277.7,277.7,277.7,279.79,281.7,280.89,282.5,282.5,275.2,276.6,276.6,276.5,276.79,277.1,278.0,280.29,281.1,281.1,282.29,274.89,274.89,275.1,274.79,274.79,275.39,275.89,277.89,277.89,280.79,281.89,275.1,273.2,272.71,272.3,274.79,275.39,275.89,275.89,277.89,280.79,281.89,275.1,273.2,272.71,272.3,271.9,271.9,273.1,275.2,277.29,279.1,280.79,276.1,274.79,270.5,267.11,267.11,267.71,270.4,273.6,275.89,277.2,278.39,276.7,275.6,271.21,271.21,264.3,261.61,264.71,270.9,273.89,274.79,274.79,277.5,277.0,277.0,273.2,261.21,255.2,261.9,266.71,266.71,268.9,272.4
2021-06-06 10:00:00,297.1,296.79,296.79,296.79,297.0,297.1,296.79,296.79,296.5,296.0,295.79,297.1,296.79,296.79,296.79,297.0,296.89,296.89,296.6,295.89,295.7,295.39,296.6,296.6,296.39,296.5,296.89,296.89,296.39,295.6,295.89,295.7,294.79,296.29,296.29,296.2,296.2,296.2,296.0,295.7,295.5,295.39,295.1,295.1,296.0,295.79,295.79,295.89,295.89,295.89,295.5,295.2,295.0,295.0,294.1,295.7,295.7,295.2,295.2,295.5,295.29,295.0,294.89,294.89,294.2,292.6,295.6,295.39,295.1,295.0,295.5,295.29,295.0,295.0,294.89,294.2,292.6,295.6,295.39,295.1,295.0,295.0,295.0,294.6,294.29,293.79,292.89,292.39,295.6,295.6,295.2,294.79,294.79,294.6,294.2,293.6,292.6,292.0,292.5,296.2,295.7,295.29,295.29,295.0,294.5,294.0,292.79,291.79,292.2,292.2,296.5,295.79,295.79,295.39,295.0,294.5,293.1,291.79,291.79,292.1,292.2
2021-07-14 09:00:00,288.39,289.39,291.0,291.79,289.89,291.1,291.5,291.5,291.39,291.29,291.29,288.39,289.39,291.0,291.79,289.89,290.39,290.39,291.1,291.1,291.39,291.39,287.2,289.5,290.39,290.89,289.6,289.6,289.5,290.6,290.7,290.89,290.89,286.29,290.5,290.7,290.29,290.29,289.89,289.29,290.5,291.0,291.1,291.1,285.39,290.2,290.2,291.39,290.89,292.1,289.1,290.89,292.39,292.39,291.79,286.5,286.5,289.29,291.89,292.1,291.5,289.0,290.29,290.29,293.0,293.2,287.0,289.29,290.5,291.7,292.1,291.5,289.0,289.0,290.29,293.0,293.2,287.0,289.29,290.5,291.7,292.0,292.0,289.1,287.79,289.1,291.2,293.0,287.1,289.2,289.79,289.29,289.29,288.89,286.79,284.0,283.39,287.29,290.79,280.89,282.89,284.2,284.2,284.5,284.5,279.2,273.89,273.7,276.39,276.39,270.8,271.9,271.9,275.0,276.39,276.6,273.5,262.4,262.4,256.11,262.61
2021-08-05 06:00:00,290.5,289.79,289.7,289.2,289.0,289.5,290.29,290.29,290.89,290.79,291.39,290.5,289.79,289.7,289.2,289.0,289.7,289.7,290.5,290.89,291.6,291.39,290.0,289.6,289.6,290.0,289.0,289.0,290.39,290.79,290.79,291.7,292.0,289.2,289.5,290.0,290.5,290.5,290.0,291.0,291.0,290.89,292.29,292.29,289.6,289.7,289.7,290.2,291.1,291.2,291.0,291.39,291.6,291.6,292.29,290.1,290.1,289.89,291.0,291.7,291.39,291.29,291.7,291.7,292.29,291.89,290.29,290.6,290.29,291.2,291.7,291.39,291.29,291.29,291.7,292.29,291.89,290.29,290.6,290.29,291.2,291.89,291.89,291.7,291.79,292.1,292.1,291.79,290.79,291.5,291.5,291.79,291.79,292.39,292.39,292.5,292.29,292.0,292.29,291.5,292.1,292.2,292.2,292.7,292.79,292.79,292.7,292.2,292.2,292.2,292.39,292.7,292.7,292.79,292.89,293.2,293.0,292.6,292.6,292.39,292.39
2021-08-09 07:00:00,246.7,245.11,240.61,238.61,237.11,239.9,241.2,241.2,242.4,247.61,249.9,246.7,245.11,240.61,238.61,237.11,238.5,238.5,241.11,243.9,251.9,253.11,248.11,243.5,238.81,237.61,234.61,234.61,237.11,241.4,247.9,254.81,254.11,247.31,241.4,238.31,236.4,236.4,234.4,236.81,243.31,251.61,255.4,255.4,245.0,239.5,239.5,237.7,235.81,236.31,241.4,248.2,253.2,253.2,253.0,244.31,244.31,238.2,237.11,236.31,240.0,246.9,251.7,251.7,253.61,252.5,249.31,245.81,238.9,236.4,236.31,240.0,246.9,246.9,251.7,253.61,252.5,249.31,245.81,238.9,236.4,238.4,238.4,244.61,250.4,251.61,254.11,253.2,250.31,247.2,240.0,237.7,237.7,241.0,248.2,251.31,252.31,253.4,251.11,251.0,246.2,239.61,239.61,239.7,244.61,249.81,250.31,251.11,252.2,252.2,252.2,244.81,244.81,239.31,243.4,247.5,248.5,249.11,249.11,249.7,250.81
2021-06-15 06:00:00,289.1,288.89,289.1,288.89,289.0,289.2,288.89,288.89,289.0,289.2,289.2,289.1,288.89,289.1,288.89,289.0,289.1,289.1,289.1,289.1,289.39,289.29,289.0,289.0,289.0,289.0,289.0,289.0,289.2,289.29,289.29,289.39,289.39,289.0,289.1,289.0,289.1,289.1,289.29,289.1,289.39,289.5,289.39,289.39,289.2,289.1,289.1,289.1,289.29,289.2,289.2,289.39,289.6,289.6,289.6,289.1,289.1,289.29,289.1,289.39,289.39,289.2,289.39,289.39,289.7,289.6,289.29,289.2,289.2,289.29,289.39,289.39,289.2,289.2,289.39,289.7,289.6,289.29,289.2,289.2,289.29,289.39,289.39,289.39,289.5,289.5,289.7,289.6,289.39,289.2,289.29,289.2,289.2,289.5,289.7,289.7,289.79,289.6,289.79,289.39,289.6,289.39,289.39,289.6,289.6,289.7,289.89,290.0,290.0,290.0,289.6,289.5,289.5,289.79,290.0,289.89,289.79,290.0,290.0,290.0,290.29
2021-06-02 08:00:00,281.7,280.7,278.5,276.6,272.21,271.8,271.11,271.11,271.71,274.29,274.0,281.7,280.7,278.5,276.6,272.21,271.9,271.9,271.71,269.11,270.4,271.21,281.0,279.5,278.5,273.6,269.21,269.21,272.21,269.8,265.4,269.5,268.3,278.89,278.1,275.6,269.4,269.4,268.9,269.3,269.3,263.61,260.3,260.3,275.6,276.0,276.0,272.0,265.11,265.8,265.3,264.4,263.8,263.8,262.21,271.8,271.8,272.61,269.8,262.4,255.61,261.3,266.5,266.5,266.21,261.8,264.8,265.9,266.61,263.4,262.4,255.61,261.3,261.3,266.5,266.21,261.8,264.8,265.9,266.61,263.4,261.3,261.3,252.0,259.21,267.5,267.4,263.5,259.4,260.3,260.9,261.5,261.5,258.3,253.5,256.11,264.71,266.5,268.71,258.5,263.0,264.11,264.11,262.4,257.5,254.2,253.31,260.9,266.0,266.0,259.21,266.61,266.61,269.9,267.5,260.5,254.9,253.4,253.4,257.8,263.71
2021-06-02 05:00:00,282.29,281.6,280.79,280.89,282.0,284.1,283.89,283.89,283.1,282.79,282.89,282.29,281.6,280.79,280.89,282.0,282.7,282.7,282.39,281.6,281.39,281.7,281.1,281.1,281.5,280.2,279.29,279.29,278.7,279.6,280.2,280.5,281.2,280.29,281.1,281.29,280.5,280.5,277.1,275.1,277.89,279.0,278.5,278.5,279.89,281.0,281.0,280.79,280.89,279.39,276.1,277.5,276.6,276.6,275.79,280.29,280.29,281.1,281.6,281.79,280.5,279.6,276.6,276.6,274.79,275.5,281.5,282.1,282.79,283.2,281.79,280.5,279.6,279.6,276.6,274.79,275.5,281.5,282.1,282.79,283.2,283.39,283.39,282.2,281.7,276.89,274.29,274.89,281.7,282.7,284.29,283.5,283.5,284.29,285.2,282.39,278.7,275.39,273.79,282.2,282.79,284.6,284.6,284.79,285.1,285.6,282.89,280.29,277.5,277.5,282.7,283.39,283.39,284.5,285.39,285.79,284.39,283.2,283.2,281.5,281.1
2021-07-15 10:00:00,201.2,201.81,204.39999999999998,204.7,204.7,204.5,204.39999999999998,204.39999999999998,205.11,204.5,204.39999999999998,201.2,201.81,204.39999999999998,204.7,204.7,204.61,204.61,205.2,205.0,204.7,204.9,201.89999999999998,203.11,204.5,205.9,205.11,205.11,205.7,204.7,204.81,205.0,205.5,203.61,204.81,205.11,205.9,205.9,206.2,205.7,205.31,205.0,205.0,205.0,207.11,207.81,207.81,206.4,205.4,205.81,205.31,205.7,206.7,206.7,207.7,212.9,212.9,210.7,208.11,205.7,205.5,206.11,207.2,207.2,209.11,210.9,216.7,214.7,211.0,209.11,205.7,205.5,206.11,206.11,207.2,209.11,210.9,216.7,214.7,211.0,209.11,207.2,207.2,207.4,208.5,209.9,212.4,213.4,218.9,215.31,212.81,211.61,211.61,210.5,210.81,211.61,212.81,215.2,215.0,227.4,220.31,218.4,218.4,217.31,216.5,215.7,215.7,215.9,216.2,216.2,237.5,231.7,231.7,225.9,223.61,223.5,222.4,220.9,220.9,219.81,218.5
2021-07-16 10:00:00,225.11,226.11,227.11,226.61,225.61,224.4,224.9,224.9,225.11,224.9,224.2,225.11,226.11,227.11,226.61,225.61,225.0,225.0,225.7,225.11,224.7,224.0,227.81,228.81,230.0,228.9,226.4,226.4,226.2,225.61,225.11,224.61,223.11,229.2,231.0,231.61,230.11,230.11,228.4,226.9,226.11,225.2,223.9,223.9,228.81,231.11,231.11,232.0,229.81,228.9,228.31,227.11,225.4,225.4,224.7,229.7,229.7,230.5,230.7,229.4,229.81,229.61,227.9,227.9,226.61,226.5,230.5,230.5,230.11,230.2,229.4,229.81,229.61,229.61,227.9,226.61,226.5,230.5,230.5,230.11,230.2,229.81,229.81,229.11,228.81,228.31,228.5,229.5,232.0,230.4,230.4,230.81,230.81,230.4,229.2,228.31,229.4,230.81,232.0,232.31,232.11,231.9,231.9,231.7,231.11,230.11,230.81,231.9,232.31,232.31,232.81,233.7,233.7,233.5,233.0,231.2,231.81,232.81,232.81,234.4,233.11
2021-07-20 03:00:00,290.0,290.1,290.1,290.39,290.29,290.2,290.0,290.0,289.89,290.39,290.7,290.0,290.1,290.1,290.39,290.29,290.0,290.0,289.89,289.89,290.39,291.1,290.0,289.89,290.0,290.29,290.29,290.29,289.79,289.5,289.79,290.6,291.0,290.29,289.6,289.89,290.29,290.29,290.1,289.79,289.5,290.0,290.29,290.29,289.79,289.89,289.89,289.79,290.0,289.89,290.0,290.2,290.1,290.1,290.0,289.89,289.89,290.0,290.0,289.7,289.89,290.2,290.5,290.5,289.89,288.79,289.7,289.89,290.1,290.0,289.7,289.89,290.2,290.2,290.5,289.89,288.79,289.7,289.89,290.1,290.0,290.0,290.0,289.6,289.5,289.7,289.39,287.2,289.5,290.0,290.0,290.0,290.0,290.29,289.5,288.89,288.2,287.5,287.2,289.29,289.29,289.39,289.39,289.5,289.2,289.7,290.0,288.6,286.0,286.0,289.2,288.89,288.89,288.89,288.6,288.29,289.5,290.5,290.5,289.29,284.39
2021-07-30 02:00:00,291.29,291.2,291.39,291.6,291.5,291.39,291.29,291.29,291.29,291.29,291.0,291.29,291.2,291.39,291.6,291.5,291.5,291.5,291.39,291.29,291.1,291.1,291.2,291.39,291.2,291.7,291.79,291.79,291.5,291.5,291.2,291.39,291.1,291.29,291.39,291.39,291.6,291.6,291.6,291.5,291.6,291.2,291.6,291.6,291.39,291.39,291.39,291.6,291.6,291.6,291.6,291.6,291.29,291.29,291.39,291.39,291.39,291.39,291.6,291.6,291.6,291.6,291.39,291.39,291.39,291.0,291.6,291.5,291.5,291.5,291.6,291.6,291.6,291.6,291.39,291.39,291.0,291.6,291.5,291.5,291.5,291.6,291.6,291.5,291.5,291.39,291.2,291.0,291.7,291.79,291.5,291.5,291.5,291.7,291.5,291.5,291.1,291.1,291.1,292.0,291.79,291.79,291.79,291.79,291.7,291.5,291.39,291.1,291.2,291.2,292.1,292.0,292.0,291.89,292.0,291.7,291.39,291.29,291.29,291.29,291.2
2021-08-25 03:00:00,297.2,297.29,297.1,297.6,298.2,298.2,298.0,298.0,297.89,297.6,297.6,297.2,297.29,297.1,297.6,298.2,298.29,298.29,297.89,297.89,297.7,297.5,297.0,297.1,297.2,297.6,298.2,298.2,298.2,297.79,298.0,298.0,297.39,296.89,297.0,297.29,297.89,297.89,298.0,298.0,297.89,298.0,297.79,297.79,296.89,296.89,296.89,297.29,297.89,297.79,297.89,298.0,297.7,297.7,297.39,296.6,296.6,296.89,297.2,297.7,297.79,297.5,297.5,297.5,297.5,296.29,296.5,296.6,296.79,297.0,297.7,297.79,297.5,297.5,297.5,297.5,296.29,296.5,296.6,296.79,297.0,297.5,297.5,297.29,297.2,296.79,296.6,296.29,296.7,296.7,296.6,296.89,296.89,297.39,296.89,297.0,296.5,295.89,296.0,296.7,296.79,296.79,296.79,296.89,297.1,296.79,296.29,296.1,295.7,295.7,297.0,296.79,296.79,297.0,296.89,296.79,296.29,295.7,295.7,295.79,295.6
2021-06-03 09:00:00,259.61,261.61,261.0,259.4,258.3,258.21,258.8,258.8,260.5,260.0,259.0,259.61,261.61,261.0,259.4,258.3,259.11,259.11,258.8,260.11,261.5,260.4,260.4,261.11,260.0,259.21,259.0,259.0,260.8,260.5,261.0,261.21,261.0,260.11,260.0,258.9,259.4,259.4,259.71,262.0,261.8,261.3,260.11,260.11,258.9,259.21,259.21,258.71,258.11,259.61,260.9,260.61,260.71,260.71,259.71,256.11,256.11,257.9,257.3,257.0,258.3,259.11,258.71,258.71,259.11,258.11,251.9,251.7,255.11,254.81,257.0,258.3,259.11,259.11,258.71,259.11,258.11,251.9,251.7,255.11,254.81,256.3,256.3,257.9,257.8,257.0,256.71,255.4,248.0,248.61,251.0,251.7,251.7,255.7,257.3,256.8,255.81,254.31,252.0,245.4,246.2,248.9,248.9,251.11,255.0,256.71,257.3,254.5,252.0,252.0,242.5,243.0,243.0,247.7,251.9,253.7,257.11,256.71,256.71,252.0,250.11
2021-07-11 02:00:00,249.11,245.61,244.0,243.2,241.11,239.9,242.31,242.31,244.81,246.5,245.81,249.11,245.61,244.0,243.2,241.11,240.11,240.11,244.9,247.4,248.0,248.31,249.4,245.81,245.61,245.11,244.81,244.81,245.5,247.4,248.7,247.9,249.2,250.7,246.9,246.0,247.31,247.31,250.2,250.2,248.81,248.9,249.4,249.4,248.7,247.81,247.81,248.31,248.7,249.5,249.7,249.4,249.31,249.31,249.81,246.9,246.9,247.9,249.31,248.7,248.11,247.2,247.31,247.31,248.31,250.4,247.0,247.4,248.5,248.4,248.7,248.11,247.2,247.2,247.31,248.31,250.4,247.0,247.4,248.5,248.4,248.2,248.2,246.81,246.31,247.61,248.11,248.7,245.0,247.0,248.31,248.4,248.4,247.11,245.31,246.0,247.4,247.9,250.5,245.0,245.9,247.0,247.0,246.61,246.4,245.61,245.81,247.61,248.4,248.4,246.4,246.2,246.2,245.4,245.7,246.0,246.2,246.4,246.4,246.81,248.9
2021-08-05 08:00:00,291.79,292.1,291.7,292.1,292.29,292.0,292.0,292.0,292.0,291.79,291.6,291.79,292.1,291.7,292.1,292.29,292.0,292.0,291.89,292.0,292.0,291.7,292.0,292.0,291.7,292.0,292.1,292.1,292.1,292.2,291.89,291.79,291.7,291.79,291.89,291.7,291.6,291.6,291.79,292.2,292.39,291.79,291.79,291.79,291.7,291.7,291.7,292.0,291.79,291.7,292.2,291.89,292.0,292.0,292.0,291.6,291.6,291.6,291.89,292.0,291.79,291.7,291.89,291.89,292.0,291.79,291.29,291.7,291.79,291.7,292.0,291.79,291.7,291.7,291.89,292.0,291.79,291.29,291.7,291.79,291.7,292.1,292.1,291.79,291.89,291.89,291.89,291.89,291.2,291.5,291.79,291.6,291.6,292.0,292.0,291.89,292.0,291.79,291.89,291.6,291.5,291.79,291.79,292.0,292.2,292.1,292.2,291.89,291.89,291.89,292.1,292.1,292.1,291.79,292.0,292.29,292.39,292.29,292.29,291.89,291.89
2021-06-07 05:00:00,265.0,261.8,261.61,280.0,279.89,270.0,266.3,266.3,259.5,266.0,274.2,265.0,261.8,261.61,280.0,279.89,262.9,262.9,253.9,250.81,260.4,269.11,254.9,256.4,266.9,274.6,271.8,271.8,256.9,241.2,242.0,250.31,264.21,250.5,256.5,270.71,270.4,270.4,262.21,249.31,234.11,235.4,242.4,242.4,252.5,261.5,261.5,267.0,268.3,259.61,243.11,232.5,232.4,232.4,240.5,263.4,263.4,265.5,265.71,265.8,258.5,239.9,233.2,233.2,233.61,238.11,268.21,268.4,268.8,267.21,265.8,258.5,239.9,239.9,233.2,233.61,238.11,268.21,268.4,268.8,267.21,261.11,261.11,254.31,242.81,237.81,234.5,234.81,275.2,273.0,270.11,261.11,261.11,256.5,255.81,245.9,238.2,234.61,236.2,277.0,275.6,268.61,268.61,258.3,252.4,254.61,244.9,237.31,235.4,235.4,277.2,275.89,275.89,267.9,257.3,251.5,249.5,243.9,243.9,240.9,237.4
2021-07-09 00:00:00,289.6,289.7,289.6,289.5,289.39,289.1,289.1,289.1,289.0,288.89,288.79,289.6,289.7,289.6,289.5,289.39,289.29,289.29,289.2,289.0,288.79,288.79,289.79,289.89,289.6,289.79,289.6,289.6,289.6,289.2,289.0,288.89,288.7,290.1,290.0,290.1,289.89,289.89,290.0,289.7,289.39,289.0,288.89,288.89,290.39,290.1,290.1,290.2,290.29,289.89,289.89,289.39,289.2,289.2,288.89,290.39,290.39,290.2,290.2,290.39,290.1,289.7,289.39,289.39,289.29,289.2,290.5,291.0,290.79,290.39,290.39,290.1,289.7,289.7,289.39,289.29,289.2,290.5,291.0,290.79,290.39,290.29,290.29,290.2,289.7,289.39,289.5,289.29,290.7,291.5,291.39,291.0,291.0,290.5,290.1,290.0,289.79,289.79,289.5,291.0,291.39,291.6,291.6,291.6,291.2,290.6,290.5,290.6,290.5,290.5,291.5,291.29,291.29,291.79,291.89,291.79,291.2,291.0,291.0,291.1,291.2
2021-07-19 22:00:00,286.5,286.89,287.6,288.1,287.7,287.0,285.79,285.79,285.7,286.1,286.5,286.5,286.89,287.6,288.1,287.7,286.79,286.79,286.7,286.5,286.7,287.2,285.89,286.89,286.89,287.39,287.5,287.5,287.1,287.29,287.29,287.89,288.39,284.29,286.79,286.89,287.0,287.0,287.29,287.6,287.79,288.0,289.0,289.0,282.6,286.6,286.6,287.29,287.1,287.2,287.7,287.89,288.7,288.7,289.2,284.2,284.2,286.0,287.0,287.5,287.39,287.5,288.5,288.5,288.89,288.79,283.5,284.2,286.39,287.6,287.5,287.39,287.5,287.5,288.5,288.89,288.79,283.5,284.2,286.39,287.6,287.6,287.6,287.6,288.0,288.5,288.6,288.5,285.2,285.79,287.0,287.39,287.39,287.79,288.0,288.39,288.2,288.1,288.1,286.6,287.0,287.39,287.39,287.6,288.2,288.29,288.39,288.1,287.7,287.7,287.2,287.39,287.39,287.6,288.1,288.39,288.39,288.1,288.1,287.7,287.2
2021-07-23 05:00:00,292.89,293.2,293.2,293.2,292.79,292.89,292.39,292.39,292.29,292.2,291.89,292.89,293.2,293.2,293.2,292.79,292.7,292.7,292.39,292.2,291.79,291.5,292.7,292.6,293.0,293.1,292.6,292.6,292.2,292.29,292.0,292.1,291.89,292.2,292.0,292.29,293.1,293.1,292.5,291.7,291.79,291.89,292.39,292.39,292.1,292.2,292.2,292.39,292.89,292.39,291.79,291.79,292.0,292.0,292.1,292.2,292.2,292.29,292.39,292.6,292.39,291.79,291.89,291.89,291.79,291.5,291.79,292.1,292.1,292.1,292.6,292.39,291.79,291.79,291.89,291.79,291.5,291.79,292.1,292.1,292.1,292.7,292.7,292.29,291.6,291.5,291.39,291.39,292.0,291.6,291.79,292.39,292.39,292.39,291.89,291.1,290.79,290.7,291.1,292.7,292.0,291.6,291.6,291.39,291.79,291.1,290.0,289.79,289.29,289.29,293.5,292.6,292.6,291.5,291.0,290.89,290.1,288.79,288.79,287.5,287.89
2021-08-16 02:00:00,270.11,272.21,272.4,269.0,263.11,265.8,265.5,265.5,264.4,264.21,264.0,270.11,272.21,272.4,269.0,263.11,262.8,262.8,261.0,259.8,260.9,261.9,269.61,272.3,272.21,268.5,262.0,262.0,257.71,254.81,255.81,258.5,259.71,266.61,270.8,273.89,267.9,267.9,261.61,254.9,252.7,254.5,256.71,256.71,267.9,268.9,268.9,272.9,270.5,267.8,262.4,257.8,258.0,258.0,259.3,270.11,270.11,267.5,270.21,273.39,273.2,270.3,265.3,265.3,262.0,263.61,267.8,274.5,270.4,271.5,273.39,273.2,270.3,270.3,265.3,262.0,263.61,267.8,274.5,270.4,271.5,273.29,273.29,273.39,272.8,269.21,267.4,270.3,266.61,275.6,273.1,272.4,272.4,271.61,271.21,272.4,272.21,272.0,273.2,265.4,271.21,269.11,269.11,267.71,268.21,267.61,268.11,269.3,271.21,271.21,262.11,264.0,264.0,262.3,262.11,263.3,262.0,262.11,262.11,265.21,269.5
2021-06-06 08:00:00,297.89,298.79,298.89,299.29,299.6,299.79,299.5,299.5,298.89,297.7,297.5,297.89,298.79,298.89,299.29,299.6,299.7,299.7,299.1,298.39,297.5,297.1,298.7,298.89,298.7,299.39,299.7,299.7,299.39,298.5,298.39,297.79,296.29,298.7,299.39,299.29,299.6,299.6,299.29,298.89,298.5,298.1,297.29,297.29,299.0,299.29,299.29,299.29,299.5,299.6,298.89,298.2,297.2,297.2,295.6,298.79,298.79,298.89,298.89,299.2,299.1,298.6,297.7,297.7,295.7,293.5,299.0,298.7,298.7,298.89,299.2,299.1,298.6,298.6,297.7,295.7,293.5,299.0,298.7,298.7,298.89,298.79,298.79,298.39,297.5,295.89,294.0,293.1,299.29,299.1,298.7,298.29,298.29,298.6,297.79,296.0,293.79,292.6,292.79,299.5,299.2,298.7,298.7,298.39,298.39,297.1,294.39,292.7,292.7,292.7,299.29,298.7,298.7,298.6,298.6,297.79,295.0,292.79,292.79,292.7,292.6
2021-07-04 06:00:00,251.5,253.2,255.0,255.0,254.9,256.5,257.0,257.0,258.0,257.8,258.11,251.5,253.2,255.0,255.0,254.9,256.71,256.71,257.5,257.5,257.5,258.4,252.2,253.11,255.31,255.61,253.5,253.5,254.0,257.0,257.4,258.5,259.3,253.4,253.2,254.2,255.5,255.5,254.11,252.0,253.4,257.8,259.61,259.61,252.11,251.31,251.31,252.0,254.11,254.61,253.2,253.2,256.0,256.0,258.3,249.9,249.9,249.9,251.4,252.81,254.7,254.61,253.9,253.9,253.7,257.3,253.31,251.2,250.81,252.2,252.81,254.7,254.61,254.61,253.9,253.7,257.3,253.31,251.2,250.81,252.2,252.7,252.7,253.11,253.5,253.31,253.0,256.8,252.9,253.5,252.5,253.11,253.11,253.81,253.4,253.2,253.31,254.61,256.5,252.81,253.61,255.2,255.2,255.81,256.9,257.61,256.3,257.8,258.71,258.71,254.11,256.3,256.3,258.5,261.0,262.3,262.0,262.71,262.71,262.9,263.4
2021-07-04 00:00:00,288.79,292.1,292.6,292.7,292.79,293.29,293.1,293.1,292.79,292.29,292.7,288.79,292.1,292.6,292.7,292.79,293.6,293.6,292.79,292.39,292.39,293.2,282.7,286.5,289.5,292.5,292.89,292.89,293.1,293.1,292.7,291.39,291.39,272.8,280.2,287.79,289.79,289.79,291.1,292.39,292.6,292.6,292.1,292.1,271.21,276.0,276.0,280.1,286.2,290.79,293.29,292.79,292.1,292.1,291.2,279.79,279.79,271.9,272.8,281.89,289.6,292.0,292.1,292.1,291.1,290.7,287.5,284.89,279.39,275.7,281.89,289.6,292.0,292.0,292.1,291.1,290.7,287.5,284.89,279.39,275.7,278.39,278.39,278.0,285.2,289.89,291.1,291.79,289.6,289.1,287.2,282.89,282.89,276.5,265.61,278.39,288.79,290.0,290.7,291.39,290.7,286.2,286.2,279.89,278.0,273.89,275.1,282.5,286.7,286.7,291.5,288.2,288.2,281.89,279.39,280.6,283.1,277.6,277.6,272.3,284.2
2021-06-03 07:00:00,253.7,249.61,242.4,238.2,236.0,240.4,240.9,240.9,236.9,239.81,240.11,253.7,249.61,242.4,238.2,236.0,234.0,234.0,232.11,233.7,237.7,238.7,249.4,244.9,236.7,233.4,231.4,231.4,229.11,228.81,231.31,234.7,235.0,245.0,240.0,234.31,230.31,230.31,227.9,227.5,228.0,231.0,231.9,231.9,241.31,235.11,235.11,233.11,230.11,229.11,228.0,228.61,231.9,231.9,230.11,238.2,238.2,232.4,230.61,231.5,230.81,229.5,230.81,230.81,232.2,230.2,239.4,236.4,231.4,230.11,231.5,230.81,229.5,229.5,230.81,232.2,230.2,239.4,236.4,231.4,230.11,231.31,231.31,234.0,233.5,233.2,231.9,229.2,238.61,235.61,231.9,230.5,230.5,232.61,235.5,237.5,235.81,232.0,230.0,238.9,235.2,231.5,231.5,231.9,234.4,235.0,235.7,234.7,233.0,233.0,238.9,234.4,234.4,230.61,233.31,235.0,233.61,232.31,232.31,232.2,233.4
2021-08-29 01:00:00,260.3,269.11,271.5,277.6,285.1,284.2,283.2,283.2,283.1,281.6,273.29,260.3,269.11,271.5,277.6,285.1,287.2,287.2,286.0,284.79,279.5,273.29,258.8,271.4,276.6,278.29,281.89,281.89,285.29,285.7,285.29,283.0,280.2,259.4,273.5,276.29,276.79,276.79,276.79,281.7,283.79,285.39,286.1,286.1,258.8,269.21,269.21,266.61,268.71,273.0,279.89,282.0,283.39,283.39,285.5,257.8,257.8,264.21,257.61,258.21,266.8,275.79,278.79,278.79,278.79,281.29,275.5,262.71,261.61,254.31,258.21,266.8,275.79,275.79,278.79,278.79,281.29,275.5,262.71,261.61,254.31,249.81,249.81,251.9,264.8,273.5,275.29,277.1,279.29,271.11,259.8,248.11,248.11,243.11,243.0,253.0,265.11,271.3,272.21,278.5,272.61,260.21,260.21,247.9,242.4,242.7,253.11,259.8,262.8,262.8,276.6,273.7,273.7,262.21,252.11,245.61,245.81,255.2,255.2,260.61,252.4
2021-07-05 01:00:00,220.61,218.11,216.4,215.0,214.5,214.2,214.61,214.61,212.4,211.7,212.11,220.61,218.11,216.4,215.0,214.5,215.11,215.11,214.2,212.31,212.81,211.9,223.81,221.11,219.2,217.0,216.31,216.31,213.9,212.4,213.2,213.61,213.11,226.2,223.9,221.5,219.4,219.4,216.7,213.2,213.11,214.2,214.2,214.2,226.9,225.2,225.2,222.9,221.11,217.11,215.4,214.4,215.4,215.4,216.7,229.4,229.4,226.61,223.11,221.9,218.9,217.31,216.2,216.2,216.61,218.0,229.81,230.81,228.31,224.11,221.9,218.9,217.31,217.31,216.2,216.61,218.0,229.81,230.81,228.31,224.11,222.0,222.0,220.81,220.11,218.5,218.2,218.2,232.5,232.7,230.2,224.7,224.7,222.5,222.31,222.31,220.81,219.0,218.0,239.7,238.11,231.81,231.81,227.2,224.61,223.7,222.9,220.9,219.11,219.11,247.9,244.2,244.2,235.5,230.9,228.31,225.7,223.11,223.11,221.11,218.9
2021-07-25 09:00:00,250.81,247.0,242.4,238.61,234.81,236.9,238.9,238.9,239.11,241.11,243.4,250.81,247.0,242.4,238.61,234.81,235.7,235.7,237.4,238.7,241.5,243.2,251.61,248.5,244.4,238.2,234.4,234.4,236.61,237.31,238.4,240.0,240.5,253.11,248.0,244.4,237.61,237.61,236.61,237.5,237.31,238.31,238.7,238.7,250.9,245.5,245.5,241.61,238.11,238.4,238.2,237.11,237.31,237.31,237.31,247.4,247.4,242.4,238.7,239.2,240.11,238.5,237.7,237.7,236.7,236.31,247.61,243.4,239.2,236.9,239.2,240.11,238.5,238.5,237.7,236.7,236.31,247.61,243.4,239.2,236.9,240.2,240.2,239.61,237.5,238.4,236.61,237.11,242.81,240.0,237.0,237.61,237.61,239.5,238.31,236.11,237.31,237.2,238.81,239.5,237.5,241.61,241.61,241.5,235.5,235.2,234.81,235.7,238.0,238.0,236.5,240.31,240.31,246.0,240.61,234.11,232.11,234.0,234.0,236.2,238.4
2021-08-21 07:00:00,290.0,290.29,289.7,289.89,289.5,290.2,289.79,289.79,290.2,290.1,290.89,290.0,290.29,289.7,289.89,289.5,290.1,290.1,290.39,289.79,290.2,290.79,289.5,290.0,290.6,290.5,289.89,289.89,289.89,289.7,290.1,290.89,291.6,289.89,290.0,290.79,291.39,291.39,290.2,289.6,290.0,290.2,291.6,291.6,290.29,291.0,291.0,291.1,291.5,290.2,289.7,290.0,290.6,290.6,291.1,291.5,291.5,292.0,291.2,291.5,290.5,289.89,290.1,290.1,290.5,290.6,291.2,291.79,291.5,291.29,291.5,290.5,289.89,289.89,290.1,290.5,290.6,291.2,291.79,291.5,291.29,290.79,290.79,290.5,290.2,290.29,290.0,290.1,291.5,291.1,290.89,291.5,291.5,290.1,290.29,290.7,290.29,290.0,290.0,291.39,290.2,290.39,290.39,290.39,289.79,289.5,290.5,290.2,290.39,290.39,290.79,290.1,290.1,289.7,289.5,289.39,289.7,290.0,290.0,290.1,290.89
2021-06-26 06:00:00,236.4,237.0,236.9,235.7,235.0,235.7,236.61,236.61,239.81,245.61,244.7,236.4,237.0,236.9,235.7,235.0,235.2,235.2,236.7,239.11,241.0,237.31,237.11,237.31,237.11,236.11,234.81,234.81,235.31,236.5,237.5,236.11,235.81,237.4,237.61,237.2,236.4,236.4,235.61,235.81,236.7,236.0,235.5,235.5,238.0,238.4,238.4,237.7,237.11,236.81,237.5,237.81,237.5,237.5,239.11,239.31,239.31,239.4,238.9,238.61,239.2,239.7,240.0,240.0,241.2,244.31,240.2,240.5,240.61,240.11,238.61,239.2,239.7,239.7,240.0,241.2,244.31,240.2,240.5,240.61,240.11,241.4,241.4,241.81,242.0,244.31,247.0,248.0,241.11,241.61,241.5,241.81,241.81,243.4,243.81,244.31,247.7,251.9,251.7,241.81,242.11,244.5,244.5,246.61,245.2,244.4,246.31,253.2,254.4,254.4,243.9,243.5,243.5,248.9,251.4,249.11,244.61,250.61,250.61,258.0,256.8
2021-07-07 00:00:00,201.7,199.5,199.0,199.5,199.31,202.5,202.81,202.81,204.2,205.2,207.4,201.7,199.5,199.0,199.5,199.31,201.5,201.5,203.11,205.4,207.4,208.7,200.31,198.89999999999998,199.0,199.81,200.7,200.7,203.31,205.0,207.0,208.2,209.5,203.61,202.5,202.7,203.5,203.5,205.4,206.2,208.11,208.81,209.9,209.9,211.61,212.7,212.7,213.4,211.9,210.81,210.11,211.2,211.31,211.31,212.61,221.4,221.4,221.9,222.4,220.81,216.4,214.5,213.7,213.7,214.81,214.61,224.7,227.5,228.7,230.31,220.81,216.4,214.5,214.5,213.7,214.81,214.61,224.7,227.5,228.7,230.31,227.81,227.81,220.2,216.5,216.0,217.0,218.2,227.2,230.11,232.7,233.9,233.9,232.4,223.0,217.5,218.0,218.9,220.11,224.7,226.61,230.2,230.2,232.2,231.61,225.2,219.31,219.4,220.0,220.0,220.11,221.0,221.0,224.2,228.5,228.81,224.61,220.61,220.61,220.4,220.31
2021-06-19 23:00:00,290.7,291.29,291.39,291.6,291.7,291.6,292.0,292.0,292.39,291.79,291.5,290.7,291.29,291.39,291.6,291.7,292.0,292.0,292.39,292.89,292.1,291.1,292.0,292.29,292.39,292.2,292.39,292.39,292.29,292.5,292.5,292.2,291.79,292.6,293.1,292.6,292.39,292.39,292.5,292.6,292.39,292.1,292.5,292.5,292.89,292.89,292.89,292.79,292.5,292.5,292.5,292.2,292.2,292.2,292.2,292.79,292.79,292.79,292.6,292.6,292.5,292.39,292.29,292.29,292.1,291.89,292.7,292.79,292.6,292.5,292.6,292.5,292.39,292.39,292.29,292.1,291.89,292.7,292.79,292.6,292.5,292.6,292.6,292.39,292.39,292.2,291.89,291.6,292.39,292.7,292.5,292.5,292.5,292.39,292.29,292.39,291.6,291.7,291.2,292.6,292.79,292.6,292.6,292.29,292.39,292.29,292.0,291.79,291.29,291.29,292.79,292.79,292.79,292.79,292.5,292.39,292.29,291.89,291.89,291.39,291.39
2021-06-10 03:00:00,268.11,268.21,269.0,270.5,269.0,272.4,274.7,274.7,277.7,278.29,279.6,268.11,268.21,269.0,270.5,269.0,272.21,272.21,274.1,277.7,281.7,280.7,266.9,266.3,265.4,269.0,270.8,270.8,270.5,275.1,277.2,278.0,281.79,264.61,263.61,265.11,267.3,267.3,269.0,269.9,272.0,272.9,275.0,275.0,263.61,264.5,264.5,265.8,266.0,265.8,266.21,266.5,265.61,265.61,265.8,263.71,263.71,264.8,264.9,263.61,262.5,260.5,258.0,258.0,256.21,257.5,260.0,259.8,258.8,261.5,263.61,262.5,260.5,260.5,258.0,256.21,257.5,260.0,259.8,258.8,261.5,262.3,262.3,259.5,255.81,252.5,247.31,245.11,257.61,255.11,252.5,257.8,257.8,260.4,258.9,253.4,247.31,242.61,240.11,253.9,256.0,253.2,253.2,257.3,254.4,250.81,249.7,247.11,243.5,243.5,249.9,256.3,256.3,257.3,252.9,249.5,248.0,246.81,246.81,247.11,248.0
2021-06-26 03:00:00,284.0,284.29,281.0,278.7,279.1,278.5,274.5,274.5,274.79,278.1,277.29,284.0,284.29,281.0,278.7,279.1,278.79,278.79,278.39,276.2,275.89,277.2,282.39,281.39,279.2,278.6,278.6,278.6,278.0,277.5,278.2,278.39,278.39,279.0,278.39,277.89,278.5,278.5,277.39,276.7,277.79,279.79,280.0,280.0,277.39,276.7,276.7,276.79,277.6,276.79,278.1,280.2,280.0,280.0,279.7,275.7,275.7,275.79,276.1,276.79,277.29,279.39,280.5,280.5,279.6,279.0,275.1,274.79,275.1,276.2,276.79,277.29,279.39,279.39,280.5,279.6,279.0,275.1,274.79,275.1,276.2,276.7,276.7,277.39,278.79,280.0,279.29,278.39,274.7,274.7,274.7,276.1,276.1,277.0,277.39,278.2,278.7,278.89,278.79,274.7,274.6,274.79,274.79,275.5,276.89,277.7,278.39,278.5,278.2,278.2,275.29,274.89,274.89,274.89,275.5,276.29,278.1,278.39,278.39,277.79,277.7
2021-07-10 02:00:00,293.39,293.2,293.2,293.0,293.2,293.1,293.0,293.0,292.79,292.29,292.29,293.39,293.2,293.2,293.0,293.2,293.1,293.1,293.0,292.79,292.1,292.0,293.5,293.29,293.2,293.0,293.29,293.29,293.1,292.89,292.79,292.5,292.0,293.6,293.29,293.2,293.1,293.1,293.2,293.0,293.0,292.7,292.29,292.29,293.7,293.6,293.6,293.2,293.29,293.2,293.2,293.1,292.6,292.6,292.29,293.89,293.89,293.6,293.29,293.29,293.29,293.2,293.0,293.0,292.6,292.0,294.0,293.89,293.7,293.5,293.29,293.29,293.2,293.2,293.0,292.6,292.0,294.0,293.89,293.7,293.5,293.5,293.5,293.39,293.1,292.79,292.39,291.89,294.29,293.79,293.79,293.89,293.89,293.6,293.6,293.2,292.39,292.29,292.29,294.29,294.2,293.89,293.89,293.89,293.7,293.5,292.79,292.39,292.2,292.2,294.5,294.2,294.2,294.1,293.89,293.79,293.0,292.6,292.6,292.39,292.2
2021-08-02 23:00:00,293.7,293.6,293.39,293.6,293.5,293.6,293.7,293.7,293.6,293.7,293.6,293.7,293.6,293.39,293.6,293.5,293.39,293.39,293.5,293.39,293.39,293.5,293.39,293.39,293.29,293.39,293.29,293.29,293.5,293.39,293.2,293.2,293.39,293.29,293.0,293.2,293.2,293.2,293.39,293.5,293.1,293.2,293.2,293.2,293.29,293.2,293.2,293.2,293.29,293.1,293.29,293.2,293.29,293.29,293.2,293.5,293.5,293.29,293.29,293.29,293.0,293.1,293.1,293.1,293.29,293.29,293.5,293.39,293.29,293.29,293.29,293.0,293.1,293.1,293.1,293.29,293.29,293.5,293.39,293.29,293.29,293.2,293.2,293.0,293.2,293.1,293.29,293.29,293.39,293.39,293.2,293.2,293.2,293.1,293.1,293.29,293.2,293.29,293.2,293.29,293.39,293.1,293.1,293.0,292.89,292.89,293.2,293.2,293.2,293.2,293.2,292.89,292.89,293.0,292.79,292.7,292.7,293.0,293.0,293.0,293.0
2021-08-10 08:00:00,234.31,240.61,246.0,247.2,247.11,245.0,236.0,236.0,230.9,230.4,230.2,234.31,240.61,246.0,247.2,247.11,246.2,246.2,240.0,230.81,228.9,231.2,229.11,233.4,238.61,240.81,240.9,240.9,243.7,241.31,233.81,231.61,232.81,226.31,228.4,233.9,236.4,236.4,236.81,240.11,240.81,237.5,234.4,234.4,225.4,227.61,227.61,231.81,234.0,235.11,239.2,241.7,239.61,239.61,235.2,225.7,225.7,228.4,231.7,232.61,234.31,238.9,242.31,242.31,240.31,237.61,225.11,226.4,230.11,231.81,232.61,234.31,238.9,238.9,242.31,240.31,237.61,225.11,226.4,230.11,231.81,231.31,231.31,232.9,239.4,242.31,240.9,239.0,225.0,227.4,231.2,231.9,231.9,230.7,233.31,240.2,242.7,240.9,240.5,224.2,227.5,231.2,231.2,231.61,231.5,235.5,241.31,242.7,242.11,242.11,223.61,228.2,228.2,231.11,230.9,233.7,239.61,242.7,242.7,243.2,243.61
2021-08-15 03:00:00,285.5,285.0,286.7,287.7,287.39,287.7,287.5,287.5,288.6,289.1,289.29,285.5,285.0,286.7,287.7,287.39,287.0,287.0,287.89,289.0,289.6,289.7,285.79,284.39,285.0,286.89,286.7,286.7,286.39,288.1,289.1,289.79,290.6,285.29,284.39,284.79,286.1,286.1,286.79,286.5,287.39,289.1,290.79,290.79,285.89,285.7,285.7,286.1,286.29,286.2,287.2,287.39,289.6,289.6,290.5,287.5,287.5,287.89,287.5,287.0,286.79,287.39,289.1,289.1,289.7,290.0,288.6,289.39,289.29,288.79,287.0,286.79,287.39,287.39,289.1,289.7,290.0,288.6,289.39,289.29,288.79,288.39,288.39,288.2,288.89,289.39,289.89,290.29,289.1,289.89,289.79,289.7,289.7,289.39,288.6,289.7,289.89,289.6,290.1,289.2,289.79,290.1,290.1,289.5,289.6,289.6,289.5,289.5,289.29,289.29,288.6,289.39,289.39,289.89,289.39,289.6,289.5,289.2,289.2,289.1,288.89
2021-08-28 00:00:00,246.5,263.5,271.5,274.2,274.79,274.29,275.6,275.6,277.5,278.79,279.2,246.5,263.5,271.5,274.2,274.79,273.89,273.89,275.5,277.29,278.7,280.0,244.31,260.71,269.5,274.2,274.29,274.29,273.39,275.2,276.39,277.79,280.5,248.11,256.61,266.5,273.29,273.29,271.61,271.11,272.71,273.2,274.89,274.89,246.7,250.0,250.0,264.3,269.0,267.61,266.11,265.61,267.71,267.71,270.0,242.61,242.61,245.4,261.71,262.4,260.3,258.4,258.11,258.11,260.8,262.0,240.11,244.5,249.9,258.5,262.4,260.3,258.4,258.4,258.11,260.8,262.0,240.11,244.5,249.9,258.5,253.11,253.11,246.7,244.7,253.0,252.4,250.5,236.2,248.7,253.2,254.7,254.7,243.61,234.11,233.61,241.0,245.61,243.0,239.31,244.5,246.2,246.2,244.5,237.5,233.5,230.81,235.0,240.11,240.11,241.11,240.31,240.31,235.7,235.0,232.81,232.31,231.2,231.2,232.11,235.7
2021-07-09 02:00:00,292.29,292.39,292.39,292.6,291.89,290.29,288.89,288.89,286.7,283.79,283.39,292.29,292.39,292.39,292.6,291.89,290.89,290.89,289.79,288.7,288.5,288.29,292.2,292.2,292.39,292.5,292.1,292.1,291.89,291.6,291.29,291.1,291.2,292.0,292.0,292.1,292.1,292.1,291.89,292.6,293.39,292.79,292.5,292.5,292.39,292.29,292.29,292.2,292.29,292.29,293.0,293.6,293.2,293.2,292.89,292.6,292.6,292.6,292.39,292.5,292.79,293.1,293.29,293.29,293.1,292.7,292.39,292.6,292.7,292.6,292.5,292.79,293.1,293.1,293.29,293.1,292.7,292.39,292.6,292.7,292.6,292.79,292.79,293.0,293.0,293.1,292.6,292.7,292.6,292.79,292.7,292.89,292.89,293.1,293.1,293.0,292.39,292.29,291.89,293.1,293.0,293.1,293.1,293.29,293.2,293.0,292.6,292.1,292.1,292.1,293.39,293.39,293.39,293.39,293.29,293.29,292.6,292.1,292.1,291.89,292.0
2021-07-09 23:00:00,287.5,286.2,282.39,273.6,267.9,264.61,260.9,260.9,256.3,254.0,254.9,287.5,286.2,282.39,273.6,267.9,265.4,265.4,259.0,255.61,255.81,255.2,287.5,287.79,284.89,278.6,270.4,270.4,261.21,255.81,255.61,261.4,260.71,287.29,288.0,286.79,283.39,283.39,272.71,259.8,254.9,258.11,266.8,266.8,288.1,287.7,287.7,287.0,284.89,278.1,267.11,260.11,262.4,262.4,270.21,288.29,288.29,287.79,287.6,285.89,281.1,275.6,270.61,270.61,267.5,271.11,290.0,289.1,289.2,289.0,285.89,281.1,275.6,275.6,270.61,267.5,271.11,290.0,289.1,289.2,289.0,286.6,286.6,283.2,282.1,279.79,274.5,273.6,290.5,290.5,290.29,289.89,289.89,286.7,286.5,286.89,284.79,281.29,276.39,291.1,291.1,290.89,290.89,289.89,288.29,288.39,288.29,287.39,285.1,285.1,291.5,291.2,291.2,291.1,290.79,290.0,288.6,288.89,288.89,288.79,287.89
2021-06-07 07:00:00,282.2,282.5,284.39,289.39,293.6,292.2,294.6,294.6,282.79,261.11,268.0,282.2,282.5,284.39,289.39,293.6,296.29,296.29,295.5,284.29,264.61,269.21,292.79,291.1,290.0,296.0,297.79,297.79,299.6,295.5,284.29,271.71,269.0,297.7,297.79,297.29,298.2,298.2,298.39,298.7,293.7,283.39,275.6,275.6,298.89,298.6,298.6,298.7,298.29,297.1,292.79,288.2,284.6,284.6,279.6,298.2,298.2,297.39,298.39,297.89,293.79,286.6,285.29,285.29,284.6,281.1,298.2,297.0,296.89,296.39,297.89,293.79,286.6,286.6,285.29,284.6,281.1,298.2,297.0,296.89,296.39,293.6,293.6,289.79,288.7,287.5,283.29,276.29,296.29,296.6,295.29,289.29,289.29,286.5,289.1,289.0,285.79,280.29,272.4,297.79,296.5,293.0,293.0,287.7,283.2,282.5,281.29,279.2,275.79,275.79,299.2,294.89,294.89,289.7,285.39,279.89,274.0,272.21,272.21,270.0,270.11
2021-06-12 11:00:00,233.5,234.5,234.61,236.5,239.7,241.7,244.11,244.11,244.9,245.0,244.81,233.5,234.5,234.61,236.5,239.7,242.81,242.81,245.5,246.0,245.31,245.4,233.61,234.81,236.4,238.4,240.7,240.7,243.2,244.9,245.4,245.7,245.9,233.0,234.81,236.7,238.81,238.81,240.4,242.11,242.7,243.9,244.31,244.31,232.31,233.61,233.61,235.31,236.11,237.5,238.2,239.2,240.61,240.61,242.5,231.2,231.2,232.2,232.5,232.81,233.2,233.9,235.2,235.2,237.4,239.5,228.9,230.11,230.7,230.4,232.81,233.2,233.9,233.9,235.2,237.4,239.5,228.9,230.11,230.7,230.4,230.2,230.2,230.0,229.61,231.5,234.11,237.5,229.5,230.0,230.5,230.2,230.2,229.81,228.81,228.61,230.4,233.4,236.81,232.4,232.9,232.7,232.7,233.11,232.7,232.81,232.7,233.5,236.11,236.11,237.4,237.5,237.5,237.61,238.61,238.81,239.0,239.2,239.2,238.81,240.61
2021-07-10 07:00:00,283.39,285.79,288.0,288.39,288.2,289.79,291.29,291.29,291.39,290.2,289.29,283.39,285.79,288.0,288.39,288.2,290.0,290.0,292.2,291.89,288.79,288.89,286.0,286.89,288.6,289.7,290.0,290.0,290.29,291.2,290.6,288.2,288.0,286.39,288.29,289.5,290.2,290.2,291.1,290.39,289.5,288.89,287.39,287.39,287.6,289.7,289.7,290.1,290.7,290.0,289.39,288.5,287.39,287.39,287.39,289.89,289.89,290.39,290.39,290.7,290.2,288.5,287.0,287.0,286.89,288.1,290.6,291.89,290.6,289.89,290.7,290.2,288.5,288.5,287.0,286.89,288.1,290.6,291.89,290.6,289.89,290.6,290.6,290.7,288.89,287.1,287.0,287.89,292.7,292.2,290.6,290.0,290.0,290.39,290.39,289.6,288.2,286.89,288.39,292.6,291.39,291.1,291.1,290.6,289.7,289.39,288.29,288.1,287.89,287.89,290.79,290.79,290.79,291.1,290.5,289.39,288.0,287.79,287.79,288.7,289.6
2021-07-31 09:00:00,293.2,292.89,292.6,292.6,292.6,292.0,292.1,292.1,291.7,290.5,284.1,293.2,292.89,292.6,292.6,292.6,292.7,292.7,292.79,292.1,290.2,287.79,293.29,293.1,292.89,292.79,292.79,292.79,292.7,292.7,292.2,291.7,290.39,293.5,293.29,293.2,293.2,293.2,292.79,292.79,292.6,292.6,292.39,292.39,293.6,293.29,293.29,293.2,293.1,293.0,292.7,292.7,292.7,292.7,292.79,293.6,293.6,293.2,293.0,293.1,292.79,292.7,292.6,292.6,292.6,292.79,293.5,293.6,293.1,293.0,293.1,292.79,292.7,292.7,292.6,292.6,292.79,293.5,293.6,293.1,293.0,292.89,292.89,292.79,292.89,292.79,292.39,292.6,293.6,293.6,293.1,292.79,292.79,292.7,293.1,292.89,292.89,292.6,291.89,293.89,293.29,293.2,293.2,293.1,292.89,292.89,292.89,292.7,292.79,292.79,293.89,293.39,293.39,293.2,293.29,293.1,292.7,292.7,292.7,292.7,292.79
2021-08-02 00:00:00,289.5,290.1,290.5,290.6,290.7,290.7,291.1,291.1,291.1,291.29,291.29,289.5,290.1,290.5,290.6,290.7,290.79,290.79,291.0,291.29,291.6,291.29,290.39,290.7,291.0,291.0,291.0,291.0,290.79,291.2,291.29,291.29,291.29,290.79,291.2,291.29,291.2,291.2,291.2,291.1,291.1,291.39,291.39,291.39,291.1,291.2,291.2,291.2,291.29,291.1,291.1,291.1,291.29,291.29,291.5,291.1,291.1,291.1,291.2,291.2,291.29,291.1,290.79,290.79,291.29,291.6,291.1,290.89,290.79,290.79,291.2,291.29,291.1,291.1,290.79,291.29,291.6,291.1,290.89,290.79,290.79,291.0,291.0,291.1,291.0,291.0,291.2,291.1,291.1,290.5,290.79,290.79,290.79,290.79,290.89,291.0,290.89,291.2,290.89,291.1,291.0,290.79,290.79,290.89,291.0,290.7,290.79,290.79,291.0,291.0,291.0,290.89,290.89,291.1,291.0,291.2,290.79,290.7,290.7,290.79,290.89
2021-08-09 10:00:00,258.61,258.61,258.3,258.4,258.3,254.2,253.5,253.5,254.81,255.0,255.0,258.61,258.61,258.3,258.4,258.3,255.9,255.9,253.9,255.2,258.0,256.9,261.11,265.21,261.5,261.5,262.0,262.0,260.0,257.8,257.4,258.3,259.0,268.71,270.5,265.4,264.5,264.5,266.21,264.71,261.4,260.9,260.8,260.8,267.8,273.39,273.39,274.5,268.21,270.9,266.8,265.5,266.3,266.3,265.4,266.11,266.11,277.0,279.79,273.5,274.89,268.0,269.21,269.21,271.11,272.71,267.3,271.9,281.7,282.0,273.5,274.89,268.0,268.0,269.21,271.11,272.71,267.3,271.9,281.7,282.0,279.79,279.79,279.0,270.8,270.71,277.1,279.29,272.0,279.5,286.0,284.5,284.5,285.7,281.79,274.79,276.1,282.1,284.6,277.7,283.1,288.29,288.29,288.39,288.0,286.5,282.5,281.0,286.39,286.39,283.0,288.1,288.1,289.6,289.6,289.7,289.5,288.79,288.79,287.6,289.0
2021-08-14 03:00:00,277.39,278.1,277.89,277.39,277.5,273.79,273.79,273.79,274.0,273.79,273.79,277.39,278.1,277.89,277.39,277.5,277.1,277.1,276.29,277.0,277.2,277.0,279.6,280.0,280.0,280.6,281.5,281.5,280.6,279.0,279.6,281.2,281.2,283.79,281.39,281.79,283.7,283.7,284.89,283.7,282.6,281.89,284.7,284.7,285.6,284.7,284.7,285.2,285.79,286.89,286.0,285.2,284.89,284.89,285.7,287.0,287.0,287.79,287.79,287.6,288.0,287.7,287.39,287.39,287.1,287.1,287.7,288.39,288.89,289.0,287.6,288.0,287.7,287.7,287.39,287.1,287.1,287.7,288.39,288.89,289.0,289.0,289.0,288.89,289.0,288.5,288.2,287.79,288.89,288.89,289.29,289.6,289.6,289.89,289.89,289.5,289.1,288.5,288.0,289.6,289.6,289.79,289.79,289.7,290.29,289.89,289.39,289.0,288.79,288.79,288.6,289.39,289.39,289.79,289.89,290.39,289.89,289.29,289.29,289.2,289.2
2021-08-21 01:00:00,289.39,290.39,289.89,289.2,288.7,288.5,288.29,288.29,288.39,288.6,288.7,289.39,290.39,289.89,289.2,288.7,288.2,288.2,288.2,288.39,288.39,288.7,290.1,291.0,290.29,289.29,288.39,288.39,288.39,288.2,288.2,288.39,288.5,291.2,291.29,290.29,289.5,289.5,288.79,288.5,288.6,288.39,288.0,288.0,291.1,291.29,291.29,290.7,289.7,288.89,288.79,288.89,288.5,288.5,288.39,291.0,291.0,291.1,290.7,289.79,289.2,289.2,288.89,288.89,288.89,288.7,291.1,290.79,290.7,290.29,289.79,289.2,289.2,289.2,288.89,288.89,288.7,291.1,290.79,290.7,290.29,289.7,289.7,289.5,289.79,289.5,289.29,288.6,291.0,290.29,290.39,290.39,290.39,289.6,289.6,290.29,290.5,289.6,288.79,290.6,290.39,290.29,290.29,290.29,289.6,289.5,289.89,290.29,290.29,290.29,290.29,290.39,290.39,290.2,290.1,289.6,289.2,289.5,289.5,290.1,290.79
2021-08-25 00:00:00,294.7,294.89,295.2,295.2,295.29,295.0,294.89,294.89,295.1,295.2,295.2,294.7,294.89,295.2,295.2,295.29,295.1,295.1,295.2,295.2,295.39,295.39,294.6,294.79,295.0,295.2,295.6,295.6,295.29,295.29,295.29,295.29,295.6,294.5,294.39,294.89,295.2,295.2,295.2,295.29,295.29,295.29,295.5,295.5,294.29,294.29,294.29,294.29,294.79,294.79,295.0,295.1,295.29,295.29,295.39,294.2,294.2,294.0,294.1,294.29,294.1,294.6,295.0,295.0,295.29,295.5,294.29,294.1,294.1,293.79,294.29,294.1,294.6,294.6,295.0,295.29,295.5,294.29,294.1,294.1,293.79,293.6,293.6,293.89,294.2,294.79,295.39,295.29,294.0,294.1,293.89,293.79,293.79,293.2,293.5,294.0,294.89,295.29,295.29,294.1,293.79,293.79,293.79,293.7,293.6,293.6,294.39,295.0,295.2,295.2,293.89,293.79,293.79,293.5,293.6,293.89,294.2,294.89,294.89,295.0,295.29
2021-07-09 10:00:00,289.7,290.0,290.5,290.2,287.79,286.89,285.1,285.1,283.39,280.7,278.89,289.7,290.0,290.5,290.2,287.79,284.5,284.5,281.1,276.39,271.61,269.9,292.0,291.6,290.89,287.89,283.2,283.2,278.7,273.6,268.0,262.0,261.61,286.7,288.6,285.89,281.5,281.5,277.2,269.5,262.4,257.8,253.0,253.0,273.39,273.6,273.6,274.39,273.6,267.21,257.5,250.61,244.0,244.0,242.7,256.71,256.71,255.61,257.4,263.8,259.71,244.11,234.31,234.31,231.11,229.7,247.11,241.31,242.0,244.4,263.8,259.71,244.11,244.11,234.31,231.11,229.7,247.11,241.31,242.0,244.4,247.81,247.81,247.9,229.7,218.7,217.61,217.5,230.5,230.2,230.4,231.5,231.5,232.11,231.4,220.4,211.0,208.0,209.61,226.11,224.9,223.81,223.81,223.31,224.7,226.4,224.11,217.2,214.4,214.4,224.9,224.0,224.0,222.31,221.0,223.11,227.9,230.5,230.5,226.7,226.11
2021-06-21 22:00:00,290.6,290.6,290.29,290.39,290.2,290.2,290.29,290.29,290.6,290.79,290.89,290.6,290.6,290.29,290.39,290.2,290.29,290.29,290.39,290.6,290.7,290.79,290.39,290.39,290.29,290.2,290.29,290.29,290.39,290.5,290.6,290.6,290.79,290.29,290.29,290.1,290.1,290.1,290.6,290.39,290.5,290.5,290.7,290.7,290.39,290.39,290.39,290.29,290.29,290.39,290.29,290.29,290.7,290.7,290.89,290.39,290.39,290.5,290.5,290.29,290.2,290.2,290.29,290.29,290.89,290.79,290.5,290.6,290.6,290.39,290.29,290.2,290.2,290.2,290.29,290.89,290.79,290.5,290.6,290.6,290.39,290.29,290.29,290.29,290.39,290.79,290.79,290.79,290.5,290.5,290.39,290.29,290.29,290.29,290.29,290.7,290.89,290.6,290.7,290.6,290.39,290.5,290.5,290.29,290.29,290.5,290.7,290.89,290.5,290.5,290.5,290.2,290.2,290.29,290.39,290.2,290.7,290.6,290.6,290.5,290.5
2021-06-16 22:00:00,278.5,278.0,278.39,278.39,276.39,277.0,274.79,274.79,272.21,271.11,270.11,278.5,278.0,278.39,278.39,276.39,276.0,276.0,275.7,271.8,270.61,269.61,278.7,278.2,278.0,277.29,275.1,275.1,274.1,273.39,271.5,271.21,270.5,280.39,278.1,277.1,275.89,275.89,273.5,271.8,271.21,271.3,270.61,270.61,280.5,278.0,278.0,275.79,274.2,272.21,271.11,270.61,270.11,270.11,269.21,279.6,279.6,277.39,275.0,272.4,271.4,270.8,269.8,269.8,269.0,268.8,280.89,278.29,276.79,274.79,272.4,271.4,270.8,270.8,269.8,269.0,268.8,280.89,278.29,276.79,274.79,272.21,272.21,269.61,269.3,269.0,269.0,269.71,280.0,278.6,275.6,273.6,273.6,273.29,268.71,268.5,269.21,269.71,269.8,279.29,276.1,272.71,272.71,272.8,272.8,270.71,270.0,270.11,269.9,269.9,277.7,273.6,273.6,270.11,271.4,272.61,271.61,271.5,271.5,271.3,269.4
2021-07-30 22:00:00,263.4,262.3,263.0,265.5,265.21,270.8,281.29,281.29,286.0,287.5,288.2,263.4,262.3,263.0,265.5,265.21,269.21,269.21,279.5,286.29,286.89,286.6,262.9,261.71,263.4,266.61,266.8,266.8,268.9,276.2,285.1,287.39,287.7,262.3,261.4,263.71,267.71,267.71,268.21,269.4,274.79,282.1,285.89,285.89,261.4,261.21,261.21,263.3,267.11,273.0,273.79,274.1,277.29,277.29,281.79,260.9,260.9,261.71,264.11,268.11,273.7,278.89,277.39,277.39,272.71,274.2,266.3,268.4,265.61,267.8,268.11,273.7,278.89,278.89,277.39,272.71,274.2,266.3,268.4,265.61,267.8,270.0,270.0,272.61,278.1,276.39,269.8,271.5,267.61,273.6,269.61,269.8,269.8,271.21,275.79,276.79,269.9,268.11,274.39,268.61,270.3,268.4,268.4,269.0,273.5,280.1,279.29,270.9,267.21,267.21,268.9,268.9,268.9,265.9,269.3,275.5,281.39,280.7,280.7,274.6,266.8
2021-06-08 03:00:00,248.0,257.9,260.5,259.8,258.0,257.0,264.71,264.71,267.3,268.4,271.9,248.0,257.9,260.5,259.8,258.0,260.0,260.0,268.3,270.4,262.9,262.61,252.7,260.0,262.3,265.61,263.3,263.3,265.61,269.8,270.8,264.8,258.71,257.11,262.11,264.0,269.3,269.3,268.71,269.61,272.0,270.3,263.8,263.8,259.71,263.61,263.61,267.71,270.9,271.9,271.3,270.9,269.11,269.11,264.5,266.61,266.61,267.11,269.9,273.39,272.9,271.21,269.8,269.8,266.5,263.3,272.8,270.8,270.8,273.39,273.39,272.9,271.21,271.21,269.8,266.5,263.3,272.8,270.8,270.8,273.39,276.29,276.29,275.79,273.5,269.5,265.8,262.4,282.5,276.6,275.1,275.39,275.39,278.7,278.89,274.89,270.3,266.9,262.9,289.1,285.6,282.1,282.1,280.6,280.6,275.79,272.9,271.3,269.21,269.21,293.89,291.79,291.79,288.7,284.5,280.29,274.89,270.0,270.0,271.8,271.9
2021-06-21 00:00:00,294.1,293.89,294.0,294.1,294.1,294.1,293.89,293.89,293.79,293.6,293.39,294.1,293.89,294.0,294.1,294.1,294.1,294.1,293.7,293.7,293.5,293.1,294.1,294.0,293.89,294.0,294.0,294.0,293.89,293.6,293.6,293.39,293.0,294.1,294.1,294.0,293.89,293.89,293.89,293.7,293.7,293.29,293.2,293.2,294.2,294.0,294.0,294.2,294.0,293.79,293.7,293.39,293.2,293.2,293.0,294.1,294.1,294.1,294.1,294.2,293.79,293.6,293.39,293.39,292.89,292.2,294.1,294.1,293.89,293.89,294.2,293.79,293.6,293.6,293.39,292.89,292.2,294.1,294.1,293.89,293.89,294.2,294.2,293.79,293.79,293.1,292.29,291.7,294.29,293.89,293.89,293.89,293.89,294.0,294.0,293.7,292.5,291.7,291.29,294.6,294.29,294.1,294.1,293.89,294.1,293.6,293.1,292.1,291.39,291.39,294.79,294.5,294.5,294.29,294.0,293.89,293.2,292.2,292.2,291.7,291.29
2021-07-13 07:00:00,280.0,280.0,277.1,274.6,274.2,271.5,273.39,273.39,275.7,274.79,264.0,280.0,280.0,277.1,274.6,274.2,270.71,270.71,270.8,272.5,265.9,257.21,282.7,282.89,283.79,281.39,277.29,277.29,272.4,273.6,264.0,257.9,251.31,285.89,285.39,286.1,285.5,285.5,285.1,276.0,271.3,261.21,251.5,251.5,286.29,288.1,288.1,288.79,287.6,286.6,279.2,268.71,265.3,265.3,252.4,288.2,288.2,289.2,289.5,287.7,284.6,280.0,272.4,272.4,268.11,256.0,287.7,288.39,287.79,287.7,287.7,284.6,280.0,280.0,272.4,268.11,256.0,287.7,288.39,287.79,287.7,284.79,284.79,284.1,280.6,276.79,268.11,258.21,287.0,288.5,286.6,281.79,281.79,282.2,282.7,280.5,275.39,268.0,262.21,287.1,287.6,283.29,283.29,280.39,278.6,275.7,273.5,269.4,265.3,265.3,287.5,285.1,285.1,280.89,277.39,274.1,267.4,263.21,263.21,261.21,260.4
2021-06-13 22:00:00,260.11,264.8,267.9,269.3,274.6,276.79,276.89,276.89,277.89,278.0,275.7,260.11,264.8,267.9,269.3,274.6,277.29,277.29,277.0,277.1,276.39,274.2,263.61,267.8,268.71,269.9,275.1,275.1,276.79,276.79,276.6,275.0,274.2,266.61,269.21,268.5,271.0,271.0,274.39,276.0,275.89,275.5,275.0,275.0,268.71,267.71,267.71,267.3,271.61,274.1,275.0,275.29,275.6,275.6,276.2,266.61,266.61,265.11,268.0,270.3,274.2,273.7,274.6,274.6,276.39,277.79,266.5,263.5,264.3,267.11,270.3,274.2,273.7,273.7,274.6,276.39,277.79,266.5,263.5,264.3,267.11,270.21,270.21,272.71,274.6,276.7,276.79,278.6,265.71,260.3,264.11,265.11,265.11,269.61,273.2,275.5,276.39,277.89,278.7,262.61,263.0,262.61,262.61,263.11,270.21,272.4,274.6,277.2,278.29,278.29,261.8,262.3,262.3,262.61,263.4,269.9,271.21,274.1,274.1,277.2,278.7
2021-06-16 00:00:00,286.5,286.39,278.2,281.6,288.79,287.89,287.5,287.5,286.2,285.5,284.0,286.5,286.39,278.2,281.6,288.79,289.1,289.1,287.1,285.0,283.5,281.39,285.1,285.89,278.39,281.0,287.6,287.6,286.0,284.79,284.0,281.79,281.7,284.6,284.2,282.29,281.29,281.29,282.89,283.1,282.5,282.7,282.0,282.0,283.1,284.79,284.79,283.79,282.0,280.79,282.0,282.5,281.6,281.6,280.7,285.5,285.5,285.1,284.79,283.2,281.1,281.29,282.1,282.1,280.6,281.7,285.39,285.1,284.7,285.5,283.2,281.1,281.29,281.29,282.1,280.6,281.7,285.39,285.1,284.7,285.5,283.5,283.5,283.1,281.6,281.79,280.0,283.1,285.89,282.79,284.79,283.2,283.2,283.79,282.39,283.1,281.29,281.0,284.29,283.2,283.89,282.29,282.29,282.2,282.79,281.29,282.1,281.89,283.29,283.29,280.79,282.1,282.1,279.79,283.6,281.6,278.79,282.1,282.1,283.0,285.89
2021-08-14 02:00:00,279.79,277.29,274.5,273.2,272.8,273.0,273.7,273.7,274.2,275.1,274.0,279.79,277.29,274.5,273.2,272.8,273.0,273.0,273.7,274.39,275.89,277.0,278.39,276.89,275.29,274.2,274.5,274.5,274.2,274.2,275.5,278.0,279.89,278.0,277.0,276.39,276.1,276.1,276.29,276.2,276.7,277.6,279.1,279.1,280.2,278.6,278.6,278.89,279.0,279.29,279.89,279.79,280.39,280.39,283.7,282.29,282.29,280.5,282.1,281.7,281.79,283.1,283.7,283.7,283.89,285.0,282.29,281.6,283.5,284.6,281.7,281.79,283.1,283.1,283.7,283.89,285.0,282.29,281.6,283.5,284.6,284.79,284.79,284.89,285.29,286.1,286.39,286.89,284.2,282.79,285.6,287.5,287.5,287.39,286.6,287.5,287.89,288.6,289.1,285.2,285.0,286.79,286.79,288.29,288.7,288.2,288.6,289.5,289.7,289.7,285.89,286.0,286.0,287.39,288.29,288.79,288.6,288.79,288.79,289.39,289.7
2021-08-28 03:00:00,280.39,280.39,279.7,279.1,279.0,278.29,278.0,278.0,277.2,275.6,273.2,280.39,280.39,279.7,279.1,279.0,278.5,278.5,278.29,276.39,272.4,270.8,279.1,278.79,279.39,278.89,277.79,277.79,276.89,277.2,275.1,269.61,266.3,277.29,276.79,277.29,276.39,276.39,275.0,271.9,272.61,271.4,265.5,265.5,276.7,277.2,277.2,274.2,271.3,264.71,259.11,260.11,264.21,264.21,265.3,273.7,273.7,275.2,273.7,263.21,249.31,245.4,248.11,248.11,256.3,260.5,267.61,267.61,268.0,263.11,263.21,249.31,245.4,245.4,248.11,256.3,260.5,267.61,267.61,268.0,263.11,252.81,252.81,244.9,241.4,242.9,247.4,248.9,263.5,262.61,258.21,250.61,250.61,243.2,241.2,241.5,238.9,238.5,240.31,260.71,258.11,251.4,251.4,244.81,238.7,237.81,238.0,235.9,234.0,234.0,258.61,253.81,253.81,246.5,241.4,238.31,237.61,236.9,236.9,235.11,234.11
2021-06-09 09:00:00,248.9,248.7,248.4,247.5,247.0,247.61,248.9,248.9,248.61,249.11,251.31,248.9,248.7,248.4,247.5,247.0,248.11,248.11,248.31,248.2,249.9,251.61,248.11,248.11,248.0,247.5,248.11,248.11,249.11,248.9,247.9,249.31,251.5,247.0,247.4,246.81,247.4,247.4,249.31,250.11,250.11,248.7,248.9,248.9,246.11,245.7,245.7,245.9,246.9,248.4,250.31,251.4,251.11,251.11,250.81,244.2,244.2,244.2,244.81,245.61,247.4,250.2,251.81,251.81,253.9,254.11,242.7,242.11,242.31,243.31,245.61,247.4,250.2,250.2,251.81,253.9,254.11,242.7,242.11,242.31,243.31,244.9,244.9,246.2,250.31,253.11,255.11,256.61,240.61,240.61,241.2,242.5,242.5,244.81,248.11,251.4,252.9,256.3,257.4,239.31,242.2,242.5,242.5,243.0,246.5,250.9,254.9,256.11,254.81,254.81,238.11,241.4,241.4,244.61,247.2,249.61,253.2,257.61,257.61,258.61,252.2
2021-08-04 08:00:00,291.7,291.89,291.2,291.2,291.29,291.29,291.29,291.29,291.29,291.29,291.29,291.7,291.89,291.2,291.2,291.29,291.29,291.29,291.29,291.2,291.2,291.29,291.0,291.2,291.2,291.1,291.6,291.6,291.2,291.2,291.1,291.2,291.29,290.6,290.6,291.1,291.29,291.29,291.2,291.39,291.2,291.0,291.39,291.39,290.79,290.7,290.7,290.7,291.0,291.0,291.0,290.89,290.89,290.89,291.1,291.1,291.1,290.89,290.6,290.7,290.5,290.5,290.6,290.6,290.6,290.7,290.5,290.6,290.5,290.29,290.7,290.5,290.5,290.5,290.6,290.6,290.7,290.5,290.6,290.5,290.29,290.29,290.29,290.29,290.2,290.39,290.39,290.29,290.2,290.0,290.0,289.7,289.7,290.1,290.1,290.1,290.2,290.1,290.0,290.1,290.0,289.89,289.89,289.89,289.89,290.1,290.0,289.89,290.0,290.0,289.89,289.79,289.79,289.79,289.7,289.79,289.7,289.7,289.7,289.79,289.79
2021-08-07 08:00:00,264.9,259.5,257.4,254.5,250.4,250.31,248.61,248.61,254.9,262.8,266.8,264.9,259.5,257.4,254.5,250.4,249.11,249.11,254.61,260.5,265.61,266.9,261.11,264.11,262.5,254.61,248.81,248.81,252.31,257.5,266.71,269.8,267.5,263.9,267.11,258.11,254.4,254.4,257.0,255.5,260.61,271.4,271.71,271.71,261.4,265.3,265.3,257.8,256.21,257.8,266.3,272.9,268.5,268.5,273.0,262.4,262.4,261.8,259.21,256.8,262.0,275.0,276.5,276.5,269.11,266.5,265.11,264.3,261.4,259.3,256.8,262.0,275.0,275.0,276.5,269.11,266.5,265.11,264.3,261.4,259.3,262.0,262.0,267.71,270.61,272.4,268.4,266.61,268.8,265.61,263.4,264.21,264.21,268.61,265.9,265.5,265.0,266.11,270.8,271.61,270.61,270.61,270.61,272.4,268.21,262.3,259.9,261.3,264.8,264.8,272.3,276.79,276.79,278.39,274.89,269.61,257.11,255.11,255.11,262.0,261.61
2021-06-05 01:00:00,297.6,297.5,297.6,297.7,297.89,298.0,297.7,297.7,297.39,296.5,295.39,297.6,297.5,297.6,297.7,297.89,297.79,297.79,297.39,297.1,296.0,294.89,297.2,297.2,297.2,297.39,297.7,297.7,297.29,296.79,296.6,296.0,294.6,297.1,296.89,297.0,297.29,297.29,297.1,296.79,296.79,296.0,295.2,295.2,296.79,296.6,296.6,296.79,297.2,297.0,296.7,296.29,295.2,295.2,294.0,296.2,296.2,296.39,296.39,296.89,296.79,296.29,295.6,295.6,294.2,292.1,295.89,296.1,296.1,296.29,296.89,296.79,296.29,296.29,295.6,294.2,292.1,295.89,296.1,296.1,296.29,296.6,296.6,296.29,295.79,294.29,292.6,291.1,295.89,296.1,296.0,296.2,296.2,296.2,296.1,294.79,292.7,291.1,291.0,296.29,296.29,296.1,296.1,296.29,296.0,295.39,293.1,291.6,290.89,290.89,296.6,296.39,296.39,296.29,296.1,296.0,293.6,291.7,291.7,291.0,290.89
2021-07-12 10:00:00,254.2,255.31,258.3,267.21,266.11,261.3,264.9,264.9,268.5,266.5,260.0,254.2,255.31,258.3,267.21,266.11,265.5,265.5,268.0,264.0,261.5,259.9,254.2,257.0,264.4,266.5,262.8,262.8,264.9,265.8,262.5,259.9,257.8,256.71,261.4,265.3,264.0,264.0,259.9,258.8,263.4,258.9,259.71,259.71,260.71,263.8,263.8,262.8,258.8,254.81,252.7,254.5,255.5,255.5,253.9,265.0,265.0,263.21,257.8,251.31,249.2,244.31,246.2,246.2,250.9,249.81,272.61,267.9,255.61,250.11,251.31,249.2,244.31,244.31,246.2,250.9,249.81,272.61,267.9,255.61,250.11,247.2,247.2,239.31,238.31,242.7,244.2,246.5,277.29,260.11,250.2,248.5,248.5,244.0,236.11,236.7,236.11,238.61,243.0,271.8,255.11,250.4,250.4,246.4,243.11,240.2,240.31,237.0,236.0,236.0,261.8,253.2,253.2,249.81,242.61,242.5,247.5,244.7,244.7,238.7,236.61
2021-07-16 03:00:00,238.31,241.7,243.5,244.31,242.9,242.81,240.2,240.2,238.5,238.2,237.5,238.31,241.7,243.5,244.31,242.9,239.81,239.81,238.7,237.0,236.4,235.81,238.5,241.0,242.5,242.4,240.11,240.11,238.31,236.5,235.81,235.11,234.0,237.61,239.81,240.5,239.7,239.7,238.31,236.31,235.2,234.5,233.61,233.61,236.81,238.5,238.5,237.7,237.0,236.11,234.81,233.5,233.11,233.11,232.4,236.2,236.2,236.61,235.2,234.4,234.9,233.4,232.2,232.2,232.31,231.7,232.81,233.7,233.7,232.4,234.4,234.9,233.4,233.4,232.2,232.31,231.7,232.81,233.7,233.7,232.4,232.7,232.7,233.11,232.4,231.81,231.5,230.7,231.61,231.81,230.5,229.4,229.4,231.4,232.0,231.31,230.5,230.7,231.0,230.9,229.61,227.5,227.5,228.7,230.2,231.11,230.81,230.11,231.11,231.11,229.7,227.9,227.9,225.9,226.9,229.7,230.9,230.4,230.4,230.81,231.7
2021-07-19 04:00:00,291.1,291.2,291.5,292.39,292.39,291.89,291.6,291.6,291.6,291.29,291.39,291.1,291.2,291.5,292.39,292.39,291.89,291.89,291.2,291.79,291.79,291.89,290.29,291.0,291.5,292.1,292.39,292.39,292.1,291.39,291.6,291.6,292.1,290.39,290.7,291.0,291.79,291.79,292.2,292.1,291.29,291.39,291.5,291.5,289.89,290.79,290.79,290.89,291.39,291.89,291.5,291.0,291.0,291.0,291.1,290.29,290.29,290.89,291.1,291.1,290.7,290.7,290.2,290.2,290.5,290.0,288.6,290.89,291.79,291.5,291.1,290.7,290.7,290.7,290.2,290.5,290.0,288.6,290.89,291.79,291.5,290.6,290.6,289.39,290.0,289.0,290.0,289.6,288.7,291.89,292.1,291.6,291.6,290.2,288.0,289.1,289.6,289.2,289.2,289.29,290.79,291.1,291.1,290.79,290.1,289.2,289.2,288.5,289.0,289.0,290.1,290.2,290.2,289.7,289.89,290.39,290.29,289.29,289.29,288.29,289.1
2021-08-03 01:00:00,292.6,292.39,292.29,292.6,292.5,292.89,292.89,292.89,293.2,293.1,293.0,292.6,292.39,292.29,292.6,292.5,292.7,292.7,292.89,293.0,292.79,292.89,292.7,292.5,292.2,292.29,292.79,292.79,292.39,292.39,292.6,292.89,293.2,293.2,292.5,292.1,292.1,292.1,292.39,292.39,292.2,292.2,293.0,293.0,292.79,292.5,292.5,292.2,292.0,292.2,292.2,292.2,292.29,292.29,292.89,292.7,292.7,292.6,292.1,291.89,292.0,292.2,292.2,292.2,292.6,292.5,292.79,292.6,292.29,292.1,291.89,292.0,292.2,292.2,292.2,292.6,292.5,292.79,292.6,292.29,292.1,291.6,291.6,292.0,292.39,292.5,292.39,292.7,292.79,292.79,292.39,291.6,291.6,291.89,291.89,292.79,292.89,292.1,292.7,292.79,292.6,292.5,292.5,292.5,292.2,292.0,292.5,292.5,292.7,292.7,292.6,292.79,292.79,292.79,292.89,292.7,292.1,292.0,292.0,292.39,292.79
2021-08-10 06:00:00,282.5,283.6,281.29,278.7,277.39,282.79,281.79,281.79,281.29,283.2,284.2,282.5,283.6,281.29,278.7,277.39,279.39,279.39,279.7,279.79,278.79,282.2,279.6,281.7,279.79,276.7,273.2,273.2,275.7,278.1,276.5,276.79,277.89,281.29,276.0,274.1,275.0,275.0,274.0,273.5,273.39,273.89,274.7,274.7,278.0,274.39,274.39,276.2,277.1,275.29,275.7,273.2,268.61,268.61,268.9,273.2,273.2,273.89,277.1,280.1,279.29,277.7,270.5,270.5,263.11,264.21,271.11,270.4,273.29,277.2,280.1,279.29,277.7,277.7,270.5,263.11,264.21,271.11,270.4,273.29,277.2,283.29,283.29,283.1,276.2,270.11,258.5,258.21,264.8,270.11,272.21,275.7,275.7,285.29,284.29,276.29,263.0,256.61,270.0,260.9,267.0,271.5,271.5,275.5,280.29,279.2,270.0,259.11,265.5,265.5,259.9,260.5,260.5,271.71,277.6,274.0,268.21,264.3,264.3,265.9,273.7
2021-08-26 10:00:00,277.5,276.79,275.39,270.21,263.4,265.61,266.3,266.3,268.61,270.21,270.21,277.5,276.79,275.39,270.21,263.4,266.61,266.61,268.71,269.21,269.21,267.4,276.5,275.29,272.61,270.0,264.3,264.3,267.61,269.61,268.9,267.4,265.9,275.5,272.4,269.3,269.0,269.0,269.0,267.9,269.3,268.71,266.11,266.11,272.0,269.3,269.3,269.0,268.4,269.71,269.21,265.4,268.8,268.8,267.8,267.5,267.5,266.8,267.61,268.21,269.71,268.9,264.71,264.71,268.0,267.61,265.8,265.21,265.4,266.3,268.21,269.71,268.9,268.9,264.71,268.0,267.61,265.8,265.21,265.4,266.3,267.4,267.4,268.4,267.9,265.0,266.0,267.5,262.61,264.4,264.11,265.0,265.0,265.9,267.11,267.0,263.3,265.4,267.3,260.61,261.0,262.9,262.9,264.21,264.8,266.4,266.3,263.3,265.9,265.9,259.4,260.0,260.0,261.21,262.8,264.0,265.11,265.11,265.11,265.5,265.61
2021-06-22 09:00:00,295.2,295.0,295.0,295.39,295.7,295.6,295.39,295.39,295.39,295.0,294.79,295.2,295.0,295.0,295.39,295.7,295.5,295.5,295.2,295.1,294.79,294.5,295.1,295.1,295.0,295.29,295.7,295.7,295.29,295.2,295.1,295.0,293.89,295.0,295.0,295.2,295.29,295.29,295.1,295.2,295.2,295.0,294.5,294.5,295.0,295.2,295.2,295.2,295.1,295.2,295.1,294.89,294.6,294.6,293.29,295.1,295.1,295.1,295.0,295.0,294.89,294.79,294.39,294.39,293.6,292.5,295.39,295.29,295.2,295.0,295.0,294.89,294.79,294.79,294.39,293.6,292.5,295.39,295.29,295.2,295.0,294.89,294.89,294.6,294.29,293.5,292.7,292.1,295.5,295.29,295.1,295.0,295.0,294.7,294.29,293.7,292.2,292.0,291.89,295.7,295.29,295.1,295.1,295.0,294.39,293.5,292.6,292.0,291.5,291.5,295.7,295.2,295.2,294.89,294.7,294.0,292.6,291.79,291.79,291.6,291.5
2021-06-16 01:00:00,269.4,270.61,273.39,268.21,259.71,259.11,276.2,276.2,280.6,279.5,277.7,269.4,270.61,273.39,268.21,259.71,265.61,265.61,279.39,282.39,275.6,277.39,272.5,273.6,272.0,269.8,266.8,266.8,272.71,281.79,280.1,276.0,280.6,278.89,276.5,266.9,273.0,273.0,278.29,279.79,279.7,278.6,280.1,280.1,278.0,273.6,273.6,272.5,278.1,283.2,283.79,279.2,280.29,280.29,282.39,278.89,278.89,272.71,275.6,283.79,285.7,284.5,283.0,283.0,282.5,279.6,282.1,282.89,275.1,280.5,283.79,285.7,284.5,284.5,283.0,282.5,279.6,282.1,282.89,275.1,280.5,285.0,285.0,284.7,284.2,284.7,281.2,281.0,284.6,282.6,280.89,284.29,284.29,284.79,283.39,284.1,280.6,280.39,283.89,286.7,285.39,285.0,285.0,286.2,283.5,284.7,281.6,279.79,280.39,280.39,287.7,289.0,289.0,288.2,286.1,284.0,283.5,279.5,279.5,279.2,279.0
2021-08-08 04:00:00,295.0,295.1,295.0,295.29,295.7,295.29,295.0,295.0,295.0,295.29,295.1,295.0,295.1,295.0,295.29,295.7,295.79,295.79,295.39,294.79,295.0,295.0,294.89,294.89,295.29,295.39,295.7,295.7,295.39,295.0,294.89,295.29,294.89,295.0,295.0,295.39,295.79,295.79,295.29,295.0,295.0,295.1,295.1,295.1,295.29,295.29,295.29,295.39,295.5,295.2,294.79,295.0,294.79,294.79,294.6,295.29,295.29,295.5,295.5,295.2,294.7,294.79,294.89,294.89,294.6,294.1,295.2,295.29,295.39,295.1,295.2,294.7,294.79,294.79,294.89,294.6,294.1,295.2,295.29,295.39,295.1,295.0,295.0,294.29,294.5,294.6,294.0,293.7,295.29,295.2,295.2,295.0,295.0,295.0,294.29,294.29,294.29,293.6,293.5,295.5,295.29,295.0,295.0,294.89,295.0,294.39,293.89,293.7,293.6,293.6,295.6,295.2,295.2,295.0,295.0,295.2,294.29,293.6,293.6,293.6,293.6
2021-06-30 03:00:00,291.0,289.7,288.2,286.39,284.6,280.39,280.2,280.2,279.89,285.1,285.89,291.0,289.7,288.2,286.39,284.6,282.5,282.5,280.89,281.7,280.6,283.89,290.29,288.79,287.2,287.5,287.2,287.2,286.0,283.2,281.0,280.2,281.1,288.5,286.89,286.89,287.39,287.39,288.1,288.5,286.0,282.0,279.6,279.6,288.6,287.5,287.5,287.0,286.89,287.0,285.89,285.5,284.1,284.1,284.29,287.29,287.29,288.29,288.0,287.0,284.29,284.29,286.0,286.0,286.39,286.29,287.2,285.89,287.0,286.2,287.0,284.29,284.29,284.29,286.0,286.39,286.29,287.2,285.89,287.0,286.2,284.89,284.89,283.79,285.1,285.5,285.7,286.7,285.7,285.29,284.79,284.0,284.0,282.5,284.79,286.0,284.39,284.29,285.6,282.2,282.6,279.89,279.89,280.5,281.7,284.0,284.7,281.6,279.79,279.79,279.29,279.6,279.6,276.6,278.0,281.6,284.0,282.89,282.89,278.29,276.29
2021-06-12 07:00:00,266.11,258.5,251.61,248.7,244.0,237.31,236.5,236.5,245.4,246.61,245.7,266.11,258.5,251.61,248.7,244.0,237.11,237.11,241.2,243.9,243.11,243.0,266.0,259.61,253.31,250.0,249.4,249.4,247.7,247.7,240.7,239.11,240.61,261.8,258.5,252.31,250.2,250.2,255.81,258.11,250.4,240.11,237.4,237.4,256.11,256.5,256.5,250.4,251.61,252.4,260.3,254.9,246.7,246.7,239.81,247.31,247.31,252.11,250.61,249.4,251.0,259.21,259.9,259.9,254.0,248.31,234.7,239.7,246.2,247.11,249.4,251.0,259.21,259.21,259.9,254.0,248.31,234.7,239.7,246.2,247.11,248.31,248.31,252.11,258.3,265.11,259.3,253.11,227.5,234.9,240.61,245.31,245.31,249.11,251.4,260.11,266.9,263.8,257.71,229.9,234.31,240.11,240.11,243.61,249.9,254.31,263.21,266.9,264.61,264.61,236.0,238.81,238.81,242.31,246.2,250.4,257.71,265.0,265.0,264.8,263.4
2021-08-16 06:00:00,244.9,245.5,248.5,251.2,252.9,256.0,252.2,252.2,251.2,250.11,251.11,244.9,245.5,248.5,251.2,252.9,254.7,254.7,253.0,251.4,250.4,249.9,244.81,245.9,248.9,251.81,250.9,250.9,252.31,251.61,251.4,251.9,251.11,244.2,245.7,248.11,250.81,250.81,249.31,248.61,250.0,251.11,251.5,251.5,241.81,243.61,243.61,245.5,247.5,247.81,246.81,247.61,248.61,248.61,249.31,238.81,238.81,241.31,243.11,244.31,245.7,246.0,246.0,246.0,245.7,246.5,235.11,236.81,238.5,240.2,244.31,245.7,246.0,246.0,246.0,245.7,246.5,235.11,236.81,238.5,240.2,242.2,242.2,243.31,244.61,244.9,244.31,241.9,233.4,234.31,235.7,237.61,237.61,239.81,241.11,242.7,243.61,242.9,240.11,234.11,233.81,235.4,235.4,237.9,239.0,240.0,241.7,241.9,242.11,242.11,236.31,236.7,236.7,236.5,239.11,239.81,239.5,241.5,241.5,241.7,242.2
2021-08-21 09:00:00,293.7,293.7,294.0,294.1,293.1,291.79,292.39,292.39,293.2,293.5,294.2,293.7,293.7,294.0,294.1,293.1,291.29,291.29,291.89,292.79,293.6,294.2,293.7,293.89,294.0,294.0,293.29,293.29,291.6,291.5,292.79,293.6,294.1,293.89,294.0,294.1,294.2,294.2,293.29,292.2,292.1,292.79,293.6,293.6,293.89,294.1,294.1,294.6,294.29,293.0,292.7,292.89,293.39,293.39,294.0,293.79,293.79,293.89,294.6,294.29,292.79,293.2,293.5,293.5,294.0,294.2,293.79,293.6,293.79,294.2,294.29,292.79,293.2,293.2,293.5,294.0,294.2,293.79,293.6,293.79,294.2,294.0,294.0,293.6,293.89,294.2,294.6,294.6,293.6,293.79,293.7,294.0,294.0,294.0,294.39,294.5,294.79,295.0,294.79,293.89,294.1,294.0,294.0,294.29,294.29,294.6,295.0,295.0,295.2,295.2,294.29,293.89,293.89,294.39,294.39,294.6,294.89,295.0,295.0,295.0,295.1
2021-08-27 09:00:00,270.0,268.71,269.11,270.5,272.61,270.8,272.71,272.71,273.6,275.2,274.5,270.0,268.71,269.11,270.5,272.61,272.0,272.0,271.9,273.7,275.0,275.29,268.21,267.4,268.21,269.71,273.6,273.6,273.79,271.8,273.89,275.5,274.6,267.71,266.0,266.9,269.0,269.0,272.0,274.0,274.79,273.5,273.0,273.0,265.8,265.0,265.0,265.5,267.5,270.5,272.4,273.0,271.21,271.21,273.0,265.4,265.4,263.9,263.61,265.9,268.21,270.3,270.5,270.5,269.4,271.3,264.5,264.21,263.4,263.21,265.9,268.21,270.3,270.3,270.5,269.4,271.3,264.5,264.21,263.4,263.21,264.0,264.0,265.61,267.11,268.21,268.4,269.9,262.8,263.3,263.21,263.0,263.0,263.4,263.8,264.71,265.9,268.0,268.71,260.11,261.11,262.61,262.61,263.71,265.0,264.3,264.71,265.9,267.9,267.9,256.11,258.71,258.71,261.4,265.0,266.3,265.5,265.21,265.21,265.9,267.8
2021-06-29 04:00:00,274.79,279.1,273.0,268.5,269.0,266.4,261.9,261.9,250.4,255.4,261.21,274.79,279.1,273.0,268.5,269.0,263.9,263.9,254.9,252.11,260.4,269.4,276.79,271.71,262.0,262.0,261.3,261.3,255.2,252.0,257.0,267.3,271.11,272.3,262.9,258.3,257.11,257.11,250.81,249.61,252.11,262.11,270.11,270.11,261.61,258.21,258.21,257.8,254.61,251.11,254.2,259.0,260.11,260.11,263.9,256.61,256.61,255.7,252.7,254.0,257.3,259.8,259.0,259.0,257.0,258.0,256.61,255.9,255.81,254.61,254.0,257.3,259.8,259.8,259.0,257.0,258.0,256.61,255.9,255.81,254.61,256.61,256.61,260.0,259.8,256.21,255.31,254.2,254.11,256.11,257.8,259.71,259.71,259.4,259.0,257.0,254.2,251.7,252.2,250.7,254.2,258.3,258.3,260.5,258.11,256.11,254.31,253.31,250.61,250.61,246.5,253.4,253.4,257.9,257.9,256.71,254.2,252.31,252.31,251.7,251.9
2021-08-15 08:00:00,292.0,291.7,291.5,291.39,290.6,287.5,285.2,285.2,284.7,282.79,281.6,292.0,291.7,291.5,291.39,290.6,288.79,288.79,287.5,287.2,284.2,283.2,291.7,291.29,291.1,290.7,289.79,289.79,289.89,289.0,288.39,288.1,286.79,291.39,290.79,290.1,289.5,289.5,289.29,289.7,289.89,289.7,289.89,289.89,291.2,290.5,290.5,290.1,289.6,289.1,290.1,290.7,291.1,291.1,290.2,291.2,291.2,290.39,290.2,290.1,289.29,290.1,291.7,291.7,291.7,289.89,292.1,291.39,291.1,290.7,290.1,289.29,290.1,290.1,291.7,291.7,289.89,292.1,291.39,291.1,290.7,290.39,290.39,289.5,290.0,291.2,291.2,290.29,292.0,292.1,291.6,291.29,291.29,290.7,290.1,290.1,290.29,290.6,290.89,292.0,291.89,291.79,291.79,291.5,291.0,290.7,290.5,290.2,290.5,290.5,291.7,291.89,291.89,291.7,291.6,291.29,291.1,290.89,290.89,290.6,290.6
2021-08-19 05:00:00,292.1,292.2,291.39,290.6,290.2,290.5,289.39,289.39,289.29,288.2,285.7,292.1,292.2,291.39,290.6,290.2,290.0,290.0,289.2,289.0,288.89,287.79,291.29,291.2,291.1,290.1,289.5,289.5,289.89,290.29,288.5,289.6,290.39,291.39,290.5,289.5,289.5,289.5,291.1,289.89,289.2,288.79,291.2,291.2,291.7,290.7,290.7,287.89,289.79,292.0,290.5,289.1,290.2,290.2,291.6,291.1,291.1,290.2,289.79,289.7,290.7,290.89,290.79,290.79,291.1,291.2,291.89,291.29,290.6,290.29,289.7,290.7,290.89,290.89,290.79,291.1,291.2,291.89,291.29,290.6,290.29,289.7,289.7,290.89,291.29,291.5,291.39,291.39,291.39,291.0,290.89,290.5,290.5,289.89,291.1,291.89,291.79,291.79,291.7,290.1,290.0,290.7,290.7,290.79,290.89,291.6,291.79,291.7,291.89,291.89,288.7,289.5,289.5,290.2,290.7,291.5,291.7,291.5,291.5,291.39,291.6
2021-08-21 05:00:00,289.29,290.0,289.2,288.39,287.89,287.6,287.7,287.7,287.6,287.7,287.7,289.29,290.0,289.2,288.39,287.89,287.79,287.79,287.7,287.89,287.6,287.6,289.79,289.7,289.5,289.2,289.1,289.1,288.79,287.79,288.0,287.89,287.79,289.7,289.39,289.5,290.0,290.0,289.89,289.39,288.7,288.0,287.89,287.89,289.79,289.5,289.5,290.0,290.5,289.89,289.0,288.5,288.39,288.39,288.5,289.79,289.79,289.7,289.5,290.89,290.0,288.7,288.5,288.5,289.1,289.7,288.79,288.89,289.29,289.79,290.89,290.0,288.7,288.7,288.5,289.1,289.7,288.79,288.89,289.29,289.79,290.7,290.7,290.5,289.89,289.39,289.6,290.6,288.5,288.39,288.89,289.6,289.6,290.7,291.29,291.1,290.39,290.2,290.89,288.79,288.89,289.1,289.1,289.89,291.6,292.5,291.89,291.39,291.29,291.29,289.39,289.5,289.5,289.7,290.7,292.39,293.1,292.5,292.5,292.39,292.29
2021-08-24 07:00:00,254.5,254.11,255.2,254.61,254.81,249.9,248.9,248.9,248.7,249.9,249.5,254.5,254.11,255.2,254.61,254.81,253.2,253.2,251.2,250.5,250.31,250.31,254.9,254.4,254.9,255.11,255.81,255.81,254.5,253.0,252.4,251.61,251.11,256.3,254.81,255.0,255.81,255.81,255.61,255.11,254.7,254.31,252.9,252.9,257.0,256.71,256.71,256.8,256.21,255.5,255.81,256.21,254.61,254.61,253.4,257.8,257.8,258.8,258.3,256.61,256.61,256.5,256.11,256.11,254.4,253.9,259.0,257.9,258.11,257.8,256.61,256.61,256.5,256.5,256.11,254.4,253.9,259.0,257.9,258.11,257.8,258.11,258.11,258.11,257.8,255.9,254.31,254.11,258.71,257.11,257.4,257.5,257.5,258.71,260.71,258.4,255.9,254.31,254.0,257.21,258.8,260.4,260.4,257.9,257.61,260.9,257.9,254.61,255.11,255.11,256.3,259.21,259.21,263.21,258.8,256.8,258.11,257.11,257.11,255.7,255.81
2021-07-05 04:00:00,227.11,223.31,219.61,219.4,219.81,221.61,220.9,220.9,222.11,224.11,225.11,227.11,223.31,219.61,219.4,219.81,221.11,221.11,221.61,221.5,222.4,224.2,227.81,224.61,220.5,219.5,219.7,219.7,220.9,221.31,221.7,222.9,223.5,229.61,225.31,220.7,219.81,219.81,219.5,220.9,222.0,221.81,221.0,221.0,230.11,224.2,224.2,219.4,219.81,221.4,221.9,221.9,220.81,220.81,221.5,227.5,227.5,223.31,220.11,219.7,223.0,223.9,221.4,221.4,221.81,223.4,230.4,225.11,224.2,222.5,219.7,223.0,223.9,223.9,221.4,221.81,223.4,230.4,225.11,224.2,222.5,219.81,219.81,222.5,224.61,224.4,224.11,224.81,228.7,227.11,224.61,221.4,221.4,220.7,223.9,226.9,228.0,227.5,228.9,228.61,225.4,222.11,222.11,218.81,220.11,227.4,234.0,232.2,230.4,230.4,228.2,223.5,223.5,219.7,218.9,219.81,230.9,240.31,240.31,236.5,235.0
2021-06-28 07:00:00,292.2,291.6,291.7,292.29,292.79,292.7,293.1,293.1,293.2,292.79,292.1,292.2,291.6,291.7,292.29,292.79,293.2,293.2,293.29,293.0,292.39,291.79,291.1,291.1,291.7,292.2,293.0,293.0,293.39,293.2,292.79,292.5,291.39,291.1,290.79,291.5,292.29,292.29,293.1,293.39,293.39,292.79,291.89,291.89,291.7,291.5,291.5,291.79,292.6,292.79,293.2,293.1,292.39,292.39,291.7,292.1,292.1,292.29,292.5,292.7,292.7,292.79,292.7,292.7,292.0,291.2,291.79,292.39,292.89,292.89,292.7,292.7,292.79,292.79,292.7,292.0,291.2,291.79,292.39,292.89,292.89,292.89,292.89,292.7,292.6,292.1,291.39,291.0,292.39,293.1,293.29,293.2,293.2,293.1,292.79,292.5,291.5,291.0,290.89,292.6,293.29,293.5,293.5,293.2,292.89,292.7,292.0,291.2,291.0,291.0,292.6,293.2,293.2,293.39,293.2,292.79,292.1,291.5,291.5,290.89,290.89
2021-08-01 06:00:00,295.39,294.79,294.7,295.0,295.5,295.6,295.29,295.29,295.5,295.29,295.29,295.39,294.79,294.7,295.0,295.5,295.7,295.7,295.29,295.29,294.89,295.0,295.7,295.1,294.2,294.79,295.6,295.6,295.29,295.1,295.1,295.0,294.7,295.5,295.39,294.7,294.7,294.7,295.1,294.89,295.0,295.0,295.0,295.0,295.39,295.2,295.2,294.89,294.6,295.1,294.79,294.79,294.89,294.89,294.39,295.29,295.29,294.89,294.7,294.89,294.79,294.79,294.79,294.79,294.5,293.79,295.5,295.0,294.89,294.79,294.89,294.79,294.79,294.79,294.79,294.5,293.79,295.5,295.0,294.89,294.79,294.79,294.79,294.7,294.6,294.6,293.89,293.29,295.39,295.2,294.6,294.89,294.89,294.6,294.2,294.39,293.89,293.39,292.79,295.39,295.29,294.7,294.7,294.2,294.39,294.1,293.6,292.89,292.7,292.7,295.39,295.0,295.0,294.7,294.2,293.89,293.39,292.7,292.7,292.5,291.89
2021-08-06 09:00:00,289.7,290.2,290.6,290.7,290.6,290.79,289.79,289.79,288.0,285.79,284.5,289.7,290.2,290.6,290.7,290.6,289.79,289.79,289.0,288.6,288.7,288.79,288.7,290.0,290.29,290.2,290.2,290.2,289.79,289.39,289.1,289.2,289.6,288.89,289.29,289.7,289.6,289.6,290.0,290.0,289.89,289.6,289.79,289.79,287.6,289.7,289.7,289.0,289.29,290.0,289.79,289.79,290.29,290.29,289.89,288.5,288.5,289.29,289.1,289.1,289.39,289.6,290.1,290.1,290.6,290.29,289.29,289.0,289.1,288.89,289.1,289.39,289.6,289.6,290.1,290.6,290.29,289.29,289.0,289.1,288.89,289.2,289.2,289.0,289.5,290.5,290.6,290.2,289.39,289.2,288.79,288.79,288.79,289.2,289.29,289.2,289.29,289.79,289.29,289.79,290.0,289.6,289.6,289.39,289.5,289.6,288.7,286.39,287.0,287.0,290.0,290.39,290.39,290.2,289.89,289.79,289.79,288.5,288.5,284.2,284.29
2021-07-05 07:00:00,234.31,231.81,227.0,227.4,228.7,230.4,231.5,231.5,231.4,229.81,230.7,234.31,231.81,227.0,227.4,228.7,231.31,231.31,234.11,234.11,235.31,236.9,241.4,235.61,229.61,230.7,231.7,231.7,236.0,234.81,236.31,239.7,243.61,249.61,240.4,234.61,235.2,235.2,235.2,239.61,236.4,236.7,242.9,242.9,256.11,248.31,248.31,241.9,242.2,239.4,242.5,236.61,236.81,236.81,246.4,263.11,263.11,255.81,250.11,249.31,245.7,243.9,238.81,238.81,237.61,249.7,266.8,266.8,263.0,260.0,249.31,245.7,243.9,243.9,238.81,237.61,249.7,266.8,266.8,263.0,260.0,256.11,256.11,250.9,244.2,239.11,240.81,255.0,265.4,269.8,268.61,266.71,266.71,262.4,256.11,247.31,241.2,246.9,257.71,268.21,268.9,269.9,269.9,270.0,266.11,263.71,257.71,249.2,256.0,256.0,271.0,270.5,270.5,270.11,270.71,269.9,268.0,266.5,266.5,264.21,263.71
2021-08-13 23:00:00,270.61,270.3,270.5,270.21,270.21,269.8,269.21,269.21,269.21,269.61,270.0,270.61,270.3,270.5,270.21,270.21,270.11,270.11,269.5,268.71,268.61,269.0,270.3,269.8,269.71,269.3,269.21,269.21,269.0,268.8,268.4,268.4,268.71,270.4,269.8,269.3,268.71,268.71,268.61,268.0,267.8,268.3,268.9,268.9,270.0,270.21,270.21,269.61,268.9,268.3,268.21,268.3,268.71,268.71,268.9,270.0,270.0,270.3,270.0,269.21,268.8,268.71,268.9,268.9,269.4,270.0,269.5,269.4,269.9,270.21,269.21,268.8,268.71,268.71,268.9,269.4,270.0,269.5,269.4,269.9,270.21,269.5,269.5,268.9,269.21,269.8,270.11,270.21,268.8,269.0,269.11,269.4,269.4,269.61,269.11,269.21,269.8,270.3,270.61,267.3,267.5,267.5,267.5,268.11,267.9,267.8,268.0,269.21,269.61,269.61,266.11,266.3,266.3,266.21,266.21,266.3,266.61,267.21,267.21,267.9,269.21
2021-06-21 07:00:00,251.11,251.0,251.0,250.5,249.7,249.7,250.11,250.11,250.5,251.61,253.61,251.11,251.0,251.0,250.5,249.7,250.2,250.2,250.0,250.31,252.0,254.31,250.9,251.5,252.5,251.0,249.61,249.61,250.81,251.11,252.31,253.5,255.4,251.9,252.7,252.81,251.7,251.7,250.81,251.4,254.5,255.61,256.21,256.21,254.5,256.21,256.21,254.7,253.5,251.5,252.7,257.11,260.0,260.0,261.8,256.21,256.21,258.8,258.61,254.2,252.5,255.61,258.71,258.71,264.8,268.21,259.21,258.4,257.8,257.71,254.2,252.5,255.61,255.61,258.71,264.8,268.21,259.21,258.4,257.8,257.71,254.31,254.31,257.0,263.3,265.11,266.71,269.3,262.61,259.21,257.5,257.61,257.61,256.11,262.71,270.8,270.71,268.5,267.8,264.5,265.11,262.3,262.3,261.9,260.0,261.8,267.9,268.3,267.0,267.0,266.11,270.71,270.71,267.21,262.61,263.21,262.21,261.71,261.71,263.21,262.61
2021-08-24 00:00:00,278.1,277.29,277.2,278.0,275.39,273.29,270.9,270.9,271.9,273.39,273.79,278.1,277.29,277.2,278.0,275.39,275.0,275.0,273.29,273.89,279.29,277.7,281.29,280.1,279.89,280.2,279.1,279.1,278.2,277.7,277.5,278.79,279.6,284.39,283.5,282.7,282.79,282.79,282.5,282.29,282.1,281.0,280.39,280.39,286.39,285.89,285.89,284.79,284.89,285.0,284.29,283.6,283.2,283.2,285.2,288.0,288.0,287.29,286.7,286.2,286.1,285.5,284.5,284.5,285.1,286.39,288.5,288.39,288.1,287.39,286.2,286.1,285.5,285.5,284.5,285.1,286.39,288.5,288.39,288.1,287.39,287.0,287.0,286.89,286.39,286.0,286.29,286.6,288.6,288.5,288.39,287.79,287.79,287.7,287.39,287.29,287.2,287.1,287.29,288.6,288.5,288.39,288.39,288.2,288.1,287.89,288.1,288.2,287.89,287.89,288.79,288.79,288.79,288.7,288.5,288.5,288.39,288.6,288.6,288.79,288.2
2021-06-06 06:00:00,304.39,304.1,304.39,303.7,303.2,303.7,303.5,303.5,302.6,301.29,299.79,304.39,304.1,304.39,303.7,303.2,304.2,304.2,303.5,302.39,301.1,299.7,304.1,304.29,304.2,303.6,304.0,304.0,303.79,303.2,302.39,301.39,299.2,304.1,304.29,304.2,304.0,304.0,303.89,303.5,303.5,302.2,300.6,300.6,304.1,303.6,303.6,303.6,304.29,304.29,303.6,302.5,301.0,301.0,298.89,303.79,303.79,302.89,302.89,304.0,304.0,302.6,301.6,301.6,299.0,295.39,304.0,303.39,302.6,303.0,304.0,304.0,302.6,302.6,301.6,299.0,295.39,304.0,303.39,302.6,303.0,303.39,303.39,302.6,301.39,298.89,296.2,294.79,304.1,303.0,302.7,302.6,302.6,302.6,302.0,299.6,295.6,293.89,294.5,304.2,303.29,302.7,302.7,302.7,302.39,300.6,297.29,294.39,294.1,294.1,304.39,303.1,303.1,302.7,302.6,301.5,297.89,295.0,295.0,294.5,294.5
2021-07-11 11:00:00,262.9,269.71,271.3,266.0,262.0,263.8,263.4,263.4,268.9,279.1,270.21,262.9,269.71,271.3,266.0,262.0,261.21,261.21,263.3,269.5,268.61,258.3,262.5,264.3,263.8,260.0,258.0,258.0,259.3,266.8,265.0,255.4,255.2,261.61,259.21,257.3,256.0,256.0,257.0,259.8,263.3,257.9,253.11,253.11,258.4,256.4,256.4,255.81,255.9,257.0,258.3,257.8,256.11,256.11,253.7,257.0,257.0,255.11,255.81,257.11,257.4,255.9,255.31,255.31,255.2,253.4,257.11,256.0,255.4,256.11,257.11,257.4,255.9,255.9,255.31,255.2,253.4,257.11,256.0,255.4,256.11,257.5,257.5,257.9,257.71,255.31,253.11,254.7,256.5,255.81,255.81,255.81,255.81,257.21,258.71,259.61,254.61,253.5,255.9,256.3,256.61,256.3,256.3,254.5,256.4,258.11,256.0,254.0,256.8,256.8,256.4,256.3,256.3,255.9,255.0,255.31,255.2,253.5,253.5,254.5,261.11
2021-07-27 04:00:00,243.0,239.9,235.11,241.81,242.5,245.31,249.11,249.11,252.7,254.11,253.81,243.0,239.9,235.11,241.81,242.5,244.61,244.61,252.31,254.81,254.2,253.11,241.5,237.0,236.31,240.0,241.0,241.0,247.5,253.31,254.2,253.4,252.2,238.0,234.0,234.11,237.11,237.11,242.0,249.31,250.81,251.31,251.5,251.5,234.2,231.81,231.81,232.5,237.0,244.2,246.31,246.81,246.81,246.81,246.9,229.61,229.61,229.5,232.7,238.31,241.31,242.7,242.9,242.9,239.61,240.5,223.11,224.9,225.5,231.81,238.31,241.31,242.7,242.7,242.9,239.61,240.5,223.11,224.9,225.5,231.81,238.31,238.31,238.5,240.4,237.4,231.5,232.61,222.11,222.2,221.5,229.2,229.2,234.7,238.31,235.7,229.5,224.5,225.5,222.61,222.7,224.7,224.7,226.31,230.61,231.0,228.11,223.11,221.61,221.61,222.5,225.11,225.11,226.7,225.9,226.31,224.61,221.4,221.4,220.5,222.5
2021-06-05 22:00:00,284.0,282.79,279.7,276.5,275.89,266.9,265.71,265.71,266.21,267.4,270.0,284.0,282.79,279.7,276.5,275.89,276.7,276.7,274.6,268.21,266.11,273.89,285.5,286.89,286.5,283.6,282.29,282.29,283.89,281.1,276.1,270.3,276.89,285.2,290.7,291.1,289.5,289.5,288.2,288.29,286.1,282.6,279.7,279.7,286.39,288.79,288.79,291.0,292.5,292.39,291.29,288.2,286.6,286.6,284.5,283.6,283.6,286.2,290.39,292.29,292.89,291.5,290.29,290.29,289.2,287.6,283.0,285.6,287.39,290.0,292.29,292.89,291.5,291.5,290.29,289.2,287.6,283.0,285.6,287.39,290.0,291.39,291.39,291.29,290.6,290.6,289.89,289.39,285.0,287.6,289.5,290.0,290.0,290.2,290.0,290.0,290.0,290.39,290.29,287.0,287.79,289.6,289.6,290.2,289.89,290.1,290.1,290.29,290.7,290.7,288.29,289.1,289.1,290.0,290.29,290.6,290.6,290.5,290.5,290.7,290.79
2021-07-08 22:00:00,289.6,289.5,289.6,289.7,289.79,290.2,290.2,290.2,290.1,289.89,289.7,289.6,289.5,289.6,289.7,289.79,290.0,290.0,290.0,290.0,290.0,289.79,289.39,289.2,289.29,289.5,289.7,289.7,290.0,289.89,290.0,289.89,290.0,289.1,288.79,289.29,289.29,289.29,289.39,289.79,289.79,290.0,290.0,290.0,289.0,288.89,288.89,288.89,289.2,289.39,289.5,290.0,290.0,290.0,290.0,288.7,288.7,288.79,288.5,289.0,289.2,289.2,289.79,289.79,289.89,290.0,288.79,288.7,289.0,288.6,289.0,289.2,289.2,289.2,289.79,289.89,290.0,288.79,288.7,289.0,288.6,288.6,288.6,288.7,288.89,289.5,290.0,290.29,288.39,288.39,288.39,288.5,288.5,288.39,288.2,289.0,289.39,290.0,290.6,288.79,287.89,285.89,285.89,287.5,289.2,289.29,289.79,290.2,290.1,290.1,289.0,287.6,287.6,283.6,286.5,289.79,290.7,290.6,290.6,290.29,290.1
2021-07-05 06:00:00,254.81,252.31,254.31,258.5,259.8,251.7,248.4,248.4,244.11,238.81,237.31,254.81,252.31,254.31,258.5,259.8,257.0,257.0,248.2,245.81,242.9,238.81,260.0,259.3,261.4,262.3,262.71,262.71,259.11,251.31,249.61,243.81,237.7,264.11,265.71,265.9,265.3,265.3,263.61,259.8,257.0,252.4,244.5,244.5,265.8,266.3,266.3,266.0,266.5,266.11,263.71,259.11,253.7,253.7,247.7,266.5,266.5,265.4,265.21,267.11,267.11,265.9,261.4,261.4,254.5,249.4,266.5,267.9,266.8,266.3,267.11,267.11,265.9,265.9,261.4,254.5,249.4,266.5,267.9,266.8,266.3,267.11,267.11,267.11,264.0,261.11,257.5,254.31,266.5,268.3,267.9,267.9,267.9,267.5,264.4,262.5,261.61,261.11,257.61,266.71,267.5,267.8,267.8,267.71,266.61,265.3,263.4,263.3,262.4,262.4,267.3,267.21,267.21,267.71,267.11,266.4,266.11,265.71,265.71,264.21,263.61
2021-07-12 08:00:00,240.4,240.5,238.4,239.11,240.11,241.4,242.9,242.9,246.2,247.4,247.61,240.4,240.5,238.4,239.11,240.11,240.81,240.81,241.81,244.31,243.31,245.0,234.9,233.31,234.0,238.0,241.31,241.31,241.11,241.4,240.81,238.31,244.0,230.4,227.4,229.9,237.0,237.0,241.0,241.2,239.4,236.9,238.2,238.2,229.4,229.7,229.7,232.81,236.0,237.9,238.11,235.5,236.7,236.7,240.9,230.9,230.9,234.0,233.2,235.11,237.11,233.4,233.2,233.2,237.61,240.5,228.81,232.81,231.9,231.4,235.11,237.11,233.4,233.4,233.2,237.61,240.5,228.81,232.81,231.9,231.4,235.4,235.4,234.81,233.2,234.7,237.11,239.0,229.4,230.11,229.9,230.81,230.81,234.11,233.61,233.9,235.7,237.0,237.7,229.7,229.31,229.31,229.31,229.5,232.31,232.31,233.0,235.2,236.11,236.11,229.4,228.61,228.61,228.0,229.7,230.11,231.4,232.61,232.61,234.11,235.5
2021-06-28 04:00:00,287.39,288.5,289.0,289.79,290.29,290.1,289.7,289.7,289.29,287.89,288.5,287.39,288.5,289.0,289.79,290.29,290.89,290.89,290.39,288.89,287.6,288.2,288.39,289.2,289.2,290.0,290.5,290.5,290.0,289.5,288.5,288.1,289.0,289.39,289.79,289.39,289.6,289.6,290.2,288.6,287.7,287.79,289.5,289.5,289.6,289.39,289.39,289.1,289.29,289.2,287.6,287.2,287.79,287.79,288.89,289.89,289.89,289.0,289.2,289.0,287.7,287.1,287.39,287.39,287.7,288.2,289.89,290.6,290.0,288.7,289.0,287.7,287.1,287.1,287.39,287.7,288.2,289.89,290.6,290.0,288.7,288.1,288.1,287.6,287.1,287.2,287.7,287.89,289.89,290.29,290.29,288.2,288.2,287.1,287.2,287.2,287.29,287.6,287.39,289.89,289.79,289.1,289.1,287.5,287.2,287.2,287.39,287.2,287.29,287.29,290.1,289.39,289.39,287.6,287.39,287.6,287.39,287.5,287.5,287.39,287.1
2021-06-11 06:00:00,291.39,289.7,289.6,291.39,293.6,295.0,295.29,295.29,294.2,293.5,292.39,291.39,289.7,289.6,291.39,293.6,294.79,294.79,294.39,293.6,292.29,290.1,291.1,291.0,291.2,292.2,294.29,294.29,294.2,293.89,292.39,290.89,289.79,291.7,291.89,292.1,292.6,292.6,293.6,293.39,292.79,290.79,290.2,290.2,293.5,293.1,293.1,292.29,292.29,292.79,292.39,291.1,290.2,290.2,290.0,293.7,293.7,294.39,293.2,292.2,291.79,291.0,290.1,290.1,289.5,289.5,290.2,292.6,293.0,293.1,292.2,291.79,291.0,291.0,290.1,289.5,289.5,290.2,292.6,293.0,293.1,292.79,292.79,291.2,290.29,289.89,288.89,289.0,289.89,291.1,291.39,292.0,292.0,292.7,291.5,289.79,289.0,289.0,288.79,291.2,292.1,292.2,292.2,292.5,292.5,291.29,289.7,287.89,289.5,289.5,293.39,293.39,293.39,293.5,293.29,292.1,290.39,289.29,289.29,288.79,289.5
2021-07-26 06:00:00,223.11,225.2,225.11,225.11,227.4,237.9,241.81,241.81,241.5,235.2,234.61,223.11,225.2,225.11,225.11,227.4,233.5,233.5,237.7,235.7,229.81,227.9,227.7,229.5,225.81,226.11,227.31,227.31,228.7,230.11,228.9,227.2,225.7,234.31,235.61,231.81,229.31,229.31,228.31,226.7,226.2,225.4,227.61,227.61,245.2,245.5,245.5,242.5,236.0,230.5,230.11,230.0,230.9,230.9,231.5,254.0,254.0,254.4,251.0,242.4,234.7,233.61,236.4,236.4,238.11,233.4,257.4,258.21,257.8,254.11,242.4,234.7,233.61,233.61,236.4,238.11,233.4,257.4,258.21,257.8,254.11,247.5,247.5,242.5,240.7,239.0,241.11,241.2,260.5,258.71,257.4,254.9,254.9,250.5,248.0,246.11,243.61,242.5,247.2,256.11,255.7,254.5,254.5,252.5,250.11,248.7,247.31,245.0,246.2,246.2,247.4,249.0,249.0,248.31,247.0,246.4,246.31,246.11,246.11,246.31,248.9
2021-08-01 02:00:00,295.2,295.1,295.1,295.39,295.79,294.29,290.29,290.29,284.7,285.2,288.89,295.2,295.1,295.1,295.39,295.79,295.29,295.29,293.0,288.79,286.79,287.89,295.39,295.29,295.29,295.39,295.6,295.6,294.89,294.1,290.89,289.89,290.0,295.5,295.6,295.39,295.6,295.6,295.5,294.7,293.89,292.5,291.79,291.79,295.6,295.5,295.5,295.7,295.6,295.5,295.2,293.89,293.0,293.0,293.39,295.7,295.7,295.6,295.5,295.6,295.5,295.5,295.0,295.0,294.0,291.79,295.89,295.7,295.7,295.7,295.6,295.5,295.5,295.5,295.0,294.0,291.79,295.89,295.7,295.7,295.7,295.79,295.79,295.2,295.2,295.1,294.0,292.29,296.0,295.79,295.7,295.89,295.89,295.79,295.5,295.0,294.29,293.79,293.5,296.2,295.79,295.79,295.79,296.0,295.79,295.6,294.79,294.1,293.89,293.89,296.29,295.79,295.79,295.89,296.0,295.89,295.2,294.79,294.79,294.39,294.29
2021-08-11 00:00:00,272.8,272.4,276.79,283.0,285.39,285.39,286.2,286.2,285.7,284.29,285.0,272.8,272.4,276.79,283.0,285.39,288.0,288.0,288.7,286.89,283.89,285.39,273.79,275.1,281.0,286.5,287.7,287.7,289.6,289.79,288.6,286.1,284.6,275.39,279.39,285.5,289.39,289.39,290.0,290.89,290.79,290.1,286.6,286.6,284.79,285.7,285.7,288.6,290.0,290.79,293.29,293.2,290.7,290.7,282.1,291.79,291.79,292.0,291.7,290.2,290.6,294.29,294.89,294.89,290.39,280.29,292.2,295.2,294.5,292.79,290.2,290.6,294.29,294.29,294.89,290.39,280.29,292.2,295.2,294.5,292.79,291.6,291.6,291.79,292.39,292.1,288.79,286.1,293.6,293.79,293.6,293.0,293.0,292.1,290.6,290.5,291.29,289.5,286.5,291.89,291.7,291.5,291.5,291.29,290.7,289.2,290.1,291.29,290.0,290.0,289.39,289.5,289.5,289.39,289.79,289.2,288.89,290.79,290.79,291.1,290.6
2021-08-29 03:00:00,265.11,268.5,269.3,272.4,275.39,281.89,282.7,282.7,283.1,284.39,281.7,265.11,268.5,269.3,272.4,275.39,279.5,279.5,282.7,283.79,283.6,282.2,265.9,266.4,266.71,268.9,272.3,272.3,279.1,283.0,282.89,283.29,283.6,268.0,266.21,264.71,266.3,266.3,272.3,278.39,280.89,282.39,283.89,283.89,270.3,270.5,270.5,269.0,268.11,271.61,274.6,281.0,283.29,283.29,283.89,273.29,273.29,274.29,274.6,272.4,270.21,273.1,279.7,279.7,284.0,285.7,276.39,275.0,275.6,276.7,272.4,270.21,273.1,273.1,279.7,284.0,285.7,276.39,275.0,275.6,276.7,276.6,276.6,273.1,273.89,279.7,283.39,285.1,277.7,275.89,274.79,277.1,277.1,278.29,274.0,275.6,277.6,281.5,283.79,275.0,275.39,273.79,273.79,276.0,274.6,275.2,275.89,272.5,278.2,278.2,271.9,273.1,273.1,273.0,273.5,271.5,273.2,274.39,274.39,272.5,273.1
2021-07-13 23:00:00,288.7,289.5,289.6,289.6,289.2,289.6,289.39,289.39,289.2,289.29,289.7,288.7,289.5,289.6,289.6,289.2,289.1,289.1,289.2,289.39,289.5,289.7,288.6,289.2,289.7,289.6,289.5,289.5,289.29,289.29,289.29,289.5,289.6,288.6,288.79,289.0,289.5,289.5,289.5,289.6,289.29,289.29,289.5,289.5,288.1,288.7,288.7,289.0,289.29,289.39,289.5,289.6,289.39,289.39,289.1,287.7,287.7,288.6,288.89,289.2,289.29,289.29,289.5,289.5,289.29,288.89,284.89,287.1,288.5,288.79,289.2,289.29,289.29,289.29,289.5,289.29,288.89,284.89,287.1,288.5,288.79,289.1,289.1,289.1,289.1,289.2,289.1,289.0,283.79,285.89,288.6,289.0,289.0,289.1,288.79,289.0,289.0,288.79,288.79,283.7,286.2,288.7,288.7,289.2,289.2,289.29,289.0,289.1,288.7,288.7,284.2,286.89,286.89,288.7,289.29,289.5,289.5,289.2,289.2,288.89,288.7
2021-06-12 01:00:00,290.6,290.29,290.7,291.1,292.0,293.29,292.5,292.5,291.29,290.89,290.79,290.6,290.29,290.7,291.1,292.0,292.39,292.39,291.79,290.0,288.7,289.7,288.1,288.79,289.7,290.39,290.29,290.29,289.79,289.1,289.1,289.2,290.2,286.29,287.6,288.5,289.7,289.7,289.39,287.0,286.6,288.29,290.0,290.0,285.6,287.2,287.2,288.39,289.0,287.6,287.29,288.2,288.1,288.1,288.79,284.7,284.7,286.79,287.89,287.6,287.7,288.2,288.39,288.39,288.39,288.7,282.79,284.79,286.1,286.5,287.6,287.7,288.2,288.2,288.39,288.39,288.7,282.79,284.79,286.1,286.5,287.0,287.0,287.79,288.29,288.89,288.79,288.6,282.89,284.5,285.0,286.0,286.0,286.39,287.7,288.5,288.79,288.89,289.2,283.0,283.6,284.79,284.79,286.0,286.29,287.39,287.79,288.6,288.79,288.79,281.89,283.0,283.0,283.7,284.79,285.7,285.6,286.39,286.39,287.89,288.29
2021-06-01 07:00:00,280.0,282.1,281.89,277.79,273.79,273.39,277.7,277.7,275.89,276.39,280.89,280.0,282.1,281.89,277.79,273.79,278.29,278.29,277.79,280.1,280.0,281.5,278.6,278.2,273.6,271.0,276.7,276.7,279.29,276.39,284.0,282.1,281.1,276.29,274.0,266.8,267.3,267.3,271.71,278.2,281.29,282.79,279.7,279.7,273.1,269.5,269.5,265.11,262.71,266.71,275.0,276.89,275.89,275.89,278.29,268.3,268.3,265.8,259.8,259.9,265.21,270.71,268.9,268.9,269.9,272.3,260.61,261.3,259.9,258.11,259.9,265.21,270.71,270.71,268.9,269.9,272.3,260.61,261.3,259.9,258.11,258.9,258.9,262.11,263.0,263.4,264.5,265.8,258.11,257.21,256.0,258.11,258.11,260.21,257.8,256.4,258.3,259.21,259.21,258.0,257.4,255.81,255.81,258.11,259.8,258.61,257.3,258.5,258.61,258.61,258.8,258.8,258.8,259.0,259.8,261.21,261.5,262.0,262.0,262.11,261.8
2021-06-25 00:00:00,262.9,261.11,258.71,256.8,254.0,250.7,250.7,250.7,251.2,251.9,252.7,262.9,261.11,258.71,256.8,254.0,251.9,251.9,252.7,253.9,254.81,255.61,263.21,261.0,258.0,257.4,255.81,255.81,254.61,256.0,256.5,256.71,256.9,262.61,259.61,258.21,257.4,257.4,256.5,257.0,258.0,258.11,257.71,257.71,259.8,257.9,257.9,256.5,256.11,256.71,256.5,256.61,257.4,257.4,257.71,257.9,257.9,255.81,254.61,254.5,255.11,254.7,255.0,255.0,255.81,255.81,257.3,255.9,255.0,253.81,254.5,255.11,254.7,254.7,255.0,255.81,255.81,257.3,255.9,255.0,253.81,253.11,253.11,253.0,251.81,252.11,253.7,253.4,254.9,254.61,254.2,253.2,253.2,252.11,249.5,248.61,250.5,250.4,250.11,253.11,253.0,253.2,253.2,253.2,251.5,247.7,248.0,248.81,247.9,247.9,251.61,251.4,251.4,252.2,251.7,250.7,248.81,247.61,247.61,247.2,246.0
2021-07-19 10:00:00,289.7,291.7,291.0,288.79,282.6,282.6,285.6,285.6,284.29,281.29,283.29,289.7,291.7,291.0,288.79,282.6,282.89,282.89,285.89,285.39,284.6,283.79,291.1,291.7,290.39,288.5,287.1,287.1,286.1,286.39,287.5,286.79,284.7,290.6,290.2,290.0,289.6,289.6,289.5,289.5,289.39,288.79,286.29,286.29,290.29,289.7,289.7,291.0,292.0,291.29,288.6,287.0,287.6,287.6,288.1,289.6,289.6,289.7,292.6,293.1,291.5,287.5,282.7,282.7,285.1,289.39,290.0,288.1,291.6,292.79,293.1,291.5,287.5,287.5,282.7,285.1,289.39,290.0,288.1,291.6,292.79,291.79,291.79,290.29,289.1,285.39,282.79,284.89,288.0,288.39,291.29,291.5,291.5,288.2,288.6,289.5,284.79,280.39,280.29,289.1,288.39,287.6,287.6,285.7,284.0,284.5,283.2,279.79,278.0,278.0,290.1,287.2,287.2,282.79,278.29,277.7,280.2,275.5,275.5,270.8,276.1
2021-08-03 06:00:00,290.79,290.79,291.1,291.1,291.0,291.7,291.39,291.39,291.2,290.79,290.6,290.79,290.79,291.1,291.1,291.0,291.0,291.0,291.0,291.39,291.2,291.1,290.6,290.39,290.39,290.6,290.7,290.7,290.7,290.7,291.1,291.39,291.7,290.5,290.29,290.29,290.5,290.5,290.2,290.79,290.89,290.89,291.5,291.5,290.7,290.1,290.1,290.2,290.29,290.5,290.5,290.79,291.0,291.0,291.7,291.1,291.1,290.6,290.39,290.6,290.6,290.6,291.1,291.1,291.5,291.7,293.2,292.29,291.2,290.79,290.6,290.6,290.6,290.6,291.1,291.5,291.7,293.2,292.29,291.2,290.79,290.6,290.6,290.79,290.89,291.0,291.5,292.39,293.79,293.2,292.2,291.2,291.2,291.0,290.89,291.29,291.39,291.89,292.2,293.79,293.29,292.39,292.39,291.7,291.2,291.39,291.5,291.5,291.89,291.89,293.6,293.2,293.2,292.89,292.29,292.1,291.7,292.2,292.2,292.2,292.29
2021-07-15 03:00:00,254.81,258.9,258.3,255.31,252.5,253.5,244.11,244.11,239.2,239.4,242.9,254.81,258.9,258.3,255.31,252.5,248.7,248.7,243.31,236.2,234.61,239.61,254.2,256.11,253.0,251.31,248.0,248.0,243.2,239.9,234.61,231.2,236.31,250.0,250.31,249.31,246.9,246.9,241.61,238.4,235.81,233.11,231.61,231.61,243.31,246.0,246.0,247.11,242.7,238.4,236.61,234.61,233.2,233.2,232.0,240.11,240.11,241.5,241.81,240.11,238.4,237.31,235.61,235.61,234.0,235.0,239.0,237.11,236.31,237.61,240.11,238.4,237.31,237.31,235.61,234.0,235.0,239.0,237.11,236.31,237.61,238.11,238.11,237.9,239.2,235.5,236.0,237.5,235.61,231.4,233.4,235.81,235.81,236.31,238.7,239.9,237.5,238.61,237.4,233.61,232.31,232.81,232.81,234.9,236.4,238.4,239.4,239.0,239.5,239.5,233.7,233.4,233.4,234.0,236.31,238.2,237.61,238.31,238.31,238.9,239.31
2021-07-22 22:00:00,287.6,285.7,284.79,284.79,285.6,285.2,285.7,285.7,286.89,288.2,289.5,287.6,285.7,284.79,284.79,285.6,286.1,286.1,286.7,287.7,288.5,288.79,285.0,284.6,284.79,284.39,285.1,285.1,286.79,288.2,288.7,288.89,289.29,282.79,283.29,283.5,284.5,284.5,285.39,287.29,288.7,289.6,290.0,290.0,282.29,281.2,281.2,282.0,284.2,285.79,287.39,289.29,290.1,290.1,290.39,279.79,279.79,279.89,281.5,284.29,285.6,287.89,289.5,289.5,290.5,290.89,278.6,277.7,278.29,281.0,284.29,285.6,287.89,287.89,289.5,290.5,290.89,278.6,277.7,278.29,281.0,284.1,284.1,286.5,288.6,289.7,290.7,290.7,277.1,276.5,277.89,282.0,282.0,284.39,286.7,289.0,290.1,290.29,290.1,276.39,277.39,280.0,280.0,283.1,285.39,287.2,288.7,289.5,289.39,289.39,276.89,278.79,278.79,282.7,284.5,286.5,287.7,288.2,288.2,288.29,288.29
2021-08-31 01:00:00,291.6,291.6,291.29,291.6,291.89,291.89,292.2,292.2,292.29,292.29,292.2,291.6,291.6,291.29,291.6,291.89,291.79,291.79,292.1,292.2,292.29,291.89,291.39,291.6,291.6,291.5,291.7,291.7,292.0,292.0,292.2,292.1,291.89,291.5,291.6,291.7,291.6,291.6,291.6,292.0,292.1,291.89,292.2,292.2,291.29,291.6,291.6,291.6,292.0,291.89,291.79,291.79,291.6,291.6,291.7,290.6,290.6,291.2,291.6,292.0,291.7,291.29,291.2,291.2,291.1,290.79,288.89,290.29,290.89,291.39,292.0,291.7,291.29,291.29,291.2,291.1,290.79,288.89,290.29,290.89,291.39,291.79,291.79,291.5,290.79,290.5,290.1,290.39,287.39,289.39,290.29,290.89,290.89,291.1,291.0,290.29,290.0,289.5,289.79,286.2,288.0,288.89,288.89,289.79,289.5,289.5,289.89,290.0,289.6,289.6,283.89,285.89,285.89,286.29,286.7,286.6,287.2,287.89,287.89,288.79,289.2
2021-06-22 02:00:00,297.5,297.1,296.29,294.89,294.39,295.39,295.29,295.29,295.2,295.1,294.5,297.5,297.1,296.29,294.89,294.39,294.2,294.2,293.29,293.2,292.1,291.0,296.2,296.5,295.39,294.2,292.5,292.5,290.7,290.89,291.7,290.79,288.6,293.89,293.7,293.0,292.2,292.2,288.7,287.5,291.39,290.6,289.2,289.2,289.7,288.89,288.89,291.39,287.7,283.0,288.2,292.1,290.7,290.7,282.89,283.79,283.79,285.0,287.79,281.29,289.89,286.29,290.39,290.39,289.5,283.39,284.39,282.2,279.29,276.29,281.29,289.89,286.29,286.29,290.39,289.5,283.39,284.39,282.2,279.29,276.29,285.39,285.39,287.5,288.39,291.1,287.89,286.79,283.0,277.29,272.61,278.0,278.0,285.29,287.5,290.0,289.2,288.7,288.7,284.39,283.2,279.7,279.7,282.1,286.5,287.6,288.5,288.7,289.5,289.5,287.6,288.2,288.2,289.7,288.89,288.2,287.29,286.79,286.79,288.1,289.39
2021-07-26 07:00:00,218.7,218.0,218.7,219.61,220.7,220.31,220.7,220.7,221.11,221.9,222.2,218.7,218.0,218.7,219.61,220.7,222.7,222.7,224.11,224.61,224.61,224.61,219.11,220.11,221.5,221.11,221.9,221.9,224.11,226.5,228.11,228.2,225.2,222.0,222.11,221.5,222.5,222.5,223.61,225.2,227.2,230.11,229.7,229.7,221.4,221.9,221.9,221.81,223.5,223.4,228.61,228.9,228.5,228.5,227.7,221.31,221.31,221.4,222.7,223.11,225.7,230.31,227.81,227.81,225.9,226.0,222.31,223.11,223.61,223.61,223.11,225.7,230.31,230.31,227.81,225.9,226.0,222.31,223.11,223.61,223.61,224.5,224.5,226.31,227.4,224.7,225.2,224.5,225.0,226.11,226.11,224.4,224.4,225.9,226.4,222.9,223.11,223.31,220.11,229.61,226.4,228.61,228.61,229.11,227.0,224.2,223.31,223.61,217.5,217.5,234.2,234.2,234.2,231.31,230.4,229.2,227.31,225.61,225.61,223.31,214.61
2021-06-23 06:00:00,297.1,296.2,289.6,284.29,288.0,289.39,291.6,291.6,290.6,292.0,293.2,297.1,296.2,289.6,284.29,288.0,289.89,289.89,288.0,286.6,290.79,291.1,296.39,295.6,292.39,290.0,290.39,290.39,289.89,287.1,284.7,284.89,287.1,293.5,294.6,295.29,295.29,295.29,293.89,290.7,288.2,282.5,280.0,280.0,291.6,292.7,292.7,294.39,296.2,296.79,295.0,289.5,279.0,279.0,276.7,288.5,288.5,290.6,292.39,294.7,297.1,297.6,291.1,291.1,277.0,273.6,282.79,286.7,290.29,292.1,294.7,297.1,297.6,297.6,291.1,277.0,273.6,282.79,286.7,290.29,292.1,294.1,294.1,294.5,294.29,290.0,279.0,276.5,279.1,285.1,290.79,292.89,292.89,293.5,292.7,290.7,285.2,282.29,283.7,280.2,286.6,291.39,291.39,294.39,293.6,291.7,289.29,286.1,284.7,284.7,279.29,287.29,287.29,292.39,294.79,293.79,291.29,289.1,289.1,287.89,287.2
2021-08-22 07:00:00,233.5,233.11,233.11,236.9,238.7,243.4,242.81,242.81,243.7,247.9,247.7,233.5,233.11,233.11,236.9,238.7,239.5,239.5,239.4,238.9,242.4,247.2,234.11,232.7,231.9,233.4,234.81,234.81,234.81,233.31,235.31,239.81,242.31,232.81,232.81,230.4,231.0,231.0,231.0,230.2,230.7,234.31,236.2,236.2,231.11,230.9,230.9,230.81,231.5,229.11,228.61,233.9,236.61,236.61,237.4,229.81,229.81,230.31,232.7,233.4,230.7,231.31,237.0,237.0,241.5,242.2,231.11,232.31,231.9,234.4,233.4,230.7,231.31,231.31,237.0,241.5,242.2,231.11,232.31,231.9,234.4,235.4,235.4,234.81,237.9,244.31,245.9,244.0,235.11,234.5,234.5,236.81,236.81,238.4,238.9,245.61,249.4,249.7,248.9,241.5,237.2,236.2,236.2,239.81,242.4,243.81,247.81,251.5,251.11,251.11,246.61,240.0,240.0,239.0,242.0,246.11,248.11,249.0,249.0,251.2,251.81
2021-08-26 02:00:00,257.11,256.9,255.5,254.9,252.9,246.61,247.81,247.81,249.4,253.11,252.11,257.11,256.9,255.5,254.9,252.9,248.2,248.2,247.0,248.9,249.4,252.2,260.71,259.61,258.5,257.5,255.5,255.5,253.9,252.7,249.9,243.9,245.31,263.4,262.0,261.3,259.61,259.61,259.9,259.3,257.3,251.61,242.5,242.5,265.4,263.5,263.5,262.61,262.9,262.4,260.9,259.21,254.81,254.81,248.61,265.61,265.61,264.5,264.0,265.11,264.21,261.4,259.8,259.8,258.71,255.7,266.4,265.3,264.9,264.9,265.11,264.21,261.4,261.4,259.8,258.71,255.7,266.4,265.3,264.9,264.9,265.5,265.5,265.11,263.11,262.4,261.3,259.61,265.61,265.61,265.0,265.3,265.3,265.3,264.9,264.61,264.61,262.8,261.9,264.9,265.4,265.61,265.61,265.71,265.21,264.21,264.5,264.4,263.21,263.21,264.61,265.21,265.21,266.0,266.21,265.21,263.71,263.9,263.9,264.61,263.21
2021-08-31 08:00:00,272.4,270.5,267.61,265.61,265.61,264.5,263.9,263.9,265.5,264.71,260.0,272.4,270.5,267.61,265.61,265.61,265.21,265.21,264.21,263.71,263.3,262.8,274.2,271.61,269.4,268.21,265.5,265.5,265.4,264.3,264.11,262.61,265.8,273.29,272.8,271.11,269.8,269.8,267.0,265.21,262.9,265.21,268.9,268.9,271.71,273.7,273.7,273.5,272.71,269.4,266.5,263.71,267.8,267.8,273.5,271.3,271.3,273.7,275.2,274.79,272.61,268.3,265.8,265.8,271.11,276.6,267.4,270.61,274.39,276.89,274.79,272.61,268.3,268.3,265.8,271.11,276.6,267.4,270.61,274.39,276.89,276.29,276.29,274.7,270.9,272.3,275.1,278.1,263.61,271.8,274.39,276.7,276.7,277.7,275.5,274.89,278.0,278.79,278.2,260.0,271.61,272.71,272.71,273.79,276.6,275.1,277.5,278.5,278.79,278.79,257.8,267.71,267.71,270.71,270.4,272.3,275.2,276.79,276.79,276.39,277.29
2021-06-11 02:00:00,297.5,297.0,296.89,296.5,296.6,296.7,296.79,296.79,296.5,295.79,294.89,297.5,297.0,296.89,296.5,296.6,296.39,296.39,296.2,295.7,294.7,293.6,297.29,296.79,296.29,296.29,296.1,296.1,295.79,295.2,294.7,293.89,292.39,296.7,296.39,296.1,295.89,295.89,295.5,295.0,294.29,293.6,292.29,292.29,296.29,296.1,296.1,295.79,295.5,295.5,294.7,293.79,292.6,292.6,291.2,296.0,296.0,295.79,295.39,295.29,295.1,294.29,293.29,293.29,291.39,290.6,296.0,296.1,295.5,295.39,295.29,295.1,294.29,294.29,293.29,291.39,290.6,296.0,296.1,295.5,295.39,295.1,295.1,294.5,293.6,292.0,290.7,290.39,296.0,295.79,295.5,295.0,295.0,294.7,294.2,292.39,291.1,290.2,289.79,296.0,295.7,295.29,295.29,295.0,294.39,293.1,291.29,290.6,290.1,290.1,295.89,295.29,295.29,295.1,294.79,293.89,291.39,290.5,290.5,290.2,290.1
2021-06-27 23:00:00,288.2,288.6,288.5,288.5,288.5,288.1,288.2,288.2,287.89,288.1,287.79,288.2,288.6,288.5,288.5,288.5,288.1,288.1,288.0,287.89,287.89,287.89,288.5,288.7,288.79,288.89,288.6,288.6,288.29,288.2,288.0,287.7,287.89,288.39,288.79,289.1,289.1,289.1,288.5,288.6,288.2,288.2,287.79,287.79,289.0,288.89,288.89,288.89,289.0,289.0,288.79,288.39,288.0,288.0,287.79,289.2,289.2,289.0,288.89,288.89,289.0,288.89,288.39,288.39,287.89,287.6,289.1,289.2,289.1,288.89,288.89,289.0,288.89,288.89,288.39,287.89,287.6,289.1,289.2,289.1,288.89,288.79,288.79,288.6,288.7,288.39,287.79,287.39,289.1,288.7,289.2,288.79,288.79,288.7,288.39,288.39,288.2,287.7,287.5,288.79,288.7,288.79,288.79,288.39,288.6,288.5,288.39,288.1,287.89,287.89,288.5,288.39,288.39,288.5,288.29,288.5,288.79,288.2,288.2,288.0,287.79
2021-07-06 08:00:00,225.11,224.4,224.0,225.7,229.7,234.4,236.11,236.11,236.81,237.7,239.7,225.11,224.4,224.0,225.7,229.7,234.5,234.5,236.31,235.61,237.7,240.2,225.0,223.81,223.61,224.9,228.4,228.4,232.81,234.9,235.81,238.2,240.31,224.4,223.31,222.5,224.11,224.11,226.81,230.0,233.61,235.81,238.11,238.11,224.31,223.2,223.2,222.81,223.11,225.4,228.2,231.2,234.81,234.81,238.61,225.4,225.4,223.61,222.31,222.7,224.31,226.31,229.81,229.81,233.2,237.0,226.11,225.11,223.61,222.81,222.7,224.31,226.31,226.31,229.81,233.2,237.0,226.11,225.11,223.61,222.81,222.7,222.7,223.5,225.5,228.61,232.2,234.31,226.31,225.0,224.2,223.9,223.9,222.5,223.7,225.11,228.2,230.5,232.31,226.9,227.2,227.5,227.5,225.0,223.31,223.61,226.11,228.4,229.61,229.61,227.5,230.0,230.0,229.81,225.9,223.81,224.9,226.9,226.9,228.5,228.9
2021-06-30 04:00:00,293.2,292.7,292.39,292.1,291.5,291.6,292.0,292.0,292.89,292.7,292.79,293.2,292.7,292.39,292.1,291.5,291.7,291.7,292.89,293.29,293.2,293.0,292.2,291.89,292.0,292.29,292.39,292.39,292.5,293.39,293.5,293.29,292.2,291.2,290.39,290.6,292.39,292.39,292.89,293.0,293.1,293.2,292.39,292.39,288.7,288.0,288.0,289.7,291.2,291.5,292.29,292.29,291.6,291.6,290.39,284.6,284.6,285.89,288.29,289.0,289.6,290.5,290.79,290.79,289.6,288.5,283.29,282.2,285.1,285.89,289.0,289.6,290.5,290.5,290.79,289.6,288.5,283.29,282.2,285.1,285.89,287.39,287.39,288.29,288.2,288.29,287.2,286.6,280.7,282.2,283.89,285.39,285.39,286.39,286.89,286.79,285.6,285.6,286.29,280.29,282.0,283.39,283.39,285.29,286.6,287.39,285.89,284.5,285.2,285.2,281.89,282.39,282.39,284.79,286.6,288.0,287.6,285.79,285.79,284.79,285.1
2021-08-14 08:00:00,291.1,290.89,290.79,290.7,291.1,291.1,290.7,290.7,290.7,290.7,290.1,291.1,290.89,290.79,290.7,291.1,291.29,291.29,291.0,290.89,290.39,290.5,291.7,291.29,290.89,290.79,291.29,291.29,291.1,291.1,291.0,290.5,290.79,291.2,291.39,291.2,291.0,291.0,291.2,291.1,290.79,290.89,290.79,290.79,290.6,290.89,290.89,291.0,291.2,291.1,291.29,290.89,290.79,290.79,290.5,290.0,290.0,290.2,290.7,291.2,291.2,291.2,291.2,291.2,290.6,290.0,288.29,288.89,290.2,290.5,291.2,291.2,291.2,291.2,291.2,290.6,290.0,288.29,288.89,290.2,290.5,290.89,290.89,291.0,290.89,290.89,290.6,289.79,287.39,289.39,289.7,290.0,290.0,290.39,290.6,290.6,290.39,290.6,289.7,288.1,289.2,289.79,289.79,290.0,290.1,290.0,290.1,290.39,290.6,290.6,288.29,288.79,288.79,289.7,290.1,289.6,289.39,289.7,289.7,290.1,290.39
2021-08-16 23:00:00,290.79,291.0,291.0,290.6,290.29,290.39,290.2,290.2,290.0,289.79,290.1,290.79,291.0,291.0,290.6,290.29,290.0,290.0,289.5,288.7,288.89,289.79,290.79,290.89,290.7,290.7,290.39,290.39,290.2,289.5,287.6,285.79,288.89,290.89,290.6,290.6,290.39,290.39,290.5,290.1,289.2,285.7,283.2,283.2,290.6,290.6,290.6,290.39,290.39,290.29,289.89,287.7,282.5,282.5,283.7,290.5,290.5,290.39,290.29,290.0,289.5,289.0,286.0,286.0,280.1,283.89,290.5,290.1,289.79,290.0,290.0,289.5,289.0,289.0,286.0,280.1,283.89,290.5,290.1,289.79,290.0,289.79,289.79,288.79,287.5,284.0,279.7,283.5,290.39,289.5,289.29,289.0,289.0,288.89,287.7,285.5,283.2,279.6,285.7,290.0,289.79,289.29,289.29,288.6,286.7,286.2,284.89,279.89,284.1,284.1,289.2,289.29,289.29,288.89,288.5,284.6,282.1,283.29,283.29,285.0,286.39
2021-07-13 22:00:00,286.5,288.0,287.5,287.2,287.39,287.6,287.7,287.7,288.39,288.5,288.7,286.5,288.0,287.5,287.2,287.39,287.6,287.6,288.1,289.2,288.89,288.5,281.29,284.79,286.1,287.6,288.2,288.2,288.29,288.7,289.0,288.79,288.6,280.29,280.5,284.0,287.79,287.79,287.7,288.2,288.5,288.39,288.89,288.89,280.79,280.6,280.6,283.2,285.39,286.29,286.29,287.2,288.0,288.0,288.79,281.39,281.39,282.0,282.89,283.0,284.39,283.89,285.39,285.39,287.39,288.39,282.7,281.39,281.5,283.2,283.0,284.39,283.89,283.89,285.39,287.39,288.39,282.7,281.39,281.5,283.2,282.0,282.0,281.1,282.39,283.89,286.5,287.79,282.7,283.0,282.2,279.89,279.89,282.6,281.7,280.6,283.79,285.5,286.6,282.79,283.89,282.79,282.79,283.1,283.79,282.39,280.39,280.7,285.0,285.0,283.1,284.5,284.5,284.2,285.2,285.5,285.0,280.5,280.5,279.79,283.6
2021-06-26 09:00:00,253.0,253.4,257.5,260.71,260.4,256.5,257.5,257.5,258.11,258.21,258.9,253.0,253.4,257.5,260.71,260.4,259.61,259.61,260.3,260.9,259.21,261.8,255.4,256.4,259.5,263.61,266.0,266.0,263.71,263.3,261.5,259.3,258.4,255.31,258.21,258.9,264.21,264.21,266.8,266.9,262.11,260.4,256.71,256.71,255.11,254.9,254.9,257.8,261.0,263.0,263.11,261.61,258.9,258.9,253.7,250.0,250.0,252.5,257.3,256.8,256.21,258.71,259.0,259.0,256.4,254.5,247.4,247.9,250.2,251.31,256.8,256.21,258.71,258.71,259.0,256.4,254.5,247.4,247.9,250.2,251.31,252.31,252.31,252.81,254.9,254.4,254.9,254.11,248.9,247.7,249.9,250.0,250.0,249.0,250.2,252.0,252.61,253.81,254.81,253.31,253.11,252.7,252.7,252.31,251.0,251.11,253.31,254.2,255.7,255.7,258.8,256.3,256.3,256.11,255.81,252.7,253.5,255.0,255.0,256.61,257.3
2021-08-02 07:00:00,293.39,293.29,293.7,294.1,294.29,294.1,293.5,293.5,293.29,292.89,293.1,293.39,293.29,293.7,294.1,294.29,293.89,293.89,293.6,293.39,293.2,293.29,293.29,293.29,293.1,293.7,294.39,294.39,294.0,293.89,293.7,293.29,293.5,293.1,293.1,293.0,293.39,293.39,294.0,294.0,294.0,293.6,293.7,293.7,292.89,293.1,293.1,293.2,293.6,293.7,293.89,293.89,293.7,293.7,293.39,293.1,293.1,293.2,293.39,293.89,293.6,293.6,293.89,293.89,293.7,293.2,292.79,292.89,293.39,293.6,293.89,293.6,293.6,293.6,293.89,293.7,293.2,292.79,292.89,293.39,293.6,294.0,294.0,294.0,293.7,293.89,293.5,293.2,292.39,293.2,293.1,293.7,293.7,294.0,293.89,293.89,293.6,293.29,293.1,292.6,293.0,293.29,293.29,293.89,294.1,294.0,293.7,293.29,293.39,293.39,292.79,293.2,293.2,293.6,293.89,294.2,293.89,293.39,293.39,293.29,293.29
2021-07-11 22:00:00,283.0,284.2,283.7,286.0,285.1,284.79,285.39,285.39,286.7,286.6,287.7,283.0,284.2,283.7,286.0,285.1,283.5,283.5,284.39,287.1,288.79,288.2,285.79,285.7,286.1,286.5,285.29,285.29,282.6,285.7,287.39,289.1,287.89,287.2,288.6,288.6,288.1,288.1,284.89,283.2,287.2,287.5,288.5,288.5,288.39,290.0,290.0,291.0,289.7,286.6,287.2,287.5,287.89,287.89,286.89,288.79,288.79,290.1,291.39,290.2,289.39,290.2,288.29,288.29,286.39,285.5,288.6,289.2,291.1,293.2,290.2,289.39,290.2,290.2,288.29,286.39,285.5,288.6,289.2,291.1,293.2,290.2,290.2,290.1,291.29,288.7,284.79,282.6,288.79,290.29,291.7,291.29,291.29,289.7,290.2,290.29,286.89,281.79,278.0,289.5,289.79,289.7,289.7,288.29,286.79,286.89,285.29,281.1,276.29,276.29,289.5,288.2,288.2,285.79,284.1,282.29,280.7,278.29,278.29,274.39,269.11
2021-08-03 04:00:00,294.79,294.2,294.0,293.6,293.2,292.2,291.7,291.7,291.2,290.89,290.89,294.79,294.2,294.0,293.6,293.2,292.39,292.39,292.1,291.79,291.6,291.6,294.39,294.29,294.2,293.7,293.2,293.2,292.79,292.5,292.39,292.2,292.2,294.5,294.5,293.89,293.89,293.89,293.5,293.2,293.0,293.0,292.6,292.6,294.7,294.1,294.1,293.89,293.89,293.7,293.2,292.89,293.2,293.2,293.5,294.29,294.29,293.89,293.89,294.0,293.79,293.39,292.89,292.89,293.6,293.7,294.39,294.29,293.89,293.89,294.0,293.79,293.39,293.39,292.89,293.6,293.7,294.39,294.29,293.89,293.89,293.7,293.7,293.7,293.7,293.7,293.6,293.6,294.29,294.29,294.39,293.7,293.7,293.7,293.79,293.89,294.2,293.5,293.39,294.0,294.1,294.2,294.2,294.0,293.89,293.89,294.1,293.7,293.7,293.7,293.7,293.7,293.7,294.0,294.0,294.2,294.2,293.79,293.79,293.89,293.7
2021-08-30 00:00:00,246.5,246.11,246.81,247.11,245.9,246.61,247.61,247.61,247.2,245.2,243.7,246.5,246.11,246.81,247.11,245.9,245.81,245.81,247.31,246.4,245.0,243.9,250.0,249.2,248.9,246.4,244.9,244.9,244.81,246.0,246.11,244.81,244.7,252.7,252.61,250.81,247.11,247.11,243.81,244.2,246.0,245.2,244.4,244.4,253.31,253.31,253.31,251.7,249.81,247.81,246.11,246.31,246.2,246.2,245.0,253.4,253.4,253.11,253.2,252.9,250.61,248.31,247.2,247.2,245.9,244.11,256.11,254.81,254.2,254.31,252.9,250.61,248.31,248.31,247.2,245.9,244.11,256.11,254.81,254.2,254.31,254.2,254.2,252.5,250.5,247.2,244.11,241.7,256.61,256.11,254.9,253.9,253.9,253.5,252.5,250.0,245.2,240.81,236.9,257.5,256.4,254.9,254.9,253.11,251.31,248.61,243.7,239.61,234.11,234.11,257.61,255.5,255.5,253.61,251.9,247.11,239.7,235.7,235.7,230.4,226.0
2021-07-03 05:00:00,287.29,287.29,286.79,285.39,282.89,284.7,284.6,284.6,284.6,285.2,284.89,287.29,287.29,286.79,285.39,282.89,282.89,282.89,283.1,283.89,284.39,285.79,287.5,287.39,287.0,286.29,283.79,283.79,282.1,282.1,282.5,283.6,285.6,287.39,287.29,287.39,286.89,286.89,284.79,282.1,282.0,281.0,283.1,283.1,287.5,287.1,287.1,286.89,286.79,287.79,284.1,276.0,280.2,280.2,284.5,287.39,287.39,286.89,286.7,286.89,287.39,284.2,279.2,279.2,277.89,280.89,287.5,287.29,287.2,287.2,286.89,287.39,284.2,284.2,279.2,277.89,280.89,287.5,287.29,287.2,287.2,287.29,287.29,285.79,284.89,284.29,279.2,277.5,287.5,287.2,287.5,287.5,287.5,287.1,286.89,286.39,284.0,281.79,277.89,287.39,287.39,287.6,287.6,287.6,287.39,287.1,286.7,285.39,284.0,284.0,287.39,287.5,287.5,287.7,287.7,287.6,287.2,286.5,286.5,286.0,285.29
2021-06-21 06:00:00,250.81,252.11,254.61,254.2,255.4,254.2,255.31,255.31,254.61,254.4,254.2,250.81,252.11,254.61,254.2,255.4,256.71,256.71,257.8,255.81,255.0,255.9,253.2,254.0,255.2,257.3,258.4,258.4,257.71,259.0,257.11,256.21,257.9,254.9,255.81,256.8,259.21,259.21,259.5,258.3,257.9,257.61,257.9,257.9,256.5,256.11,256.11,256.9,256.61,257.21,258.0,257.5,255.4,255.4,255.81,257.0,257.0,255.81,253.61,253.31,254.31,256.5,255.61,255.61,252.7,252.61,255.5,255.2,253.5,251.5,253.31,254.31,256.5,256.5,255.61,252.7,252.61,255.5,255.2,253.5,251.5,250.81,250.81,251.7,252.9,251.5,250.31,250.4,254.9,253.2,251.0,250.0,250.0,249.61,249.4,249.5,248.9,249.11,249.4,255.4,254.61,252.4,252.4,250.81,250.31,248.9,247.7,248.5,250.7,250.7,254.11,256.11,256.11,253.11,251.2,251.11,248.4,246.31,246.31,250.11,252.4
2021-06-11 05:00:00,283.79,284.5,290.79,293.39,294.29,295.0,295.7,295.7,295.6,294.6,294.2,283.79,284.5,290.79,293.39,294.29,295.0,295.0,295.5,295.29,294.5,293.6,284.29,288.0,291.7,294.29,295.2,295.2,295.0,294.7,294.39,294.0,292.29,287.89,291.0,292.7,294.7,294.7,295.0,295.2,294.6,293.6,292.7,292.7,288.5,291.29,291.29,292.79,294.6,295.0,295.0,294.0,292.2,292.2,291.5,288.2,288.2,291.0,292.79,294.29,294.79,294.39,292.39,292.39,290.89,290.7,284.39,286.79,289.89,292.6,294.29,294.79,294.39,294.39,292.39,290.89,290.7,284.39,286.79,289.89,292.6,293.79,293.79,293.89,292.7,290.6,290.1,290.0,285.39,287.2,290.39,292.79,292.79,293.7,292.5,290.89,289.89,289.5,289.7,287.89,290.39,292.1,292.1,293.2,293.39,291.6,289.7,289.5,289.6,289.6,290.5,290.7,290.7,293.89,294.6,292.79,290.1,289.2,289.2,289.79,289.79
2021-08-09 03:00:00,260.71,259.11,256.71,255.2,259.8,262.61,264.4,264.4,264.5,262.5,260.9,260.71,259.11,256.71,255.2,259.8,262.0,262.0,264.3,264.21,260.8,260.71,262.5,261.71,259.0,254.31,257.4,257.4,260.9,261.71,262.3,263.0,263.9,267.11,266.0,262.21,257.0,257.0,258.61,261.8,259.61,262.4,265.61,265.61,271.61,270.3,270.3,267.11,263.0,265.21,266.8,263.8,266.3,266.3,266.61,276.2,276.2,274.1,272.0,270.9,270.0,271.21,270.4,270.4,270.21,267.8,277.79,280.29,279.6,276.0,270.9,270.0,271.21,271.21,270.4,270.21,267.8,277.79,280.29,279.6,276.0,278.5,278.5,273.79,273.0,273.89,273.0,271.61,279.6,282.7,283.2,278.6,278.6,282.0,278.1,273.1,273.89,275.6,276.6,276.89,280.79,281.29,281.29,281.7,280.2,274.2,270.3,270.3,275.89,275.89,273.0,273.89,273.89,278.29,281.6,276.0,270.71,266.4,266.4,267.0,274.0
2021-07-22 01:00:00,290.1,288.89,287.1,284.29,280.89,284.6,285.89,285.89,282.5,280.89,284.29,290.1,288.89,287.1,284.29,280.89,278.5,278.5,279.6,280.89,277.5,285.0,288.5,286.1,283.2,280.6,276.5,276.5,271.61,272.61,278.7,279.2,284.79,286.39,281.7,279.7,277.0,277.0,270.4,264.5,271.61,275.79,277.89,277.89,281.1,278.79,278.79,277.7,273.39,268.9,263.9,267.9,272.0,272.0,279.7,279.0,279.0,277.2,275.39,272.0,269.11,267.11,263.71,263.71,270.11,284.5,284.29,276.6,278.2,277.79,272.0,269.11,267.11,267.11,263.71,270.11,284.5,284.29,276.6,278.2,277.79,273.5,273.5,267.9,266.9,265.61,273.39,286.6,282.2,278.1,280.2,283.2,283.2,276.89,265.9,267.11,269.9,278.2,285.0,284.29,284.29,283.79,283.79,282.5,278.7,276.0,270.4,273.5,283.0,283.0,287.0,288.1,288.1,287.1,281.89,282.6,280.29,276.6,276.6,280.29,284.89
2021-06-07 01:00:00,286.5,285.39,285.6,288.0,289.6,288.39,288.6,288.6,287.39,286.2,285.6,286.5,285.39,285.6,288.0,289.6,289.79,289.79,289.7,289.39,288.7,288.0,284.1,285.2,286.79,287.5,289.2,289.2,291.2,291.5,291.5,291.6,290.2,285.2,286.6,287.5,288.39,288.39,290.0,292.39,293.29,293.5,293.2,293.2,287.39,288.6,288.6,289.89,291.1,293.1,294.0,294.6,294.0,294.0,292.89,289.89,289.89,291.29,292.39,294.29,295.7,295.79,295.29,295.29,294.0,291.39,291.89,293.2,294.1,295.39,294.29,295.7,295.79,295.79,295.29,294.0,291.39,291.89,293.2,294.1,295.39,296.6,296.6,297.29,296.79,295.1,292.39,290.7,294.79,296.29,297.0,297.7,297.7,298.39,298.5,296.79,293.2,290.79,290.29,296.29,297.7,297.89,297.89,297.89,298.6,298.2,295.0,291.79,290.39,290.39,296.79,296.89,296.89,298.0,297.79,298.0,296.1,293.0,293.0,291.1,290.29
2021-07-16 01:00:00,213.9,213.61,213.2,213.0,213.4,214.5,215.11,215.11,215.81,215.9,216.4,213.9,213.61,213.2,213.0,213.4,214.2,214.2,214.9,215.7,215.61,216.2,214.11,213.81,212.7,213.31,213.61,213.61,214.11,214.9,215.31,216.0,215.9,214.2,213.9,213.0,213.4,213.4,213.7,213.9,214.4,215.31,216.0,216.0,214.31,213.81,213.81,213.2,213.61,213.61,214.31,214.7,215.7,215.7,216.4,214.31,214.31,213.7,213.31,213.61,213.81,214.2,215.11,215.11,216.2,217.2,215.11,214.4,214.2,213.61,213.61,213.81,214.2,214.2,215.11,216.2,217.2,215.11,214.4,214.2,213.61,213.81,213.81,213.81,214.4,215.0,217.0,218.0,215.11,214.61,214.5,214.2,214.2,213.7,214.11,214.31,215.4,217.2,218.7,215.31,215.4,214.61,214.61,214.2,214.7,214.5,215.2,216.2,217.61,217.61,215.7,215.31,215.31,214.7,214.9,215.2,215.4,215.9,215.9,216.7,217.7
2021-07-13 10:00:00,286.7,284.1,273.7,259.71,257.3,254.11,256.3,256.3,260.71,267.21,277.29,286.7,284.1,273.7,259.71,257.3,260.0,260.0,264.0,271.3,277.2,283.2,287.29,282.79,270.61,267.3,267.71,267.71,272.21,275.5,279.89,281.6,286.2,287.39,280.6,269.5,274.2,274.2,278.79,281.89,282.29,284.1,286.39,286.39,288.89,282.0,282.0,275.6,280.7,283.5,284.39,284.5,285.1,285.1,282.7,288.1,288.1,284.79,284.5,286.2,286.1,285.79,284.79,284.79,282.79,276.5,290.29,288.7,287.7,288.5,286.2,286.1,285.79,285.79,284.79,282.79,276.5,290.29,288.7,287.7,288.5,289.0,289.0,288.2,287.7,284.5,274.0,267.8,290.0,290.0,290.1,290.1,290.1,289.89,289.7,288.6,281.39,264.21,259.71,290.39,290.6,290.89,290.89,290.6,290.2,289.5,286.5,275.2,260.71,260.71,290.5,290.29,290.29,290.29,290.29,289.6,287.79,282.89,282.89,270.21,260.4
2021-06-18 09:00:00,263.11,262.5,260.8,255.61,250.7,248.61,253.0,253.0,253.11,254.31,257.11,263.11,262.5,260.8,255.61,250.7,251.5,251.5,254.2,255.31,256.4,258.8,264.11,263.5,260.5,256.71,256.21,256.21,254.4,255.0,258.4,259.71,260.5,265.11,264.3,261.8,259.0,259.0,258.11,257.8,260.0,260.5,260.8,260.8,266.3,266.5,266.5,263.11,259.8,259.11,261.21,262.3,261.4,261.4,260.71,267.61,267.61,267.8,264.5,259.4,261.61,263.4,261.9,261.9,262.0,261.8,266.61,268.11,268.3,264.8,259.4,261.61,263.4,263.4,261.9,262.0,261.8,266.61,268.11,268.3,264.8,260.0,260.0,263.5,263.11,262.11,262.3,261.71,268.21,268.0,268.4,266.4,266.4,262.0,262.3,263.4,263.4,262.4,261.9,270.8,269.9,269.4,269.4,267.3,264.0,263.9,264.21,263.8,263.21,263.21,272.61,271.9,271.9,269.9,267.8,266.5,266.3,265.71,265.71,264.8,264.71
2021-07-17 04:00:00,289.39,289.5,289.5,289.5,289.7,289.79,289.1,289.1,288.39,288.7,289.29,289.39,289.5,289.5,289.5,289.7,290.39,290.39,290.1,288.5,290.0,291.0,289.29,289.29,289.39,289.29,289.7,289.7,290.2,290.0,288.89,290.1,290.5,289.2,288.79,289.2,289.0,289.0,289.29,289.1,288.79,288.5,288.39,288.39,289.39,289.29,289.29,289.2,289.0,288.29,287.39,286.7,285.7,285.7,284.2,289.6,289.6,289.79,289.39,288.89,287.39,285.29,284.2,284.2,282.1,279.7,289.39,289.79,290.0,289.5,288.89,287.39,285.29,285.29,284.2,282.1,279.7,289.39,289.79,290.0,289.5,288.79,288.79,287.29,284.2,280.29,278.5,278.1,289.2,289.5,289.5,289.29,289.29,288.2,286.0,282.89,277.6,275.6,274.7,289.0,288.79,287.89,287.89,286.7,286.39,285.7,281.1,276.2,274.79,274.79,288.7,287.39,287.39,285.7,284.89,284.39,283.7,280.2,280.2,276.79,275.89
2021-08-08 03:00:00,294.1,294.1,294.1,294.1,294.6,294.6,294.6,294.6,294.6,294.7,294.6,294.1,294.1,294.1,294.1,294.6,295.0,295.0,294.6,294.5,294.79,294.5,294.0,294.0,293.6,294.1,294.79,294.79,294.6,294.6,294.39,294.79,294.6,293.89,293.79,293.7,294.2,294.2,294.39,294.6,294.39,294.5,294.79,294.79,293.89,293.6,293.6,293.89,294.2,294.5,294.5,294.5,294.6,294.6,294.29,293.6,293.6,293.89,294.2,294.5,294.29,294.5,294.5,294.5,294.5,293.89,293.39,294.1,294.0,294.29,294.5,294.29,294.5,294.5,294.5,294.5,293.89,293.39,294.1,294.0,294.29,294.6,294.6,294.2,294.29,294.39,293.89,293.79,293.6,294.2,294.29,294.7,294.7,294.7,294.1,294.29,294.0,293.7,293.6,294.1,294.29,294.5,294.5,294.5,294.7,294.6,293.89,293.79,293.6,293.6,294.39,294.5,294.5,294.6,294.6,294.79,294.2,293.7,293.7,293.6,293.6
2021-07-14 10:00:00,279.7,279.1,278.7,278.2,278.2,285.39,287.29,287.29,283.2,276.7,279.6,279.7,279.1,278.7,278.2,278.2,280.5,280.5,282.39,279.89,276.79,277.0,271.61,270.61,270.0,270.4,272.61,272.61,275.39,276.6,275.2,274.89,277.39,263.3,261.8,262.8,262.8,262.8,265.5,269.61,270.61,269.11,269.11,269.11,259.9,256.11,256.11,257.61,258.8,260.5,263.11,262.9,262.71,262.71,263.21,257.5,257.5,253.31,251.9,256.4,257.5,255.61,254.2,254.2,255.5,252.61,257.8,251.9,248.11,247.5,256.4,257.5,255.61,255.61,254.2,255.5,252.61,257.8,251.9,248.11,247.5,251.81,251.81,252.81,252.7,245.2,244.0,237.4,252.4,245.11,241.2,244.5,244.5,244.4,247.2,247.5,237.0,229.7,220.5,243.11,240.11,237.5,237.5,238.11,236.11,234.5,232.5,224.11,219.9,219.9,231.0,232.5,232.5,232.81,231.2,226.4,218.0,213.61,213.61,213.11,212.31
2021-08-05 02:00:00,293.0,292.7,292.6,292.5,292.79,292.79,292.6,292.6,292.6,292.0,292.2,293.0,292.7,292.6,292.5,292.79,293.2,293.2,292.6,292.29,293.2,293.39,292.7,292.79,292.89,292.6,292.89,292.89,293.2,292.7,292.6,293.6,293.7,293.2,293.1,292.6,292.79,292.79,293.1,293.1,292.7,293.1,293.79,293.79,293.6,293.29,293.29,292.7,293.0,293.0,292.7,292.89,293.29,293.29,293.6,293.39,293.39,293.2,293.29,292.79,292.39,292.39,292.7,292.7,293.2,293.0,293.7,293.6,293.6,293.2,292.79,292.39,292.39,292.39,292.7,293.2,293.0,293.7,293.6,293.6,293.2,292.5,292.5,292.2,292.7,292.7,292.7,292.5,293.6,293.7,293.7,293.1,293.1,292.29,292.2,293.1,292.39,292.0,292.2,293.29,293.29,292.5,292.5,292.5,292.29,292.79,292.5,292.0,291.5,291.5,293.0,292.5,292.5,291.6,291.79,292.7,292.79,292.2,292.2,291.89,291.29
2021-07-22 23:00:00,290.29,290.29,290.1,289.1,287.5,287.79,287.7,287.7,288.2,288.29,289.1,290.29,290.29,290.1,289.1,287.5,287.7,287.7,288.29,289.1,289.6,289.89,289.6,289.2,288.89,287.79,287.7,287.7,288.79,289.6,290.0,290.1,290.6,288.89,288.29,287.79,286.79,286.79,288.2,290.0,290.5,290.7,290.89,290.89,288.0,288.0,288.0,287.5,287.1,288.2,289.6,290.39,291.2,291.2,291.29,287.1,287.1,287.5,287.6,287.29,287.7,288.6,290.1,290.1,291.1,291.39,288.2,287.7,287.0,286.5,287.29,287.7,288.6,288.6,290.1,291.1,291.39,288.2,287.7,287.0,286.5,287.39,287.39,287.6,288.6,289.89,290.6,290.89,287.1,286.7,286.7,286.7,286.7,287.39,288.2,288.89,290.0,290.0,290.5,285.29,285.7,285.7,285.7,286.7,287.6,288.6,289.7,289.89,289.89,289.89,283.1,283.79,283.79,284.7,286.0,287.6,289.39,289.79,289.79,289.6,289.79
2021-08-12 05:00:00,248.9,250.9,254.7,255.5,259.9,249.9,250.61,250.61,248.5,254.9,257.5,248.9,250.9,254.7,255.5,259.9,258.11,258.11,251.7,248.0,247.81,252.7,254.11,255.0,258.21,262.71,266.3,266.3,262.61,251.2,245.4,247.81,247.4,256.9,257.61,263.11,267.11,267.11,268.4,263.5,255.11,245.7,243.2,243.2,259.8,261.4,261.4,267.4,267.11,265.21,259.21,252.9,248.81,248.81,248.7,262.61,262.61,265.8,267.9,266.71,259.11,253.9,253.31,253.31,252.81,250.61,263.9,264.21,266.21,265.3,266.71,259.11,253.9,253.9,253.31,252.81,250.61,263.9,264.21,266.21,265.3,263.61,263.61,257.0,255.0,256.0,255.0,252.0,265.0,264.5,264.9,261.5,261.5,259.3,258.61,257.71,258.3,257.8,252.9,266.11,265.21,264.61,264.61,261.3,258.9,259.0,259.5,260.21,259.3,259.3,267.0,265.61,265.61,264.5,261.71,259.4,259.71,260.9,260.9,260.71,260.8
2021-08-27 05:00:00,279.79,280.0,279.1,278.1,277.2,273.89,271.21,271.21,274.5,275.1,274.29,279.79,280.0,279.1,278.1,277.2,274.1,274.1,273.7,274.39,275.0,274.0,277.89,279.29,279.7,278.5,277.7,277.7,275.7,274.0,274.89,276.2,274.2,276.79,278.1,279.7,279.0,279.0,277.79,277.1,276.0,275.7,275.2,275.2,277.0,277.5,277.5,278.2,278.5,278.2,277.39,276.6,275.39,275.39,274.6,276.39,276.39,277.0,276.5,277.6,277.6,277.29,276.29,276.29,275.2,274.1,275.2,275.39,276.89,276.2,277.6,277.6,277.29,277.29,276.29,275.2,274.1,275.2,275.39,276.89,276.2,276.1,276.1,275.89,276.1,275.79,274.79,273.1,274.89,274.6,276.6,275.6,275.6,274.89,274.79,274.89,275.0,274.1,272.3,273.89,273.29,273.1,273.1,274.1,274.6,274.6,274.7,274.2,273.2,273.2,273.79,270.61,270.61,270.4,273.29,274.2,274.1,274.39,274.39,274.1,272.4
2021-07-07 07:00:00,254.9,255.9,250.31,246.11,243.9,233.0,226.4,226.4,226.31,229.5,230.7,254.9,255.9,250.31,246.11,243.9,236.0,236.0,228.9,229.4,230.5,232.81,249.4,251.5,242.7,243.0,243.5,243.5,236.81,231.4,232.7,234.0,235.0,244.11,244.9,239.9,238.9,238.9,240.0,236.31,234.31,234.9,237.61,237.61,243.11,240.81,240.81,237.81,237.11,236.81,236.11,235.7,236.4,236.4,237.4,242.31,242.31,239.4,237.31,235.11,234.61,234.4,235.61,235.61,236.7,236.7,245.4,243.81,243.2,237.4,235.11,234.61,234.4,234.4,235.61,236.7,236.7,245.4,243.81,243.2,237.4,233.7,233.7,232.7,233.0,235.2,236.11,234.5,244.61,246.81,246.5,237.81,237.81,234.0,232.0,232.0,234.5,234.31,234.11,246.0,246.9,244.81,244.81,241.4,236.0,233.31,233.5,233.2,233.9,233.9,247.2,245.9,245.9,244.11,243.4,239.61,234.0,235.11,235.11,233.4,232.7
2021-08-04 04:00:00,285.7,286.6,284.29,285.89,288.29,289.6,290.2,290.2,289.29,289.2,289.2,285.7,286.6,284.29,285.89,288.29,289.2,289.2,289.1,288.79,289.1,289.29,286.29,285.5,283.29,284.6,288.7,288.7,289.29,288.29,288.5,288.6,289.2,286.7,284.79,282.29,283.7,283.7,288.5,289.0,288.1,288.1,288.2,288.2,285.6,284.79,284.79,284.0,284.39,286.6,288.1,288.39,288.79,288.79,288.39,285.5,285.5,285.2,284.7,285.1,286.2,287.0,287.6,287.6,289.2,289.5,285.39,285.5,286.29,285.89,285.1,286.2,287.0,287.0,287.6,289.2,289.5,285.39,285.5,286.29,285.89,285.2,285.2,286.1,288.0,288.79,289.1,289.29,284.5,285.89,287.0,285.5,285.5,285.2,287.5,289.1,289.29,289.29,289.2,285.2,286.2,286.5,286.5,285.5,286.1,288.1,289.39,289.79,289.39,289.39,286.1,286.7,286.7,286.0,285.39,287.2,288.79,289.39,289.39,289.5,289.5
2021-07-23 08:00:00,292.6,292.6,293.0,293.2,293.5,293.29,292.7,292.7,292.0,292.0,291.7,292.6,292.6,293.0,293.2,293.5,293.79,293.79,293.29,292.29,291.89,292.0,292.7,292.79,293.0,293.29,293.7,293.7,293.79,293.6,292.7,292.1,292.29,292.29,292.79,293.0,293.0,293.0,293.5,293.5,293.2,292.89,292.39,292.39,292.6,293.1,293.1,292.6,292.89,293.1,293.2,292.7,292.6,292.6,292.5,292.79,292.79,293.1,292.6,292.5,292.39,292.7,292.2,292.2,292.2,292.0,292.89,293.2,292.89,292.29,292.5,292.39,292.7,292.7,292.2,292.2,292.0,292.89,293.2,292.89,292.29,292.29,292.29,292.2,292.0,292.2,291.79,291.29,293.1,292.7,292.7,292.39,292.39,292.2,291.6,291.7,291.79,291.39,291.1,293.0,293.2,292.7,292.7,292.0,292.2,291.89,291.89,291.6,291.29,291.29,292.89,292.89,292.89,292.6,292.0,292.1,292.2,292.0,292.0,291.79,291.39
2021-06-10 08:00:00,241.61,241.11,236.7,234.9,235.0,233.2,231.81,231.81,231.81,231.5,231.11,241.61,241.11,236.7,234.9,235.0,234.0,234.0,232.4,230.9,229.2,228.5,244.5,241.4,239.7,236.0,234.4,234.4,233.2,232.11,230.81,229.5,227.61,247.2,246.61,243.31,238.7,238.7,236.0,233.5,232.4,232.2,231.7,231.7,253.11,255.7,255.7,246.7,241.7,237.61,236.5,236.81,235.0,235.0,233.4,259.11,259.11,261.9,252.7,244.11,239.9,239.5,240.5,240.5,237.4,236.11,256.11,264.5,262.61,257.9,244.11,239.9,239.5,239.5,240.5,237.4,236.11,256.11,264.5,262.61,257.9,247.9,247.9,241.9,241.2,242.11,240.11,238.2,264.61,266.8,265.0,261.0,261.0,250.7,244.2,241.61,241.5,241.31,243.0,272.0,273.0,266.8,266.8,259.3,251.4,246.2,240.31,239.81,240.9,240.9,278.39,273.29,273.29,267.8,258.8,251.31,243.9,240.61,240.61,240.0,238.7
2021-08-18 08:00:00,294.2,294.29,292.79,292.7,293.39,293.2,293.89,293.89,294.2,294.5,294.7,294.2,294.29,292.79,292.7,293.39,294.2,294.2,294.39,294.6,294.79,294.79,294.39,294.39,293.89,292.79,294.1,294.1,294.29,293.79,295.1,295.79,295.29,294.39,294.6,294.5,293.29,293.29,293.79,293.89,294.39,294.89,295.89,295.89,294.29,294.5,294.5,294.29,293.39,293.6,294.2,294.6,294.89,294.89,295.1,294.39,294.39,294.29,294.0,293.39,293.89,294.29,294.6,294.6,294.5,294.2,294.2,294.29,294.2,293.39,293.39,293.89,294.29,294.29,294.6,294.5,294.2,294.2,294.29,294.2,293.39,293.5,293.5,293.89,294.2,294.29,293.89,293.79,293.89,294.0,293.7,293.1,293.1,293.5,293.7,294.1,293.7,293.5,293.29,293.89,293.79,293.29,293.29,293.0,293.39,293.6,293.6,293.79,293.39,293.39,294.0,293.6,293.6,293.29,293.0,293.39,293.79,293.29,293.29,293.0,293.2
2021-08-19 07:00:00,291.5,291.1,290.6,290.5,291.5,292.79,292.39,292.39,291.89,291.39,289.1,291.5,291.1,290.6,290.5,291.5,292.29,292.29,292.2,291.79,290.6,290.0,289.89,289.89,289.1,288.89,289.29,289.29,290.39,291.2,291.79,291.5,291.29,289.0,289.1,287.7,287.5,287.5,288.2,288.2,290.6,291.89,292.2,292.2,290.6,289.6,289.6,288.2,287.39,287.39,288.6,290.29,292.1,292.1,292.6,290.29,290.29,290.5,290.2,287.79,286.6,289.7,291.1,291.1,292.1,292.2,290.0,290.29,290.6,290.6,287.79,286.6,289.7,289.7,291.1,292.1,292.2,290.0,290.29,290.6,290.6,289.1,289.1,288.39,291.0,291.7,291.79,291.79,289.89,290.79,290.7,289.6,289.6,290.7,291.39,292.2,291.7,291.7,291.7,289.0,290.0,290.7,290.7,290.1,291.39,292.0,292.1,291.7,291.7,291.7,288.2,289.39,289.39,290.39,291.2,292.0,292.1,291.89,291.89,291.7,291.79
2021-07-01 01:00:00,292.79,292.5,292.2,292.0,292.1,292.0,291.89,291.89,291.79,291.89,291.5,292.79,292.5,292.2,292.0,292.1,292.1,292.1,292.0,291.79,291.5,291.6,292.89,292.79,292.29,292.2,292.29,292.29,292.1,292.0,291.6,291.89,291.6,293.1,292.79,292.7,292.5,292.5,292.29,292.2,291.7,291.79,291.6,291.6,292.79,292.79,292.79,292.7,292.7,292.29,292.2,291.89,291.7,291.7,291.29,292.39,292.39,292.39,292.6,292.5,292.29,291.89,291.79,291.79,291.5,290.79,292.2,292.1,292.1,292.29,292.5,292.29,291.89,291.89,291.79,291.5,290.79,292.2,292.1,292.1,292.29,292.29,292.29,292.2,291.79,291.5,291.1,290.39,292.0,291.89,291.7,292.1,292.1,292.0,291.89,291.6,291.1,290.6,290.29,292.39,292.1,291.7,291.7,291.7,291.79,291.7,291.39,290.6,290.39,290.39,292.79,292.2,292.2,291.6,291.5,291.39,291.2,290.89,290.89,290.2,290.0
2021-06-06 22:00:00,289.6,289.2,287.39,285.1,285.0,285.6,285.39,285.39,285.0,285.79,287.79,289.6,289.2,287.39,285.1,285.0,286.2,286.2,286.79,285.89,287.29,290.0,289.89,289.5,287.7,286.0,286.89,286.89,287.2,286.7,288.0,289.6,290.5,290.7,289.89,287.89,288.1,288.1,288.1,288.1,289.2,290.0,291.0,291.0,290.79,288.79,288.79,288.5,289.39,288.5,289.2,290.29,291.1,291.1,291.39,289.6,289.6,288.0,289.89,289.89,289.79,289.89,290.6,290.6,291.39,291.1,290.7,289.29,289.7,290.1,289.89,289.79,289.89,289.89,290.6,291.39,291.1,290.7,289.29,289.7,290.1,290.0,290.0,289.5,290.0,290.89,290.79,290.39,290.1,290.2,290.89,291.0,291.0,289.79,289.29,290.29,290.6,290.5,290.0,290.29,290.5,290.79,290.79,290.79,290.29,290.0,290.39,290.29,290.1,290.1,290.6,290.39,290.39,290.5,290.79,290.6,291.0,290.1,290.1,289.79,290.0
2021-07-22 09:00:00,291.1,291.2,291.39,291.7,291.89,291.79,291.5,291.5,291.39,291.29,291.2,291.1,291.2,291.39,291.7,291.89,291.5,291.5,291.29,291.39,291.2,291.0,291.1,291.2,291.2,291.5,291.7,291.7,291.2,290.89,291.1,291.29,291.1,291.1,291.1,291.39,291.29,291.29,291.2,291.1,290.6,291.0,291.1,291.1,291.0,291.1,291.1,291.39,291.1,291.0,290.89,290.6,290.79,290.79,291.1,291.1,291.1,291.1,291.1,290.89,290.6,290.7,290.6,290.6,290.7,290.6,291.1,291.0,291.1,290.89,290.89,290.6,290.7,290.7,290.6,290.7,290.6,291.1,291.0,291.1,290.89,290.6,290.6,290.39,290.39,290.5,290.5,290.5,291.1,291.2,291.0,290.5,290.5,290.5,290.2,290.29,290.6,290.39,290.5,291.0,291.0,290.6,290.6,290.5,290.2,290.0,290.39,290.5,290.5,290.5,290.89,290.6,290.6,290.39,290.2,290.0,290.1,290.39,290.39,290.6,290.5
2021-06-08 22:00:00,288.89,288.79,288.5,288.7,289.1,289.0,289.39,289.39,289.1,288.7,288.79,288.89,288.79,288.5,288.7,289.1,289.1,289.1,288.89,288.5,287.79,287.79,287.5,287.6,287.79,288.29,288.6,288.6,288.39,288.1,287.7,287.39,287.39,286.2,286.5,287.39,287.89,287.89,287.6,287.39,287.7,287.2,286.5,286.5,285.6,286.29,286.29,286.79,287.39,287.29,286.5,286.5,286.79,286.79,286.5,285.89,285.89,286.1,286.5,287.1,286.39,286.0,286.39,286.39,286.7,286.5,285.29,285.39,285.89,286.29,287.1,286.39,286.0,286.0,286.39,286.7,286.5,285.29,285.39,285.89,286.29,286.5,286.5,286.2,286.2,286.29,286.6,286.7,285.39,285.7,285.79,286.0,286.0,286.2,286.2,286.29,286.89,286.39,286.6,285.7,285.79,286.0,286.0,286.0,286.2,286.29,286.39,287.0,287.0,287.0,285.89,285.89,285.89,286.1,285.79,286.1,287.0,286.29,286.29,286.89,287.5
2021-06-10 22:00:00,291.0,291.5,291.89,292.39,292.1,292.39,291.6,291.6,290.79,290.39,290.0,291.0,291.5,291.89,292.39,292.1,291.7,291.7,291.39,291.2,291.1,290.79,290.39,290.7,290.79,291.0,290.7,290.7,290.7,290.5,290.5,290.39,290.29,289.6,289.7,289.5,289.6,289.6,289.5,289.6,289.6,289.6,289.1,289.1,289.6,289.5,289.5,289.5,289.29,289.0,289.39,289.29,289.29,289.29,289.0,289.7,289.7,289.7,289.29,289.39,289.29,289.39,289.39,289.39,289.29,289.0,290.0,289.89,289.79,289.6,289.39,289.29,289.39,289.39,289.39,289.29,289.0,290.0,289.89,289.79,289.6,289.7,289.7,289.7,289.6,289.7,289.6,289.39,290.1,290.0,289.89,290.1,290.1,290.0,289.7,289.89,289.7,289.6,289.89,290.29,290.2,290.2,290.2,290.1,290.0,290.0,289.79,289.89,289.89,289.89,290.29,290.2,290.2,290.29,290.1,290.0,289.79,289.79,289.79,289.79,289.89
2021-08-09 22:00:00,292.29,292.5,292.6,292.7,292.7,292.79,292.7,292.7,293.1,293.1,293.39,292.29,292.5,292.6,292.7,292.7,292.5,292.5,292.89,293.2,293.2,293.39,292.29,292.39,292.29,292.6,292.6,292.6,292.79,293.1,293.2,293.29,293.6,292.2,292.39,292.2,292.39,292.39,292.5,292.89,293.0,293.2,293.79,293.79,292.39,292.5,292.5,292.2,292.1,292.1,292.6,292.79,293.5,293.5,293.89,292.39,292.39,292.39,292.39,291.7,291.1,292.2,292.79,292.79,293.6,293.79,292.39,292.6,292.39,291.89,291.7,291.1,292.2,292.2,292.79,293.6,293.79,292.39,292.6,292.39,291.89,291.2,291.2,290.7,292.0,293.2,293.6,293.5,292.39,292.39,292.29,291.7,291.7,290.89,290.0,292.29,293.6,293.6,292.79,292.2,292.0,292.2,292.2,292.1,290.1,290.2,292.39,293.39,293.39,293.39,291.79,291.89,291.89,292.1,291.5,290.0,291.0,292.39,292.39,293.1,293.2
2021-06-13 06:00:00,247.9,228.31,219.7,240.0,246.5,236.4,233.81,233.81,234.0,235.4,240.0,247.9,228.31,219.7,240.0,246.5,240.5,240.5,241.7,242.7,244.0,248.4,252.9,244.31,233.5,241.61,238.9,238.9,241.0,249.81,252.9,253.81,258.61,251.4,261.4,253.5,243.61,243.61,236.31,243.2,254.0,259.4,267.21,267.21,257.3,267.11,267.11,266.4,253.2,245.0,259.21,263.4,264.61,264.61,267.4,266.0,266.0,271.4,269.11,263.9,261.61,271.0,269.3,269.3,266.8,267.8,269.71,273.5,275.5,277.2,263.9,261.61,271.0,271.0,269.3,266.8,267.8,269.71,273.5,275.5,277.2,272.3,272.3,270.0,274.6,268.61,269.9,268.4,273.39,276.29,278.79,280.0,280.0,278.29,276.0,272.3,273.1,269.61,265.11,274.29,273.79,278.39,278.39,279.89,279.2,274.39,271.71,271.4,268.0,268.0,273.1,273.2,273.2,276.7,277.79,278.29,272.4,270.5,270.5,269.61,266.21
2021-07-19 23:00:00,284.0,284.6,284.6,283.5,281.79,280.2,275.6,275.6,276.0,277.1,277.1,284.0,284.6,284.6,283.5,281.79,281.1,281.1,280.29,278.5,277.0,279.89,284.6,284.2,283.7,282.7,282.29,282.29,282.0,281.79,281.1,281.29,282.29,284.6,283.6,282.39,282.5,282.5,282.89,283.2,283.29,283.39,283.79,283.79,284.0,283.5,283.5,283.0,282.39,282.7,283.29,283.2,284.2,284.2,284.6,284.1,284.1,283.29,282.89,282.6,282.2,282.6,283.0,283.0,283.89,283.89,283.1,282.29,282.0,282.0,282.6,282.2,282.6,282.6,283.0,283.89,283.89,283.1,282.29,282.0,282.0,282.39,282.39,282.89,283.2,283.29,282.89,281.89,281.89,280.89,280.79,281.39,281.39,282.29,283.5,283.89,283.79,281.89,279.79,280.89,280.6,281.1,281.1,281.6,282.6,283.0,283.1,283.1,282.1,282.1,280.1,281.1,281.1,281.6,282.2,282.89,282.7,282.2,282.2,282.39,282.6
2021-06-20 08:00:00,272.3,272.5,272.4,275.29,283.0,275.89,275.39,275.39,273.0,277.0,282.7,272.3,272.5,272.4,275.29,283.0,282.5,282.5,275.0,278.79,283.79,285.5,276.1,280.0,281.29,279.29,285.79,285.79,285.89,283.6,284.29,285.6,284.7,284.29,287.79,286.89,284.29,284.29,286.6,288.7,289.79,289.79,289.29,289.29,289.5,290.89,290.89,288.6,289.7,289.6,289.79,292.39,291.29,291.29,288.89,292.7,292.7,292.1,292.2,292.79,292.29,290.0,290.7,290.7,290.5,290.2,295.79,295.2,294.6,294.6,292.79,292.29,290.0,290.0,290.7,290.5,290.2,295.79,295.2,294.6,294.6,294.0,294.0,292.2,290.0,289.1,289.7,290.39,297.29,297.1,296.39,296.29,296.29,293.79,290.6,289.0,287.89,288.6,288.79,297.29,297.1,296.6,296.6,295.79,293.6,291.0,288.29,286.89,287.29,287.29,296.89,296.39,296.39,295.79,295.29,293.39,290.6,288.5,288.5,287.39,286.5
2021-06-04 02:00:00,293.7,293.7,293.5,293.39,293.7,292.6,292.39,292.39,293.0,293.1,292.7,293.7,293.7,293.5,293.39,293.7,293.89,293.89,293.89,293.79,293.29,293.1,294.39,294.29,294.29,294.29,294.79,294.79,294.6,294.29,294.6,294.5,293.5,294.6,294.79,294.79,295.29,295.29,295.1,295.1,295.29,295.0,294.29,294.29,295.1,295.0,295.0,295.2,295.6,295.6,295.6,295.2,294.6,294.6,293.89,295.2,295.2,295.0,295.1,295.39,295.5,295.29,295.0,295.0,293.79,292.0,295.0,295.1,295.0,294.89,295.39,295.5,295.29,295.29,295.0,293.79,292.0,295.0,295.1,295.0,294.89,295.29,295.29,295.1,294.7,293.79,292.39,291.2,295.2,294.89,294.79,294.89,294.89,295.1,294.7,293.89,292.2,291.1,290.79,295.39,295.1,294.7,294.7,295.1,294.79,294.0,292.89,291.39,290.7,290.7,295.6,295.2,295.2,294.89,294.79,294.5,293.2,291.79,291.79,290.89,290.5
2021-06-15 23:00:00,266.5,270.0,276.1,275.5,272.4,276.39,274.0,274.0,275.39,282.29,286.2,266.5,270.0,276.1,275.5,272.4,274.5,274.5,281.0,280.89,283.5,286.0,265.9,261.0,264.61,270.71,280.2,280.2,281.7,283.29,283.0,285.29,285.7,266.5,256.0,259.5,268.71,268.71,282.79,288.6,286.5,284.2,283.79,283.79,266.71,266.21,266.21,264.3,270.71,283.1,287.2,288.0,286.6,286.6,283.6,276.7,276.7,276.2,272.9,275.79,281.39,285.2,287.39,287.39,288.39,284.0,279.89,282.89,282.6,282.0,275.79,281.39,285.2,285.2,287.39,288.39,284.0,279.89,282.89,282.6,282.0,281.29,281.29,282.1,282.89,287.39,288.29,284.1,286.0,287.1,287.7,287.89,287.89,286.39,282.89,282.5,285.89,286.79,287.39,287.7,288.29,288.7,288.7,288.7,287.79,286.6,285.39,285.89,287.1,287.1,287.5,287.39,287.39,287.0,287.79,288.1,288.39,288.39,288.39,288.0,287.29
2021-06-08 06:00:00,271.5,270.61,268.21,261.11,249.5,238.5,235.4,235.4,233.61,234.81,237.11,271.5,270.61,268.21,261.11,249.5,242.2,242.2,238.11,234.5,232.61,233.5,277.7,276.7,274.39,267.61,252.2,252.2,243.9,240.61,236.4,232.2,234.0,280.39,278.2,274.6,268.4,268.4,253.9,244.0,241.81,238.2,235.4,235.4,276.1,270.11,270.11,265.4,260.11,254.7,248.11,244.11,242.4,242.4,238.61,268.8,268.8,263.4,257.3,251.7,253.7,251.0,248.31,248.31,247.7,239.81,271.61,263.61,257.21,251.9,251.7,253.7,251.0,251.0,248.31,247.7,239.81,271.61,263.61,257.21,251.9,246.4,246.4,246.0,247.2,249.9,253.4,243.4,268.4,258.4,251.81,250.61,250.61,242.5,239.7,242.11,250.0,256.11,247.2,273.7,268.71,264.4,264.4,264.8,244.31,234.4,242.7,244.9,251.0,251.0,281.29,281.2,281.2,278.6,274.89,252.61,237.31,243.5,243.5,239.81,244.61
2021-08-29 08:00:00,259.9,259.61,260.9,261.8,263.21,265.5,265.11,265.11,265.11,265.11,266.21,259.9,259.61,260.9,261.8,263.21,262.0,262.0,261.61,264.0,263.4,265.61,254.61,254.2,255.0,257.71,260.3,260.3,259.61,260.5,262.11,261.8,264.21,253.0,249.61,248.9,254.81,254.81,258.71,258.71,259.3,260.5,260.9,260.9,253.9,249.7,249.7,248.7,252.31,256.71,260.4,260.3,258.4,258.4,257.9,256.71,256.71,252.9,249.11,251.2,257.0,260.8,260.5,260.5,256.21,255.81,260.5,258.9,256.3,254.5,251.2,257.0,260.8,260.8,260.5,256.21,255.81,260.5,258.9,256.3,254.5,253.11,253.11,255.11,257.61,258.71,256.11,255.5,261.71,262.61,259.8,257.8,257.8,257.11,255.4,255.2,255.9,256.11,257.3,262.11,261.9,261.3,261.3,259.61,258.9,258.8,254.9,252.9,254.9,254.9,261.21,260.9,260.9,260.8,260.71,259.71,258.71,255.7,255.7,253.5,253.11
2021-07-07 03:00:00,262.8,257.3,254.5,250.4,249.5,250.31,249.0,249.0,246.2,240.81,233.61,262.8,257.3,254.5,250.4,249.5,246.4,246.4,240.5,238.61,235.81,229.4,259.11,255.61,250.11,245.61,243.2,243.2,239.7,236.11,233.2,229.9,230.61,259.61,256.5,245.4,242.81,242.81,240.31,233.4,230.5,230.0,230.0,230.0,258.71,258.9,258.9,249.4,241.9,235.7,230.81,228.31,229.9,229.9,232.4,257.9,257.9,260.71,253.2,243.9,234.5,230.4,229.31,229.31,231.2,234.0,255.5,259.21,259.9,254.9,243.9,234.5,230.4,230.4,229.31,231.2,234.0,255.5,259.21,259.9,254.9,247.81,247.81,237.5,232.2,232.5,233.11,234.11,256.11,260.3,259.61,255.7,255.7,250.4,241.0,234.31,234.4,234.7,234.31,256.3,260.21,262.9,262.9,259.4,252.11,244.31,238.11,234.0,235.0,235.0,256.3,261.5,261.5,265.5,263.61,255.0,246.61,242.4,242.4,236.4,233.7
2021-06-20 09:00:00,279.29,278.2,280.89,276.39,269.61,264.9,269.21,269.21,274.39,277.7,276.2,279.29,278.2,280.89,276.39,269.61,271.71,271.71,277.39,279.39,280.1,281.0,287.39,286.1,286.29,284.7,279.79,279.79,281.39,283.89,281.29,278.5,282.29,291.5,290.0,289.1,287.89,287.89,288.6,288.5,286.0,283.2,277.89,277.89,291.29,290.39,290.39,289.1,288.1,287.7,287.39,285.5,285.0,285.0,282.79,287.39,287.39,287.79,287.2,285.6,285.7,283.7,283.6,283.6,285.5,286.2,285.2,281.6,280.79,281.7,285.6,285.7,283.7,283.7,283.6,285.5,286.2,285.2,281.6,280.79,281.7,281.7,281.7,284.2,285.29,287.2,285.89,284.79,282.6,278.0,274.89,274.5,274.5,278.5,286.89,287.89,286.7,286.89,287.29,285.39,279.39,279.29,279.29,278.6,281.6,287.0,287.1,287.1,287.2,287.2,289.39,286.79,286.79,285.0,284.79,286.2,286.5,286.79,286.79,287.7,288.7
2021-07-24 07:00:00,266.61,265.9,266.11,264.9,272.21,280.7,280.39,280.39,279.39,279.79,278.6,266.61,265.9,266.11,264.9,272.21,281.79,281.79,281.0,278.39,275.89,276.79,270.61,268.0,261.11,258.8,272.11,272.11,278.29,277.7,276.6,276.29,277.39,273.7,269.8,254.61,256.9,256.9,271.9,275.2,274.5,275.29,277.29,277.29,275.39,264.21,264.21,253.7,262.61,271.4,275.6,277.1,276.1,276.1,276.39,267.8,267.8,261.0,262.11,268.71,273.0,276.7,279.7,279.7,278.39,276.2,269.71,261.61,267.5,274.39,268.71,273.0,276.7,276.7,279.7,278.39,276.2,269.71,261.61,267.5,274.39,271.61,271.61,272.9,278.2,280.89,279.79,277.6,265.21,262.8,274.7,280.1,280.1,276.5,272.71,280.5,282.89,280.89,279.0,266.8,268.4,275.7,275.7,280.89,280.6,277.7,281.1,283.2,282.79,282.79,270.21,269.8,269.8,276.5,281.6,283.0,283.5,281.79,281.79,282.5,284.39
2021-07-14 02:00:00,287.89,286.79,282.79,280.39,278.2,279.5,282.5,282.5,285.0,284.6,283.79,287.89,286.79,282.79,280.39,278.2,279.39,279.39,284.39,287.0,288.2,288.1,288.6,287.89,286.2,283.89,281.39,281.39,282.7,285.2,288.0,289.29,287.6,288.7,287.6,287.39,286.79,286.79,284.2,284.39,286.2,286.89,286.7,286.7,289.2,289.0,289.0,289.5,288.2,283.39,281.7,283.7,283.2,283.2,283.1,289.39,289.39,290.0,290.0,288.2,284.1,278.7,277.89,277.89,279.39,280.2,289.39,289.5,289.2,288.79,288.2,284.1,278.7,278.7,277.89,279.39,280.2,289.39,289.5,289.2,288.79,288.1,288.1,286.0,278.7,274.39,275.29,276.1,289.6,288.89,288.2,288.1,288.1,287.6,285.5,279.29,271.9,271.9,274.2,289.7,289.2,288.79,288.79,288.2,287.39,285.2,281.0,275.89,273.5,273.5,290.0,289.5,289.5,289.5,288.79,287.5,285.5,283.6,283.6,281.5,277.5
2021-06-21 01:00:00,295.0,294.89,294.7,295.2,295.1,295.2,294.79,294.79,294.7,294.39,294.0,295.0,294.89,294.7,295.2,295.1,295.0,295.0,294.6,294.5,294.2,293.7,294.6,294.7,294.5,295.0,295.1,295.1,294.79,294.6,294.29,294.39,293.39,294.5,294.79,295.0,295.1,295.1,295.0,294.79,295.0,294.29,294.1,294.1,295.89,295.79,295.79,295.89,295.7,295.5,295.29,294.89,294.1,294.1,293.39,296.89,296.89,297.0,296.5,296.39,295.89,295.39,294.6,294.6,293.5,292.2,298.0,297.89,297.29,297.1,296.39,295.89,295.39,295.39,294.6,293.5,292.2,298.0,297.89,297.29,297.1,296.79,296.79,295.89,295.1,293.79,292.5,291.89,296.29,296.2,295.79,295.79,295.79,296.0,295.6,294.39,292.7,291.79,291.5,292.0,292.2,292.39,292.39,292.79,293.0,293.0,292.1,291.5,291.29,291.29,287.7,288.2,288.2,288.7,288.7,288.89,289.0,289.1,289.1,289.6,290.2
2021-07-23 00:00:00,283.2,283.1,282.5,282.2,283.2,285.7,286.0,286.0,288.5,289.7,290.2,283.2,283.1,282.5,282.2,283.2,284.1,284.1,286.7,289.2,290.29,291.0,282.7,282.1,281.7,280.89,280.79,280.79,284.79,288.2,289.79,290.89,291.29,282.29,281.6,280.39,280.1,280.1,282.2,285.6,289.2,290.5,291.5,291.5,282.39,281.5,281.5,280.1,281.2,283.39,287.2,290.0,290.79,290.79,291.29,285.0,285.0,282.2,279.29,283.2,286.79,288.2,290.0,290.0,290.6,290.79,287.5,286.29,283.79,283.0,283.2,286.79,288.2,288.2,290.0,290.6,290.79,287.5,286.29,283.79,283.0,285.29,285.29,286.7,287.39,289.7,290.29,290.5,288.0,286.29,285.79,286.1,286.1,287.1,285.0,286.5,290.2,290.2,289.89,286.39,285.79,286.7,286.7,287.0,286.89,286.1,287.7,289.6,290.1,290.1,284.79,285.29,285.29,287.29,287.7,286.39,287.29,288.7,288.7,289.5,289.89
2021-08-08 05:00:00,293.79,294.29,294.29,293.89,293.7,294.2,293.79,293.79,295.0,295.7,295.39,293.79,294.29,294.29,293.89,293.7,294.7,294.7,295.2,294.7,294.79,294.89,294.5,294.6,294.29,294.2,294.39,294.39,294.89,295.2,294.79,294.6,294.7,294.79,294.7,294.29,294.79,294.79,295.0,294.89,295.2,294.7,294.6,294.6,295.29,294.79,294.79,294.79,295.2,295.29,295.29,295.1,294.89,294.89,294.5,295.29,295.29,294.89,295.0,295.5,295.29,295.39,295.0,295.0,294.79,293.89,295.2,295.5,295.0,295.0,295.5,295.29,295.39,295.39,295.0,294.79,293.89,295.2,295.5,295.0,295.0,295.5,295.5,295.29,295.1,295.0,294.29,293.89,295.5,295.2,295.39,295.39,295.39,295.6,295.29,295.0,294.29,294.1,294.2,295.29,295.6,295.5,295.5,295.5,295.5,295.1,294.6,294.2,294.0,294.0,295.2,295.6,295.6,295.6,295.6,295.5,295.0,294.29,294.29,294.2,293.89
2021-08-10 05:00:00,277.7,273.6,274.79,283.2,286.79,284.5,287.39,287.39,283.79,274.6,278.2,277.7,273.6,274.79,283.2,286.79,288.7,288.7,288.29,286.6,283.29,282.6,273.29,273.7,279.6,286.1,286.79,286.79,288.39,288.79,289.29,288.7,286.7,271.9,273.1,281.39,288.0,288.0,285.39,287.0,289.6,291.39,291.89,291.89,261.21,272.71,272.71,285.39,285.6,283.39,287.29,290.89,291.29,291.29,291.2,255.7,255.7,272.8,283.5,282.2,282.79,286.89,288.7,288.7,290.0,287.79,259.61,264.61,274.2,276.79,282.2,282.79,286.89,286.89,288.7,290.0,287.79,259.61,264.61,274.2,276.79,280.2,280.2,280.79,283.5,286.29,287.79,282.7,259.9,274.79,272.5,275.5,275.5,277.29,273.7,279.29,284.5,283.6,277.39,259.8,265.4,272.61,272.61,276.6,271.71,267.9,274.1,281.2,279.1,279.1,256.71,264.61,264.61,271.8,272.4,267.5,261.11,268.9,268.9,276.2,274.1
2021-08-13 01:00:00,256.0,253.2,255.7,262.71,263.0,261.0,262.4,262.4,261.5,260.61,259.9,256.0,253.2,255.7,262.71,263.0,262.0,262.0,262.0,261.4,261.11,260.0,254.81,252.61,255.5,262.21,263.5,263.5,262.8,262.3,261.5,258.71,259.61,253.5,252.11,255.9,260.3,260.3,262.4,262.4,262.61,261.0,256.71,256.71,253.0,252.9,252.9,255.61,258.71,260.3,261.4,262.21,261.11,261.11,258.61,252.7,252.7,253.31,255.4,256.71,259.11,260.4,261.0,261.0,261.0,261.11,250.7,252.11,252.7,252.9,256.71,259.11,260.4,260.4,261.0,261.0,261.11,250.7,252.11,252.7,252.9,255.2,255.2,259.21,261.0,261.8,261.3,261.11,250.11,251.81,251.0,250.81,250.81,253.2,258.61,261.4,262.4,260.71,259.5,249.9,250.11,250.4,250.4,250.9,251.31,255.61,261.0,261.0,258.3,258.3,249.5,249.4,249.4,250.31,250.7,249.7,252.9,259.0,259.0,258.0,254.11
2021-07-25 06:00:00,263.11,261.3,260.11,260.0,261.4,263.4,264.9,264.9,267.61,263.4,259.11,263.11,261.3,260.11,260.0,261.4,261.61,261.61,262.61,265.8,264.71,262.0,263.8,261.21,260.5,259.8,260.5,260.5,259.8,260.5,262.9,265.5,265.4,263.4,261.71,260.61,260.11,260.11,260.8,259.11,257.5,260.5,266.21,266.21,263.5,261.61,261.61,260.11,260.5,260.4,259.9,258.61,260.11,260.11,263.21,263.0,263.0,260.3,259.4,259.61,261.0,260.61,259.9,259.9,260.3,260.4,261.8,260.71,259.0,259.9,259.61,261.0,260.61,260.61,259.9,260.3,260.4,261.8,260.71,259.0,259.9,259.71,259.71,261.61,260.11,259.61,259.8,259.8,263.71,260.0,259.11,260.3,260.3,261.3,261.4,260.3,259.3,259.5,259.11,267.8,264.61,262.4,262.4,261.61,262.71,262.0,261.5,261.3,259.61,259.61,272.71,270.21,270.21,266.11,263.5,264.0,263.61,262.9,262.9,263.11,261.0
2021-08-25 09:00:00,247.5,248.81,253.9,247.7,238.7,236.81,236.81,236.81,240.4,242.31,239.61,247.5,248.81,253.9,247.7,238.7,236.4,236.4,239.31,244.7,241.7,239.9,247.4,248.7,254.9,245.0,238.11,238.11,237.4,246.31,247.81,240.61,240.61,245.2,250.2,254.4,242.9,242.9,239.4,239.31,252.5,249.5,240.31,240.31,244.11,254.0,254.0,250.9,243.61,243.61,242.9,250.81,251.0,251.0,242.2,245.0,245.0,256.71,249.11,246.31,247.0,247.11,248.7,248.7,251.0,245.0,236.4,249.7,254.5,250.7,246.31,247.0,247.11,247.11,248.7,251.0,245.0,236.4,249.7,254.5,250.7,249.11,249.11,252.5,249.4,244.81,251.2,249.11,240.0,248.7,254.31,257.8,257.8,252.31,255.61,248.81,248.81,249.61,250.9,245.9,250.2,258.61,258.61,262.61,256.21,258.8,248.81,245.4,248.0,248.0,251.31,252.31,252.31,264.21,268.3,261.71,259.61,252.5,252.5,246.81,247.31
2021-07-26 22:00:00,252.0,253.11,253.0,252.11,252.2,250.4,246.7,246.7,243.5,234.61,222.61,252.0,253.11,253.0,252.11,252.2,250.5,250.5,247.5,244.9,239.2,227.81,249.5,249.2,250.5,249.81,250.9,250.9,250.31,247.5,245.0,241.7,234.31,247.2,245.5,246.2,247.7,247.7,249.2,249.0,247.0,244.81,242.81,242.81,245.0,244.9,244.9,245.11,246.0,245.5,245.81,244.81,243.5,243.5,241.81,245.7,245.7,245.0,244.7,243.7,242.9,241.7,241.0,241.0,241.31,240.61,247.5,245.31,245.2,243.61,243.7,242.9,241.7,241.7,241.0,241.31,240.61,247.5,245.31,245.2,243.61,241.4,241.4,240.61,239.61,238.4,238.31,237.7,246.7,244.81,244.7,242.9,242.9,239.5,238.4,238.11,236.7,235.11,235.0,246.11,244.81,242.81,242.81,241.5,239.11,237.7,236.81,235.5,233.61,233.61,246.2,243.81,243.81,242.4,241.9,240.9,240.2,237.81,237.81,235.31,234.0
2021-07-11 04:00:00,262.71,257.3,259.11,265.0,265.4,261.61,256.11,256.11,256.61,255.9,253.9,262.71,257.3,259.11,265.0,265.4,260.3,260.3,257.0,254.81,253.81,253.2,256.8,255.9,259.21,260.71,259.5,259.5,257.8,257.3,256.11,254.9,253.11,256.21,256.9,259.0,257.61,257.61,254.81,255.5,256.61,257.3,256.11,256.11,254.61,256.9,256.9,259.11,258.11,257.8,257.9,255.7,257.8,257.8,256.4,254.7,254.7,258.8,258.61,258.9,263.9,258.8,256.4,256.4,257.11,255.2,253.5,257.5,263.0,260.61,258.9,263.9,258.8,258.8,256.4,257.11,255.2,253.5,257.5,263.0,260.61,261.3,261.3,261.11,257.9,257.0,255.9,256.11,253.5,261.21,265.9,263.21,263.21,262.61,258.5,256.71,255.2,254.61,257.0,254.81,258.8,265.5,265.5,265.21,261.71,259.0,255.81,254.4,253.61,253.61,255.5,258.9,258.9,263.0,264.61,259.9,257.11,255.11,255.11,253.61,252.31
2021-06-27 08:00:00,269.21,269.3,268.9,266.3,266.5,268.9,268.9,268.9,269.5,269.0,268.8,269.21,269.3,268.9,266.3,266.5,268.71,268.71,271.21,270.61,268.3,269.4,267.71,266.9,266.0,267.11,268.0,268.0,268.4,270.5,271.8,269.9,270.11,265.8,264.71,265.71,268.3,268.3,267.5,268.4,270.61,272.3,271.4,271.4,268.21,266.3,266.3,266.3,268.5,267.9,267.4,269.3,270.3,270.3,270.0,272.3,272.3,269.3,268.0,268.9,267.71,266.5,266.8,266.8,267.21,266.4,272.11,271.71,272.8,272.61,268.9,267.71,266.5,266.5,266.8,267.21,266.4,272.11,271.71,272.8,272.61,268.71,268.71,268.9,267.9,266.21,265.11,262.61,272.9,273.79,275.29,275.6,275.6,270.61,268.21,269.4,267.4,261.9,259.4,275.89,277.79,276.39,276.39,275.2,274.5,273.79,270.21,266.8,262.71,262.71,277.0,275.7,275.7,275.7,276.6,277.2,275.29,272.21,272.21,268.0,265.9
2021-07-25 01:00:00,263.61,259.61,254.2,252.31,253.5,254.81,255.81,255.81,256.71,258.3,260.71,263.61,259.61,254.2,252.31,253.5,253.5,253.5,255.11,256.4,256.5,260.11,263.21,259.71,257.5,253.5,250.81,250.81,251.7,255.4,256.11,257.11,259.5,265.21,260.0,259.8,255.61,255.61,249.61,250.4,255.11,255.5,256.3,256.3,269.8,263.5,263.5,257.8,257.21,255.61,253.11,251.11,252.4,252.4,254.9,271.0,271.0,267.0,258.11,259.71,261.0,255.81,249.7,249.7,248.7,252.4,262.0,268.5,269.21,262.9,259.71,261.0,255.81,255.81,249.7,248.7,252.4,262.0,268.5,269.21,262.9,263.11,263.11,260.9,254.7,250.11,248.0,249.7,257.8,266.61,267.3,263.9,263.9,265.0,260.0,253.81,250.11,249.2,249.0,258.3,257.21,259.8,259.8,259.61,263.11,261.9,255.31,251.81,251.81,251.81,259.8,252.31,252.31,250.2,254.61,259.61,260.71,256.5,256.5,253.9,253.7
2021-08-29 05:00:00,234.11,229.0,231.61,232.61,232.0,233.5,235.0,235.0,232.9,226.11,225.7,234.11,229.0,231.61,232.61,232.0,234.2,234.2,236.9,232.9,230.7,232.2,239.0,239.11,234.5,232.7,228.2,228.2,229.81,235.31,233.2,235.11,239.81,251.61,245.2,234.61,231.81,231.81,228.11,227.5,229.9,234.7,242.5,242.5,255.7,241.9,241.9,235.5,230.7,229.2,229.11,233.31,236.31,236.31,241.9,250.0,250.0,239.81,235.2,231.61,230.7,233.2,233.61,233.61,236.2,239.11,256.61,244.81,235.0,229.9,231.61,230.7,233.2,233.2,233.61,236.2,239.11,256.61,244.81,235.0,229.9,230.7,230.7,234.0,237.2,229.9,233.0,234.31,255.0,241.4,230.5,227.4,227.4,229.5,236.81,239.2,233.0,230.0,229.81,253.5,241.7,234.2,234.2,230.7,232.2,236.4,237.61,232.7,230.81,230.81,255.2,248.11,248.11,240.0,235.11,234.5,234.11,235.0,235.0,234.61,232.2
2021-06-17 00:00:00,278.1,277.2,276.29,275.29,273.89,272.5,273.1,273.1,273.29,271.3,272.0,278.1,277.2,276.29,275.29,273.89,273.7,273.7,274.29,273.89,272.8,271.5,277.5,277.0,276.5,276.1,275.89,275.89,275.6,274.89,273.89,272.61,271.61,276.7,276.6,276.1,276.6,276.6,277.2,277.2,275.0,273.5,272.61,272.61,276.89,276.2,276.2,274.6,276.39,277.2,277.5,276.0,273.39,273.39,271.71,277.5,277.5,275.89,274.2,275.79,276.29,276.79,276.39,276.39,272.8,271.61,277.2,276.29,276.89,274.89,275.79,276.29,276.79,276.79,276.39,272.8,271.61,277.2,276.29,276.89,274.89,275.1,275.1,275.39,275.0,273.89,273.39,272.61,275.89,276.5,276.6,275.2,275.2,274.79,273.1,273.0,273.1,273.2,274.2,275.0,274.89,276.1,276.1,275.79,273.79,272.61,272.0,271.9,272.61,272.61,273.6,273.79,273.79,274.89,275.39,273.39,271.9,271.8,271.8,271.11,272.11
2021-06-30 10:00:00,293.1,291.29,290.6,290.7,291.29,289.89,286.39,286.39,288.7,291.79,290.89,293.1,291.29,290.6,290.7,291.29,288.7,288.7,284.7,290.0,293.39,290.79,293.39,292.7,293.1,292.79,291.2,291.2,288.89,289.0,290.1,291.89,290.89,293.89,294.1,294.39,293.79,293.79,293.0,290.0,289.5,291.39,291.7,291.7,293.39,293.79,293.79,293.89,293.7,293.79,291.79,292.1,291.7,291.7,291.79,292.7,292.7,293.1,293.39,293.6,293.6,293.79,293.39,293.39,291.89,291.7,292.2,292.29,292.89,293.29,293.6,293.6,293.79,293.79,293.39,291.89,291.7,292.2,292.29,292.89,293.29,293.5,293.5,293.5,293.39,292.6,291.89,292.29,292.39,292.6,292.89,293.39,293.39,293.2,293.0,292.79,292.29,292.2,291.79,294.7,294.0,293.7,293.7,293.2,292.7,292.79,292.7,292.2,291.6,291.6,297.0,295.89,295.89,294.6,293.2,291.7,291.29,290.89,290.89,290.7,290.79
2021-06-04 03:00:00,297.0,296.79,296.79,296.89,297.2,296.5,296.1,296.1,295.89,294.6,293.79,297.0,296.79,296.79,296.89,297.2,296.79,296.79,296.29,296.2,294.5,293.5,296.89,296.89,296.89,297.1,297.39,297.39,296.6,296.1,296.1,295.5,293.89,297.0,296.89,297.1,297.39,297.39,297.1,296.39,296.2,295.79,295.29,295.29,296.89,297.0,297.0,297.2,297.5,296.89,296.6,296.2,295.0,295.0,294.29,296.89,296.89,296.89,297.0,297.29,296.89,296.5,295.6,295.6,294.2,292.29,296.79,296.89,296.7,296.79,297.29,296.89,296.5,296.5,295.6,294.2,292.29,296.79,296.89,296.7,296.79,297.1,297.1,296.6,295.6,294.39,292.7,291.5,297.0,297.0,296.6,296.7,296.7,296.89,296.39,294.79,292.39,291.6,291.2,297.29,296.89,296.79,296.79,296.5,296.5,295.7,293.2,291.5,291.1,291.1,297.6,297.0,297.0,296.7,296.5,296.0,293.89,291.89,291.89,291.1,290.89
2021-08-17 08:00:00,292.1,291.89,291.79,292.29,292.7,293.6,293.29,293.29,293.5,293.7,293.89,292.1,291.89,291.79,292.29,292.7,292.89,292.89,292.79,292.89,293.5,294.2,291.29,291.29,290.89,291.0,291.29,291.29,291.1,291.2,291.7,292.89,293.89,290.6,290.6,289.6,289.5,289.5,289.6,288.5,287.79,289.0,290.39,290.39,288.39,288.2,288.2,287.89,287.39,286.89,285.29,283.79,283.79,283.79,284.29,283.39,283.39,283.5,283.89,283.29,281.1,280.1,278.79,278.79,276.2,273.79,278.0,277.79,278.0,278.0,283.29,281.1,280.1,280.1,278.79,276.2,273.79,278.0,277.79,278.0,278.0,277.0,277.0,274.7,273.39,270.5,266.5,262.8,270.0,270.4,270.71,271.0,271.0,268.8,267.61,265.61,260.8,256.4,252.11,260.21,260.3,260.61,260.61,259.9,259.61,258.21,256.71,250.81,247.81,247.81,248.81,247.5,247.5,248.5,248.5,248.31,248.31,245.5,245.5,241.81,238.81
2021-08-24 05:00:00,281.29,281.2,275.29,268.3,262.61,262.3,262.8,262.8,262.8,266.4,257.61,281.29,281.2,275.29,268.3,262.61,260.11,260.11,259.61,260.0,264.0,266.61,283.5,284.89,280.29,275.6,268.4,268.4,262.3,259.11,258.8,259.4,263.21,282.0,285.1,282.7,280.7,280.7,277.2,266.0,258.3,257.5,258.61,258.61,277.7,278.1,278.1,280.89,283.2,280.6,270.9,265.0,258.61,258.61,260.0,274.29,274.29,270.61,272.8,283.5,284.7,277.39,268.4,268.4,264.5,262.4,279.89,273.5,268.5,268.4,283.5,284.7,277.39,277.39,268.4,264.5,262.4,279.89,273.5,268.5,268.4,278.7,278.7,283.79,283.5,277.2,270.0,265.71,279.1,271.9,267.3,267.21,267.21,272.3,281.7,286.0,284.6,275.5,268.71,277.0,266.5,265.9,265.9,267.61,271.8,277.6,283.7,286.0,280.29,280.29,273.7,266.4,266.4,266.11,268.4,272.8,276.6,279.6,279.6,284.0,282.7
2021-07-06 06:00:00,240.61,237.0,235.61,239.4,245.11,247.0,247.2,247.2,245.9,245.31,245.61,240.61,237.0,235.61,239.4,245.11,248.2,248.2,248.31,245.7,244.5,245.4,238.0,235.2,236.11,241.5,246.11,246.11,247.5,246.5,245.9,244.7,245.11,236.0,234.0,236.2,242.7,242.7,245.4,245.4,244.31,244.7,244.31,244.31,234.81,234.2,234.2,237.4,241.11,243.4,243.31,243.31,242.0,242.0,240.11,234.81,234.81,234.31,236.0,239.11,240.2,241.2,241.4,241.4,239.2,237.9,236.0,233.7,232.81,234.5,239.11,240.2,241.2,241.2,241.4,239.2,237.9,236.0,233.7,232.81,234.5,237.0,237.0,238.2,238.61,238.7,237.9,236.31,236.0,233.9,232.2,231.11,231.11,235.9,237.81,236.2,237.9,237.81,235.11,235.5,233.0,231.4,231.4,230.81,235.2,235.2,236.31,240.61,238.5,238.5,234.7,231.9,231.9,230.81,230.4,234.5,234.11,237.61,237.61,241.4,240.0
2021-06-28 22:00:00,271.21,266.11,263.8,260.61,264.5,268.71,271.4,271.4,273.0,272.61,276.5,271.21,266.11,263.8,260.61,264.5,269.71,269.71,270.0,269.5,271.71,275.6,267.11,262.9,262.11,258.8,259.71,259.71,264.8,266.5,271.21,275.5,276.0,265.0,260.61,257.9,258.11,258.11,258.71,258.4,265.4,274.6,275.29,275.29,258.21,257.8,257.8,259.0,255.81,253.4,255.81,266.9,273.39,273.39,275.89,253.0,253.0,256.21,257.61,254.4,251.5,257.0,268.4,268.4,273.89,276.89,253.5,254.11,255.7,255.11,254.4,251.5,257.0,257.0,268.4,273.89,276.89,253.5,254.11,255.7,255.11,253.81,253.81,254.9,262.0,270.4,274.29,277.6,253.5,257.4,256.4,253.5,253.5,256.3,262.0,268.11,271.9,275.1,278.5,252.7,254.9,255.61,255.61,257.71,261.71,268.5,274.6,277.39,278.7,278.7,253.4,252.7,252.7,256.9,263.61,268.5,276.39,280.39,280.39,282.39,282.5
2021-06-02 22:00:00,263.11,263.0,263.21,263.5,263.8,264.3,264.71,264.71,264.21,263.9,263.4,263.11,263.0,263.21,263.5,263.8,264.4,264.4,264.71,264.71,264.11,263.9,262.4,263.61,263.71,263.8,264.5,264.5,264.61,264.9,264.71,264.3,264.0,262.61,263.9,263.5,264.11,264.11,264.5,264.71,264.3,264.21,263.8,263.8,261.71,262.71,262.71,263.61,264.0,263.9,263.61,263.0,262.71,262.71,262.5,261.8,261.8,262.0,262.9,263.3,262.71,261.61,260.8,260.8,260.9,260.5,264.71,263.4,263.5,262.5,263.3,262.71,261.61,261.61,260.8,260.9,260.5,264.71,263.4,263.5,262.5,261.61,261.61,260.5,259.0,258.5,259.21,258.61,266.11,265.9,264.0,261.4,261.4,259.3,257.4,256.3,256.71,257.8,256.5,265.4,264.3,262.0,262.0,258.9,257.11,255.0,254.11,255.61,257.4,257.4,263.0,261.21,261.21,258.21,256.61,254.9,253.2,253.2,253.2,255.61,257.11
2021-07-14 05:00:00,281.1,275.7,274.0,280.6,287.7,289.39,288.1,288.1,286.2,286.2,286.0,281.1,275.7,274.0,280.6,287.7,288.29,288.29,286.7,285.6,285.0,285.79,274.89,271.8,272.3,276.0,284.1,284.1,285.79,284.89,285.5,286.2,286.1,272.21,271.21,270.8,274.1,274.1,279.6,283.1,282.1,285.2,287.5,287.5,273.0,274.1,274.1,273.29,276.39,278.6,281.0,282.39,284.0,284.0,287.5,276.2,276.2,279.0,278.2,279.29,282.5,279.5,277.7,277.7,284.5,287.79,275.7,279.29,282.79,282.6,279.29,282.5,279.5,279.5,277.7,284.5,287.79,275.7,279.29,282.79,282.6,283.5,283.5,284.1,278.89,277.79,284.0,286.39,278.5,283.0,285.39,286.29,286.29,287.39,284.39,280.0,280.5,284.0,285.0,281.89,283.79,287.0,287.0,288.0,288.1,284.6,279.7,281.7,285.0,285.0,284.6,284.7,284.7,286.89,288.29,287.1,283.7,278.39,278.39,283.7,285.2
2021-08-07 01:00:00,253.31,257.3,267.4,273.29,271.9,272.3,265.71,265.71,259.11,258.4,254.0,253.31,257.3,267.4,273.29,271.9,260.61,260.61,254.2,250.11,248.81,248.7,255.31,265.5,273.0,271.21,263.9,263.9,250.11,244.5,241.4,241.4,241.0,261.8,271.71,272.0,269.3,269.3,254.61,242.31,237.9,235.61,236.31,236.31,265.4,267.3,267.3,264.8,263.9,250.11,242.4,238.61,238.31,238.31,240.4,262.71,262.71,260.0,257.61,256.4,248.7,246.2,244.5,244.5,245.2,250.2,271.0,263.0,254.2,251.61,256.4,248.7,246.2,246.2,244.5,245.2,250.2,271.0,263.0,254.2,251.61,249.7,249.7,248.7,247.0,246.9,255.0,262.71,273.0,264.9,251.0,243.2,243.2,245.81,249.0,244.7,254.81,264.4,268.11,270.11,261.8,246.2,246.2,240.5,247.31,245.9,245.81,258.8,269.0,269.0,264.71,256.4,256.4,244.61,240.7,248.9,247.31,248.7,248.7,256.4,272.3
2021-08-03 09:00:00,291.1,291.29,290.89,289.39,290.7,290.7,290.6,290.6,290.6,290.2,290.0,291.1,291.29,290.89,289.39,290.7,290.39,290.39,291.0,291.0,290.7,290.7,291.5,291.5,290.6,288.89,289.5,289.5,290.5,290.89,291.5,291.39,291.1,292.0,291.79,290.0,288.39,288.39,288.89,289.5,291.0,291.2,291.1,291.1,292.0,292.1,292.1,289.79,288.5,288.5,288.29,289.7,290.7,290.7,291.0,291.5,291.5,292.2,290.79,288.89,288.2,287.5,288.6,288.6,290.29,290.5,289.89,291.5,291.39,290.89,288.89,288.2,287.5,287.5,288.6,290.29,290.5,289.89,291.5,291.39,290.89,289.39,289.39,288.5,288.0,288.29,289.1,290.1,290.2,290.79,291.1,290.1,290.1,290.0,289.7,288.79,288.0,288.79,288.29,291.0,290.6,290.79,290.79,290.29,290.29,290.1,288.7,288.29,288.39,288.39,291.89,291.0,291.0,290.7,291.2,290.89,289.79,289.2,289.2,288.5,288.39
2021-07-01 03:00:00,295.29,294.89,294.89,294.79,294.79,294.7,294.79,294.79,294.2,293.79,293.0,295.29,294.89,294.89,294.79,294.79,294.5,294.5,294.2,294.1,293.7,292.7,295.1,294.79,294.79,294.79,294.6,294.6,294.29,294.0,294.0,293.7,292.6,294.89,294.5,294.79,294.79,294.79,294.29,294.1,293.89,293.79,293.2,293.2,294.6,294.29,294.29,294.7,294.7,294.1,294.1,293.89,293.39,293.39,292.6,294.39,294.39,294.29,294.29,294.5,294.29,293.89,293.5,293.5,292.79,291.5,294.39,294.29,294.29,294.39,294.5,294.29,293.89,293.89,293.5,292.79,291.5,294.39,294.29,294.29,294.39,294.29,294.29,294.0,293.5,292.79,292.0,291.1,294.7,294.39,294.39,294.2,294.2,294.1,293.89,293.0,291.6,291.1,291.39,295.2,295.0,294.5,294.5,294.39,294.0,293.5,292.29,291.39,291.1,291.1,295.7,295.2,295.2,294.6,294.29,293.89,292.7,291.6,291.6,291.39,291.0
2021-08-22 06:00:00,229.0,230.9,231.5,231.9,232.11,232.61,236.31,236.31,239.7,239.31,240.61,229.0,230.9,231.5,231.9,232.11,234.61,234.61,237.7,242.81,245.81,246.0,225.9,227.7,230.0,232.0,234.61,234.61,237.7,242.5,247.2,247.5,243.11,224.11,226.61,229.4,232.81,232.81,235.7,240.5,246.81,249.9,249.2,249.2,226.7,227.9,227.9,228.0,233.11,235.0,242.31,248.81,249.9,249.9,240.7,231.5,231.5,230.7,232.5,232.81,233.11,241.9,249.4,249.4,246.81,237.11,237.0,236.81,236.7,238.61,232.81,233.11,241.9,241.9,249.4,246.81,237.11,237.0,236.81,236.7,238.61,235.5,235.5,233.0,236.7,241.61,244.61,241.61,242.11,239.61,241.9,243.9,243.9,238.5,234.0,231.5,237.11,243.5,244.0,245.5,244.2,243.5,243.5,243.11,243.2,239.7,240.31,242.7,244.7,244.7,247.61,245.4,245.4,243.5,244.4,246.4,249.2,250.5,250.5,251.7,249.7
2021-08-10 10:00:00,234.81,232.31,230.5,234.31,241.31,246.0,247.5,247.5,244.0,236.81,235.11,234.81,232.31,230.5,234.31,241.31,247.11,247.11,248.5,241.11,237.4,238.5,231.2,229.7,229.9,232.81,236.9,236.9,243.31,243.7,240.5,237.31,239.81,229.81,229.4,229.4,231.9,231.9,234.5,237.9,239.2,239.5,238.5,238.5,229.7,229.11,229.11,229.11,230.7,230.5,235.31,237.61,236.2,236.2,234.61,235.31,235.31,232.9,231.5,230.61,231.31,233.81,234.31,234.31,233.7,231.9,245.9,244.81,241.81,236.9,230.61,231.31,233.81,233.81,234.31,233.7,231.9,245.9,244.81,241.81,236.9,234.4,234.4,233.11,233.2,231.11,231.5,233.4,255.7,255.31,251.31,244.7,244.7,241.0,237.61,235.11,233.5,232.61,236.2,267.61,266.8,263.3,263.3,257.5,250.7,242.81,240.11,241.11,242.31,242.31,276.7,274.39,274.39,274.89,269.5,261.3,250.4,248.5,248.5,252.0,255.9
2021-06-24 02:00:00,293.29,292.89,292.6,292.39,292.5,292.1,291.7,291.7,291.5,291.2,290.7,293.29,292.89,292.6,292.39,292.5,292.2,292.2,291.5,291.29,290.79,290.29,292.29,292.29,292.39,292.2,292.29,292.29,291.89,291.5,291.0,290.79,289.89,291.5,291.79,291.89,292.2,292.2,291.79,291.6,291.39,290.7,290.39,290.39,291.6,291.39,291.39,291.5,291.89,291.5,291.29,290.89,290.29,290.29,289.6,291.2,291.2,291.2,291.2,291.29,291.0,290.7,290.1,290.1,289.6,288.7,291.29,291.2,290.89,290.79,291.29,291.0,290.7,290.7,290.1,289.6,288.7,291.29,291.2,290.89,290.79,290.79,290.79,290.39,289.89,289.2,288.7,288.29,291.6,291.29,290.79,290.6,290.6,290.39,289.79,288.79,288.6,287.89,287.6,291.89,291.39,290.79,290.79,290.5,290.39,289.5,288.29,287.6,287.79,287.79,292.0,291.39,291.39,290.7,290.5,290.1,288.79,287.79,287.79,287.2,287.7
2021-06-29 22:00:00,283.89,285.2,284.29,280.0,278.89,283.7,285.2,285.2,286.39,286.5,286.39,283.89,285.2,284.29,280.0,278.89,280.79,280.79,284.1,285.79,285.89,285.7,281.2,281.0,280.29,278.6,279.6,279.6,281.79,283.0,284.0,284.89,285.1,280.39,277.6,275.79,278.2,278.2,280.7,283.29,283.2,282.79,283.5,283.5,280.89,279.6,279.6,278.1,278.79,280.5,284.2,283.89,284.1,284.1,282.89,282.79,282.79,282.89,282.79,280.39,280.7,284.89,286.29,286.29,285.5,282.5,285.6,285.6,284.79,283.89,280.39,280.7,284.89,284.89,286.29,285.5,282.5,285.6,285.6,284.79,283.89,282.5,282.5,282.5,285.29,286.7,285.5,283.89,287.79,288.0,286.6,285.0,285.0,284.79,285.7,286.0,286.0,285.2,284.1,288.39,288.2,287.6,287.6,286.79,286.5,286.79,286.6,285.89,284.6,284.6,287.7,287.6,287.6,287.5,287.39,287.29,287.1,286.7,286.7,286.0,284.0
2021-07-16 22:00:00,270.8,271.5,272.21,273.0,274.0,273.1,273.1,273.1,273.5,274.1,275.39,270.8,271.5,272.21,273.0,274.0,275.0,275.0,275.7,276.2,277.0,278.2,271.21,272.0,273.2,274.5,275.5,275.5,276.39,277.79,279.1,280.89,283.1,272.9,273.79,275.0,276.7,276.7,277.2,278.29,279.89,281.79,284.7,284.7,276.29,278.1,278.1,278.7,279.7,280.7,281.2,283.2,284.39,284.39,286.39,280.7,280.7,282.29,283.0,283.1,283.6,284.79,285.79,285.79,286.79,287.6,283.1,284.39,285.39,285.89,283.1,283.6,284.79,284.79,285.79,286.79,287.6,283.1,284.39,285.39,285.89,286.39,286.39,286.79,287.39,288.0,288.39,288.2,286.79,287.39,287.7,288.79,288.79,288.79,289.39,289.2,288.89,288.89,288.5,287.7,288.29,289.2,289.2,289.5,289.5,289.6,289.39,289.2,288.79,288.79,287.2,288.2,288.2,289.1,289.2,289.2,289.0,289.1,289.1,289.0,288.89
2021-08-18 06:00:00,292.79,293.1,293.5,293.89,291.1,290.29,290.7,290.7,292.6,293.2,294.0,292.79,293.1,293.5,293.89,291.1,289.5,289.5,291.39,293.0,294.0,293.89,292.7,292.89,293.79,293.1,289.7,289.7,290.6,292.39,293.2,294.2,294.29,291.79,293.0,294.0,291.89,291.89,289.7,291.7,293.0,293.29,294.1,294.1,292.5,293.29,293.29,293.7,291.29,291.1,292.5,293.29,293.89,293.89,293.5,292.79,292.79,293.79,293.6,291.2,291.89,293.29,293.89,293.89,294.2,292.89,293.5,293.1,294.29,293.79,291.2,291.89,293.29,293.29,293.89,294.2,292.89,293.5,293.1,294.29,293.79,291.79,291.79,292.5,293.7,294.29,293.89,292.39,293.89,293.39,294.29,293.89,293.89,292.2,292.89,293.89,293.79,293.39,292.6,293.89,293.89,293.89,293.89,293.39,292.29,293.29,293.6,293.29,293.2,293.2,293.6,293.89,293.89,293.5,292.7,292.29,293.29,292.79,292.79,293.1,293.1
2021-08-20 07:00:00,263.4,262.8,264.21,265.3,265.8,266.3,264.5,264.5,264.8,264.21,264.4,263.4,262.8,264.21,265.3,265.8,265.9,265.9,265.61,264.3,263.8,263.8,262.9,262.61,264.4,265.21,264.9,264.9,265.11,264.71,263.61,264.71,264.9,262.4,263.3,264.4,265.4,265.4,264.61,264.5,263.11,263.4,265.21,265.21,263.0,265.3,265.3,264.71,263.9,264.71,263.5,262.3,263.4,263.4,265.0,263.9,263.9,266.3,265.21,262.8,262.71,263.0,262.8,262.8,263.0,264.4,263.5,264.4,265.3,263.8,262.8,262.71,263.0,263.0,262.8,263.0,264.4,263.5,264.4,265.3,263.8,262.4,262.4,262.8,263.11,263.21,263.0,263.71,263.9,264.3,264.0,263.0,263.0,262.21,262.61,263.5,263.4,263.0,263.61,263.8,263.4,263.4,263.4,262.61,262.21,262.5,262.71,263.3,263.4,263.4,263.5,263.8,263.8,262.5,261.8,262.21,262.11,262.0,262.0,262.5,263.11
2021-06-14 06:00:00,236.4,238.11,240.61,240.2,238.2,235.7,235.2,235.2,236.31,236.7,236.81,236.4,238.11,240.61,240.2,238.2,235.0,235.0,234.31,235.9,234.9,236.2,237.0,239.9,241.31,240.61,238.5,238.5,235.61,233.2,234.5,234.61,235.4,238.81,240.7,241.81,240.11,240.11,237.0,235.61,234.31,233.4,233.4,233.4,236.7,238.81,238.81,239.81,238.81,237.0,235.11,233.2,233.0,233.0,233.61,240.11,240.11,236.9,237.4,238.7,236.31,234.9,234.11,234.11,233.5,233.7,241.7,242.5,239.4,238.2,238.7,236.31,234.9,234.9,234.11,233.5,233.7,241.7,242.5,239.4,238.2,237.31,237.31,234.0,233.31,235.9,234.11,233.11,241.7,242.0,241.61,239.0,239.0,236.11,233.2,232.31,235.4,235.11,234.61,240.61,241.61,240.2,240.2,237.61,238.2,235.7,232.31,234.11,235.61,235.61,239.61,238.9,238.9,238.4,239.7,240.11,238.11,233.11,233.11,233.61,235.61
2021-06-18 02:00:00,257.8,256.71,256.8,256.11,255.61,255.11,255.11,255.11,255.2,255.61,255.5,257.8,256.71,256.8,256.11,255.61,255.11,255.11,255.0,255.0,254.9,255.31,260.3,259.3,257.71,256.8,256.21,256.21,255.9,255.31,254.7,255.0,255.11,262.8,262.11,259.71,258.21,258.21,257.5,257.5,256.71,255.7,255.7,255.7,264.8,264.9,264.9,263.4,261.0,259.61,258.61,258.3,258.8,258.8,259.11,268.4,268.4,266.9,266.5,264.5,261.61,260.61,260.61,260.61,262.11,263.4,269.0,269.21,268.3,267.5,264.5,261.61,260.61,260.61,260.61,262.11,263.4,269.0,269.21,268.3,267.5,266.8,266.8,265.8,264.61,264.4,265.21,265.5,269.9,270.0,268.8,268.61,268.61,268.61,268.5,268.3,267.9,267.21,267.61,269.4,269.3,269.21,269.21,269.5,269.61,269.21,268.9,268.71,268.8,268.8,268.11,267.61,267.61,268.5,269.5,269.4,268.5,268.4,268.4,268.8,269.0
2021-08-13 06:00:00,235.4,238.7,239.81,240.11,240.31,246.31,249.4,249.4,252.2,250.9,248.9,235.4,238.7,239.81,240.11,240.31,243.61,243.61,248.31,249.31,246.5,243.61,234.2,235.11,234.0,235.7,239.9,239.9,243.2,244.9,245.0,240.5,235.5,234.31,231.5,228.2,233.4,233.4,242.11,242.7,243.11,240.2,233.0,233.0,232.7,230.81,230.81,228.7,236.61,242.5,240.9,238.4,233.4,233.4,228.0,230.7,230.7,231.81,234.81,239.0,241.4,236.9,232.2,232.2,226.4,223.0,228.5,232.81,237.31,240.2,239.0,241.4,236.9,236.9,232.2,226.4,223.0,228.5,232.81,237.31,240.2,240.0,240.0,236.4,230.4,226.7,221.11,218.2,228.81,234.11,242.9,245.5,245.5,239.31,229.31,224.2,220.0,217.0,216.5,231.5,237.61,243.2,243.2,242.81,233.9,225.61,220.11,216.11,214.9,214.9,236.0,239.7,239.7,241.61,235.4,227.81,222.5,218.4,218.4,216.11,214.61
2021-07-27 22:00:00,231.11,229.61,228.61,230.81,229.81,231.61,232.0,232.0,232.2,232.0,229.5,231.11,229.61,228.61,230.81,229.81,228.2,228.2,232.0,232.2,227.7,229.9,235.2,236.11,230.61,229.4,227.4,227.4,226.31,227.2,228.81,232.0,232.4,235.9,240.7,234.31,227.0,227.0,225.9,225.61,226.11,229.0,235.4,235.4,238.0,236.61,236.61,235.5,231.4,231.9,233.31,236.0,235.5,235.5,236.2,237.61,237.61,236.31,238.7,239.61,240.61,242.81,245.61,245.61,242.4,240.9,239.61,240.0,240.4,243.31,239.61,240.61,242.81,242.81,245.61,242.4,240.9,239.61,240.0,240.4,243.31,244.81,244.81,248.61,248.7,248.2,248.11,247.31,240.31,242.2,243.7,248.7,248.7,249.9,249.4,252.81,254.9,250.7,252.2,242.0,244.11,246.2,246.2,249.4,251.9,252.81,254.4,253.5,252.81,252.81,244.11,246.0,246.0,248.31,250.81,252.9,253.7,253.61,253.61,254.0,252.7
2021-06-20 10:00:00,293.6,292.89,292.5,292.7,293.0,292.1,291.2,291.2,290.7,290.39,289.39,293.6,292.89,292.5,292.7,293.0,292.79,292.79,290.6,291.0,290.1,288.6,294.0,293.2,292.39,292.39,292.89,292.89,292.5,291.5,291.2,291.1,289.29,293.6,293.6,293.0,292.1,292.1,292.39,292.5,292.1,292.0,291.1,291.1,293.5,293.39,293.39,292.7,292.29,292.39,292.6,291.79,291.89,291.89,290.7,293.2,293.2,293.1,292.5,292.5,292.5,292.29,292.39,292.39,291.79,290.7,293.1,293.0,292.79,292.7,292.5,292.5,292.29,292.29,292.39,291.79,290.7,293.1,293.0,292.79,292.7,292.6,292.6,292.39,292.1,291.79,291.29,290.89,293.0,292.6,292.6,292.79,292.79,292.5,292.2,291.79,291.1,290.7,291.0,292.39,292.39,292.5,292.5,292.79,292.5,291.7,291.5,290.7,290.7,290.7,291.39,291.6,291.6,292.1,292.39,292.29,291.29,290.6,290.6,290.6,290.2
2021-08-09 00:00:00,260.71,260.0,261.0,262.4,264.8,263.21,262.8,262.8,260.4,261.61,264.0,260.71,260.0,261.0,262.4,264.8,267.3,267.3,267.8,264.71,267.21,268.11,263.0,263.21,263.0,263.3,264.5,264.5,266.8,269.0,270.0,273.7,274.7,267.3,265.9,265.71,264.9,264.9,265.21,266.61,269.9,274.29,281.0,281.0,266.71,266.4,266.4,267.3,268.9,269.71,272.4,274.89,277.0,277.0,281.0,268.61,268.61,267.71,268.71,273.29,276.29,278.0,278.5,278.5,278.2,278.0,270.71,270.9,270.5,272.5,273.29,276.29,278.0,278.0,278.5,278.2,278.0,270.71,270.9,270.5,272.5,277.2,277.2,279.39,279.89,281.2,278.79,277.2,273.2,272.0,272.5,278.0,278.0,279.2,278.1,281.2,280.7,278.0,275.7,276.5,276.79,275.29,275.29,277.6,277.0,279.7,280.5,277.2,275.89,275.89,279.79,279.6,279.6,277.39,277.29,275.5,278.0,278.89,278.89,277.1,272.8
2021-08-13 05:00:00,246.31,240.31,236.61,234.0,232.0,234.9,240.5,240.5,243.2,243.31,243.81,246.31,240.31,236.61,234.0,232.0,233.9,233.9,239.31,241.0,236.7,237.11,245.11,237.81,232.7,230.4,230.11,230.11,230.0,237.2,237.7,233.4,236.61,236.61,235.81,234.4,227.11,227.11,225.0,228.31,232.81,233.11,234.0,234.0,232.61,230.2,230.2,229.7,225.31,226.11,231.4,229.4,229.7,229.7,231.11,228.31,228.31,224.7,222.81,223.4,231.2,232.31,227.5,227.5,226.81,227.4,225.9,222.81,221.7,222.11,223.4,231.2,232.31,232.31,227.5,226.81,227.4,225.9,222.81,221.7,222.11,224.2,224.2,228.61,228.2,225.9,225.2,226.4,219.5,218.5,219.4,222.11,222.11,224.9,224.4,223.61,223.31,224.61,225.11,216.81,216.61,218.2,218.2,221.0,224.4,223.11,223.11,223.11,223.81,223.81,216.2,217.0,217.0,217.5,219.61,222.9,222.9,222.9,222.9,222.7,223.0
2021-08-06 10:00:00,289.7,290.1,290.1,290.2,290.2,290.1,289.79,289.79,289.7,289.6,289.6,289.7,290.1,290.1,290.2,290.2,290.0,290.0,289.89,289.7,289.5,289.5,290.0,290.1,290.0,289.89,290.2,290.2,289.79,289.79,289.5,289.2,289.39,290.1,290.2,290.2,290.0,290.0,290.0,289.7,289.7,289.5,289.29,289.29,290.2,290.29,290.29,290.2,290.0,289.79,289.79,289.5,289.6,289.6,289.29,290.39,290.39,290.39,290.29,290.0,289.79,289.6,289.7,289.7,289.6,289.7,290.29,290.29,290.2,290.1,290.0,289.79,289.6,289.6,289.7,289.6,289.7,290.29,290.29,290.2,290.1,290.1,290.1,290.1,289.79,289.6,289.89,289.5,290.2,290.29,290.0,290.1,290.1,290.29,290.1,290.0,290.2,289.7,290.0,290.29,290.1,290.2,290.2,290.2,290.29,290.2,290.2,290.1,290.0,290.0,290.29,290.29,290.29,290.29,290.39,290.29,290.2,290.29,290.29,290.0,290.0
2021-08-01 09:00:00,293.7,293.89,294.0,293.7,293.6,293.6,293.79,293.79,293.89,293.79,293.7,293.7,293.89,294.0,293.7,293.6,293.5,293.5,293.7,293.6,293.7,293.39,293.79,293.89,293.5,293.79,293.5,293.5,293.39,293.6,293.5,293.29,293.0,293.7,293.6,293.29,293.6,293.6,293.39,293.2,293.2,293.2,293.29,293.29,292.6,292.6,292.6,292.79,293.0,293.0,293.0,293.1,292.89,292.89,292.79,291.2,291.2,291.6,292.1,292.39,292.79,292.6,292.79,292.79,292.6,292.2,290.7,291.0,291.0,291.39,292.39,292.79,292.6,292.6,292.79,292.6,292.2,290.7,291.0,291.0,291.39,292.0,292.0,291.79,292.39,292.39,292.29,292.1,290.5,289.5,290.6,291.39,291.39,291.2,291.29,291.89,292.0,292.0,291.89,290.6,289.1,290.29,290.29,291.0,290.79,290.89,291.79,292.2,292.0,292.0,290.5,290.29,290.29,290.2,289.79,290.89,290.79,291.7,291.7,292.2,292.1
2021-07-22 04:00:00,292.0,292.29,292.5,292.39,292.7,292.39,292.29,292.29,292.39,292.39,292.39,292.0,292.29,292.5,292.39,292.7,292.5,292.5,292.2,292.39,292.1,292.1,292.0,292.29,292.39,292.6,292.6,292.6,292.29,292.2,292.39,292.29,292.0,292.1,292.0,292.5,292.39,292.39,292.39,291.79,292.39,292.29,292.29,292.29,292.0,291.79,291.79,291.79,292.29,292.29,292.0,292.0,292.39,292.39,291.89,291.39,291.39,291.5,291.6,291.89,292.1,291.89,292.0,292.0,292.1,291.79,291.0,291.39,291.29,291.39,291.89,292.1,291.89,291.89,292.0,292.1,291.79,291.0,291.39,291.29,291.39,291.6,291.6,291.79,291.39,291.89,291.79,291.6,290.89,291.29,291.39,291.1,291.1,291.5,291.1,291.29,291.5,291.6,291.6,291.0,291.1,291.29,291.29,291.2,290.89,291.1,290.89,291.39,291.5,291.5,290.79,291.0,291.0,291.2,290.89,290.7,290.6,290.6,290.6,290.89,291.1
2021-08-22 01:00:00,230.0,233.0,236.9,236.11,234.81,232.9,232.31,232.31,232.7,232.81,232.11,230.0,233.0,236.9,236.11,234.81,233.7,233.7,233.11,232.31,232.4,234.9,231.5,234.5,236.31,236.61,236.0,236.0,234.81,233.4,232.2,233.9,236.61,232.7,235.4,236.4,236.2,236.2,236.61,235.81,232.61,232.7,236.5,236.5,233.9,234.9,234.9,235.61,235.2,236.0,236.11,233.2,234.2,234.2,236.9,236.2,236.2,233.81,232.7,234.61,234.81,235.5,235.0,235.0,235.7,238.7,235.11,236.11,232.4,231.4,234.61,234.81,235.5,235.5,235.0,235.7,238.7,235.11,236.11,232.4,231.4,232.9,232.9,234.0,234.11,234.61,237.5,241.5,235.7,233.61,232.11,230.2,230.2,231.7,232.61,232.81,236.4,239.2,243.61,234.5,233.5,232.0,232.0,230.11,231.11,232.0,232.61,235.61,242.2,242.2,233.4,233.2,233.2,232.2,230.5,230.7,231.9,232.0,232.0,236.9,243.9
2021-07-28 22:00:00,245.9,243.4,237.0,229.9,228.81,238.4,241.0,241.0,256.3,254.7,251.7,245.9,243.4,237.0,229.9,228.81,228.81,228.81,239.11,259.3,264.4,256.61,238.61,235.11,233.4,228.81,226.61,226.61,231.2,245.9,264.21,262.21,255.0,233.4,226.11,227.11,228.7,228.7,229.2,235.5,255.11,268.5,257.8,257.8,233.11,232.5,232.5,229.11,229.9,233.11,243.61,260.3,268.21,268.21,262.21,242.7,242.7,242.0,237.4,235.81,239.81,253.11,265.61,265.61,267.4,261.11,240.9,242.61,247.2,248.7,235.81,239.81,253.11,253.11,265.61,267.4,261.11,240.9,242.61,247.2,248.7,245.61,245.61,247.81,261.11,269.4,267.3,262.61,241.61,246.2,252.31,252.61,252.61,254.61,260.21,267.4,269.21,267.5,264.11,246.5,252.61,260.11,260.11,257.11,258.5,266.8,272.61,270.8,264.61,264.61,253.5,260.61,260.61,265.9,262.0,260.3,270.9,273.5,273.5,266.8,260.61
2021-06-25 22:00:00,263.4,260.61,262.3,262.4,258.71,259.11,257.5,257.5,257.0,254.11,254.9,263.4,260.61,262.3,262.4,258.71,259.21,259.21,257.3,260.71,258.61,257.5,262.5,260.61,260.11,259.9,260.0,260.0,260.9,260.61,262.8,261.3,260.71,262.3,261.71,259.4,257.8,257.8,260.61,263.0,263.11,264.5,264.0,264.0,262.5,263.5,263.5,262.9,258.3,256.4,261.3,265.61,265.8,265.8,265.9,264.21,264.21,265.11,266.0,260.0,254.7,259.9,266.61,266.61,267.4,266.8,264.3,264.8,265.9,266.3,260.0,254.7,259.9,259.9,266.61,267.4,266.8,264.3,264.8,265.9,266.3,261.4,261.4,258.5,262.5,266.21,268.21,267.8,267.11,265.71,266.21,265.61,265.61,263.4,262.0,265.21,267.61,268.11,267.61,268.5,267.61,267.11,267.11,266.3,265.4,265.0,266.3,267.9,268.4,268.4,269.71,269.0,269.0,268.4,267.9,267.71,267.5,267.71,267.71,268.4,268.5
2021-08-21 10:00:00,294.0,294.29,294.39,294.2,293.5,293.79,294.0,294.0,294.1,294.1,294.29,294.0,294.29,294.39,294.2,293.5,293.6,293.6,294.0,294.29,294.29,294.29,293.89,294.1,294.29,294.1,293.39,293.39,293.6,294.1,294.2,294.1,294.5,293.79,293.89,294.1,294.0,294.0,293.39,293.7,293.89,294.1,294.6,294.6,294.0,293.89,293.89,294.1,293.79,293.5,293.39,293.79,294.29,294.29,294.6,293.79,293.79,294.0,294.0,293.79,293.5,293.29,294.0,294.0,294.7,294.6,293.89,293.79,293.89,293.79,293.79,293.5,293.29,293.29,294.0,294.7,294.6,293.89,293.79,293.89,293.79,293.7,293.7,293.6,293.6,294.29,294.6,294.79,293.89,293.7,293.7,294.0,294.0,293.6,293.79,294.0,294.29,294.7,295.0,293.79,293.89,293.79,293.79,293.89,293.89,293.89,294.29,294.6,294.7,294.7,293.79,293.89,293.89,293.89,293.89,294.1,294.29,294.5,294.5,294.79,294.7
2021-08-26 01:00:00,263.71,261.5,261.11,266.4,263.0,253.61,246.0,246.0,241.5,239.31,239.7,263.71,261.5,261.11,266.4,263.0,253.11,253.11,243.11,239.2,239.11,238.81,265.4,263.21,261.4,262.71,260.4,260.4,254.5,242.5,237.7,237.31,237.31,265.61,265.9,261.8,258.4,258.4,259.0,256.11,243.4,238.61,239.0,239.0,265.4,265.3,265.3,261.11,258.11,258.5,258.3,250.9,243.2,243.2,241.61,262.9,262.9,264.0,262.0,259.0,259.21,260.21,258.0,258.0,250.31,242.7,260.0,262.21,263.8,262.4,259.0,259.21,260.21,260.21,258.0,250.31,242.7,260.0,262.21,263.8,262.4,259.61,259.61,259.61,259.3,257.8,256.11,252.11,258.3,259.9,261.9,262.21,262.21,258.5,255.7,257.4,258.61,259.5,260.71,255.5,255.81,255.4,255.4,254.5,254.11,254.81,257.3,259.9,261.4,261.4,255.31,251.0,251.0,250.11,246.31,248.9,253.81,257.0,257.0,259.8,261.8
2021-08-30 02:00:00,256.0,253.9,252.2,251.2,250.9,251.5,251.31,251.31,250.9,250.4,249.5,256.0,253.9,252.2,251.2,250.9,250.9,250.9,250.81,250.5,249.7,248.9,257.8,253.81,251.31,251.31,250.81,250.81,250.5,250.4,250.61,249.81,248.5,256.8,253.9,252.9,251.4,251.4,251.4,250.9,251.11,250.9,250.5,250.5,258.21,256.21,256.21,254.31,253.61,253.61,253.9,252.4,252.0,252.0,252.5,260.71,260.71,258.21,255.9,255.81,256.21,255.81,253.2,253.2,253.0,255.2,260.5,260.5,259.3,257.5,255.81,256.21,255.81,255.81,253.2,253.0,255.2,260.5,260.5,259.3,257.5,258.11,258.11,257.4,255.31,252.7,254.9,257.9,259.9,260.5,259.8,259.11,259.11,259.4,257.4,254.2,251.4,257.3,260.0,260.4,260.9,260.71,260.71,259.3,257.3,253.9,250.61,251.9,258.9,258.9,261.4,260.5,260.5,260.21,259.11,253.61,247.61,247.61,247.61,254.11,259.3
2021-08-05 00:00:00,291.79,291.79,291.6,291.5,291.89,292.5,292.2,292.2,292.39,292.5,292.39,291.79,291.79,291.6,291.5,291.89,292.0,292.0,292.2,292.39,292.1,292.0,291.7,291.6,291.39,291.1,291.6,291.6,291.79,292.0,292.29,291.89,292.5,291.79,291.7,291.5,291.1,291.1,291.29,291.5,292.0,292.0,292.5,292.5,291.79,292.1,292.1,292.0,290.89,291.0,290.79,292.5,292.1,292.1,292.39,291.89,291.89,292.29,292.0,291.1,290.0,290.89,291.7,291.7,292.39,292.5,291.6,291.79,291.89,291.39,291.1,290.0,290.89,290.89,291.7,292.39,292.5,291.6,291.79,291.89,291.39,291.2,291.2,290.6,291.0,291.6,292.29,292.29,292.0,291.39,291.39,291.5,291.5,291.1,290.89,291.2,291.89,291.79,292.1,291.7,291.29,291.5,291.5,291.5,291.29,291.29,291.6,291.79,291.79,291.79,291.29,291.1,291.1,291.39,291.5,291.1,291.2,291.6,291.6,291.5,291.7
2021-07-17 01:00:00,271.9,271.9,271.9,271.8,272.3,272.8,275.1,275.1,282.6,285.79,287.79,271.9,271.9,271.9,271.8,272.3,273.5,273.5,278.0,283.79,286.0,287.39,271.8,271.9,271.8,272.0,273.29,273.29,275.6,279.6,283.7,286.79,287.79,271.71,271.61,271.9,272.21,272.21,273.2,276.79,280.6,282.1,286.39,286.39,271.8,271.61,271.61,271.8,272.5,273.29,276.1,278.7,281.0,281.0,284.2,271.9,271.9,271.61,271.61,272.5,273.29,274.5,276.1,276.1,279.89,279.89,272.3,271.9,271.71,271.71,272.5,273.29,274.5,274.5,276.1,279.89,279.89,272.3,271.9,271.71,271.71,272.21,272.21,273.0,273.39,274.6,276.7,278.7,272.21,272.11,271.8,272.21,272.21,272.4,273.1,273.5,273.5,274.7,279.29,271.9,272.0,272.61,272.61,273.29,274.0,274.2,274.39,275.1,277.7,277.7,271.61,272.5,272.5,273.5,274.6,276.1,276.6,276.7,276.7,277.5,282.1
2021-06-20 04:00:00,289.89,291.5,293.0,294.39,296.7,299.0,298.6,298.6,298.1,297.2,296.29,289.89,291.5,293.0,294.39,296.7,299.39,299.39,298.6,297.29,296.1,295.5,286.89,288.2,289.2,292.79,296.79,296.79,299.2,297.89,296.39,295.6,295.0,285.79,285.7,286.6,291.39,291.39,296.1,298.29,297.79,295.7,293.79,293.79,287.5,287.5,287.5,289.1,291.0,294.5,296.5,296.5,295.5,295.5,294.89,291.7,291.7,292.6,292.5,293.1,294.0,295.0,295.6,295.6,295.29,294.0,295.29,295.29,295.0,294.39,293.1,294.0,295.0,295.0,295.6,295.29,294.0,295.29,295.29,295.0,294.39,294.29,294.29,295.29,295.89,295.0,293.89,293.39,298.89,297.89,296.5,294.2,294.2,295.6,297.1,296.5,293.79,292.5,292.29,301.0,299.89,298.2,298.2,296.6,297.29,297.1,295.39,293.5,292.1,292.1,301.79,301.29,301.29,299.6,298.39,298.7,296.2,293.6,293.6,292.39,290.89
2021-07-24 00:00:00,286.89,288.5,287.89,285.2,278.0,275.7,275.79,275.79,273.79,272.9,271.3,286.89,288.5,287.89,285.2,278.0,277.2,277.2,281.1,277.29,276.29,274.89,288.29,289.79,288.7,287.1,285.1,285.1,281.5,282.29,281.5,280.89,280.5,289.39,289.29,289.5,289.5,289.5,286.5,286.79,285.5,284.5,285.39,285.39,290.2,290.0,290.0,289.7,289.5,288.6,288.5,288.6,286.39,286.39,287.79,290.1,290.1,290.6,290.0,289.29,289.5,289.89,289.89,289.89,288.39,287.79,288.79,289.5,290.0,289.7,289.29,289.5,289.89,289.89,289.89,288.39,287.79,288.79,289.5,290.0,289.7,289.7,289.7,289.89,290.5,290.0,289.5,289.6,288.79,289.1,289.5,289.29,289.29,290.1,290.1,290.1,290.1,290.2,290.29,289.2,289.79,289.6,289.6,289.5,290.1,290.2,290.29,290.39,290.6,290.6,290.2,290.39,290.39,289.89,289.5,289.7,290.1,290.39,290.39,290.39,290.7
2021-06-19 00:00:00,291.89,292.0,291.89,291.79,291.7,291.89,291.89,291.89,291.89,291.89,291.6,291.89,292.0,291.89,291.79,291.7,291.7,291.7,291.79,291.79,291.7,291.29,291.7,291.79,291.7,291.79,291.7,291.7,291.7,291.6,291.6,291.7,291.29,291.6,291.6,291.7,291.79,291.79,291.7,291.79,291.79,291.5,291.39,291.39,291.6,291.6,291.6,291.7,291.79,291.79,291.79,291.5,291.39,291.39,291.2,291.7,291.7,291.79,291.6,291.79,291.6,291.5,291.5,291.5,291.1,290.6,291.89,291.79,291.79,291.7,291.79,291.6,291.5,291.5,291.5,291.1,290.6,291.89,291.79,291.79,291.7,291.7,291.7,291.5,291.5,291.1,290.6,290.39,292.1,292.1,292.0,291.79,291.79,291.79,291.7,291.39,290.6,290.29,290.2,292.6,292.5,292.39,292.39,292.0,292.0,291.6,291.1,290.6,290.2,290.2,292.89,292.79,292.79,292.7,292.39,292.1,291.5,290.7,290.7,290.29,290.2
2021-08-24 09:00:00,250.61,250.5,250.7,251.61,251.81,250.4,249.9,249.9,248.0,247.11,249.5,250.61,250.5,250.7,251.61,251.81,250.4,250.4,250.9,249.81,250.0,250.4,252.31,252.31,252.11,251.7,251.81,251.81,251.0,251.11,251.11,251.4,251.31,253.31,254.2,254.31,251.9,251.9,251.61,251.4,251.4,252.31,252.11,252.11,253.11,255.2,255.2,255.7,254.4,251.4,251.4,252.11,252.81,252.81,252.2,254.11,254.11,255.81,256.8,256.9,252.7,251.61,252.11,252.11,252.81,252.31,254.7,255.9,257.0,258.61,256.9,252.7,251.61,251.61,252.11,252.81,252.31,254.7,255.9,257.0,258.61,258.4,258.4,254.7,252.61,252.31,253.31,252.4,255.11,257.8,259.0,259.61,259.61,259.61,257.0,254.31,253.81,254.4,252.4,254.81,259.71,261.3,261.3,260.5,259.8,259.11,258.8,257.21,255.31,255.31,254.31,260.9,260.9,262.9,261.0,259.9,261.0,262.11,262.11,260.9,256.71
2021-08-23 05:00:00,242.31,239.9,236.7,232.4,230.61,232.0,226.4,226.4,219.9,215.11,214.2,242.31,239.9,236.7,232.4,230.61,228.0,228.0,222.2,218.11,215.4,213.9,243.0,238.9,234.61,233.5,231.11,231.11,224.31,218.7,215.11,213.61,212.5,243.11,239.61,236.61,234.0,234.0,229.0,221.11,213.9,212.61,211.0,211.0,244.31,242.11,242.11,238.4,232.61,224.0,214.7,212.0,209.31,209.31,207.9,245.4,245.4,243.7,240.9,230.0,216.7,210.4,208.4,208.4,206.5,206.31,247.31,245.2,243.11,238.61,230.0,216.7,210.4,210.4,208.4,206.5,206.31,247.31,245.2,243.11,238.61,226.9,226.9,212.9,207.81,205.5,203.81,203.2,248.5,245.7,241.2,234.9,234.9,222.9,210.7,206.81,203.81,201.81,202.31,250.81,247.11,239.61,239.61,226.9,218.81,211.5,207.31,204.11,202.61,202.61,252.0,248.81,248.81,234.61,217.5,213.61,211.7,207.9,207.9,205.0,203.11
2021-06-07 22:00:00,278.5,278.79,280.39,280.79,280.6,283.29,283.6,283.6,282.39,280.2,280.0,278.5,278.79,280.39,280.79,280.6,282.0,282.0,281.89,281.2,280.6,278.5,277.0,279.1,279.89,278.7,278.2,278.2,279.89,280.79,280.6,279.2,278.7,277.2,279.79,279.29,277.29,277.29,275.6,277.79,278.7,279.1,278.1,278.1,279.1,280.2,280.2,279.89,276.79,276.39,276.39,276.39,276.6,276.6,277.0,278.29,278.29,281.0,280.6,277.5,277.0,276.2,275.0,275.0,274.6,275.2,276.79,278.29,279.5,279.89,277.5,277.0,276.2,276.2,275.0,274.6,275.2,276.79,278.29,279.5,279.89,279.2,279.2,277.89,276.89,273.89,273.0,274.5,276.29,276.1,277.39,279.29,279.29,279.29,278.89,277.1,272.8,272.71,272.5,274.5,274.2,276.6,276.6,278.0,277.5,277.6,275.79,273.89,272.8,272.8,272.21,274.0,274.0,275.5,276.2,275.5,275.6,275.29,275.29,274.6,274.5
2021-06-18 22:00:00,288.5,288.5,288.6,288.79,288.39,288.29,288.5,288.5,288.7,289.0,289.39,288.5,288.5,288.6,288.79,288.39,288.5,288.5,288.6,289.0,289.1,289.2,288.6,288.6,288.7,288.79,288.6,288.6,288.7,288.79,289.0,289.0,289.29,288.5,288.6,288.6,288.6,288.6,288.7,288.79,288.7,288.89,289.39,289.39,288.29,288.5,288.5,288.39,288.39,288.39,288.6,288.89,289.29,289.29,289.39,288.29,288.29,288.2,288.39,288.1,288.1,288.29,288.79,288.79,289.5,289.89,288.29,288.2,288.29,288.2,288.1,288.1,288.29,288.29,288.79,289.5,289.89,288.29,288.2,288.29,288.2,287.79,287.79,287.89,287.7,288.39,289.5,290.0,288.2,288.29,288.29,288.29,288.29,287.6,287.29,287.29,287.79,288.79,288.89,288.39,288.2,288.0,288.0,287.6,287.29,286.5,286.5,287.0,286.79,286.79,288.39,288.2,288.2,287.7,287.1,286.7,286.2,285.29,285.29,284.5,283.5
2021-07-14 04:00:00,282.29,285.39,285.1,285.29,285.7,283.2,282.7,282.7,284.6,286.7,284.1,282.29,285.39,285.1,285.29,285.7,286.39,286.39,285.89,285.1,285.1,282.5,279.6,282.7,285.0,285.7,285.29,285.29,285.79,287.7,287.0,284.7,281.29,278.0,279.7,285.89,286.7,286.7,283.5,285.89,288.6,288.39,287.5,287.5,278.5,278.5,278.5,283.1,287.1,286.79,287.0,289.1,289.7,289.7,287.39,274.5,274.5,278.1,283.79,286.2,287.39,287.6,287.79,287.79,289.39,288.5,274.7,273.29,276.79,283.7,286.2,287.39,287.6,287.6,287.79,289.39,288.5,274.7,273.29,276.79,283.7,286.2,286.2,286.39,287.2,288.1,288.29,288.0,275.39,274.1,276.0,283.79,283.79,286.0,286.0,287.0,286.89,287.1,287.5,280.2,276.39,277.5,277.5,279.2,285.29,287.79,284.79,283.39,284.79,284.79,284.1,281.29,281.29,278.1,278.1,283.7,284.6,281.5,281.5,281.89,281.7
2021-06-23 05:00:00,296.1,295.7,295.7,295.6,295.89,295.6,295.1,295.1,294.79,294.2,293.6,296.1,295.7,295.7,295.6,295.89,295.6,295.6,294.89,294.6,293.89,293.2,295.7,295.6,295.39,295.5,295.79,295.79,295.2,294.79,294.39,294.2,292.79,295.6,295.29,295.29,295.6,295.6,295.39,295.0,295.0,294.2,293.79,293.79,295.39,295.2,295.2,295.0,295.5,295.1,295.0,294.5,293.6,293.6,292.7,295.0,295.0,294.89,294.79,295.1,294.89,294.6,294.1,294.1,292.7,291.2,295.0,294.89,294.6,294.6,295.1,294.89,294.6,294.6,294.1,292.7,291.2,295.0,294.89,294.6,294.6,294.89,294.89,294.39,294.0,292.79,291.39,290.39,295.5,295.0,294.6,294.39,294.39,294.6,294.29,293.2,291.29,290.29,290.0,296.2,295.39,294.89,294.89,294.79,294.6,293.5,292.0,290.5,290.0,290.0,296.79,295.89,295.89,295.29,295.0,294.29,292.5,290.89,290.89,290.2,290.0
2021-07-26 10:00:00,242.61,242.31,240.5,239.81,239.0,238.4,235.5,235.5,234.9,231.9,230.61,242.61,242.31,240.5,239.81,239.0,236.61,236.61,235.31,236.31,235.5,233.61,241.5,239.61,236.9,236.61,237.0,237.0,235.5,234.81,236.11,237.0,237.7,240.0,237.2,234.11,233.2,233.2,234.0,234.5,234.31,235.5,238.11,238.11,239.9,236.4,236.4,232.0,230.81,233.11,233.9,234.31,235.31,235.31,238.2,237.9,237.9,235.5,231.4,229.4,231.4,233.31,233.5,233.5,235.2,236.7,233.5,235.61,234.0,231.61,229.4,231.4,233.31,233.31,233.5,235.2,236.7,233.5,235.61,234.0,231.61,229.81,229.81,229.11,230.2,232.81,234.4,236.81,230.4,231.5,232.4,230.81,230.81,229.81,229.61,227.5,231.31,235.31,236.7,228.2,229.2,230.0,230.0,229.31,229.11,229.4,229.2,230.7,234.5,234.5,226.7,227.5,227.5,227.4,227.4,228.11,229.11,230.9,230.9,233.0,234.11
2021-07-17 08:00:00,218.0,222.4,226.9,232.81,241.61,255.81,266.61,266.61,275.5,281.1,284.0,218.0,222.4,226.9,232.81,241.61,257.61,257.61,272.4,281.89,283.1,281.79,214.5,218.4,228.9,237.7,245.2,245.2,269.11,283.5,283.5,280.7,283.2,218.4,221.2,228.31,241.61,241.61,260.11,277.1,284.39,283.79,282.39,282.39,231.61,237.11,237.11,238.2,253.81,266.61,276.79,282.2,286.6,286.6,286.1,242.31,242.31,250.61,255.7,264.9,268.5,275.29,284.2,284.2,288.5,289.0,247.5,252.31,261.11,268.3,264.9,268.5,275.29,275.29,284.2,288.5,289.0,247.5,252.31,261.11,268.3,272.0,272.0,276.1,280.2,286.39,288.7,289.6,259.3,264.3,270.9,274.89,274.89,279.2,282.39,286.0,288.1,289.2,289.5,266.61,272.11,276.2,276.2,279.5,284.2,286.2,286.5,288.1,290.0,290.0,273.7,277.7,277.7,279.39,284.0,287.7,287.1,286.29,286.29,288.89,290.1
2021-08-07 09:00:00,252.2,244.81,240.11,242.2,247.61,248.9,248.4,248.4,247.0,246.5,246.31,252.2,244.81,240.11,242.2,247.61,249.0,249.0,246.4,244.2,243.81,244.7,254.31,245.9,241.61,242.5,243.9,243.9,243.11,243.0,242.11,242.81,245.0,254.11,247.5,246.11,244.31,244.31,239.7,238.31,239.81,241.4,243.61,243.61,251.2,249.9,249.9,248.4,245.31,241.0,238.31,239.31,241.11,241.11,243.11,252.61,252.61,251.31,247.5,247.7,243.4,240.11,240.61,240.61,241.9,243.9,243.11,249.4,250.5,251.0,247.7,243.4,240.11,240.11,240.61,241.9,243.9,243.11,249.4,250.5,251.0,250.9,250.9,245.11,242.0,243.11,244.2,245.7,245.2,247.4,248.9,251.11,251.11,253.81,248.81,245.2,246.2,247.81,248.11,251.5,250.5,248.11,248.11,251.61,256.21,254.5,250.5,248.0,249.9,249.9,258.21,254.81,254.81,249.4,252.81,259.3,260.0,257.4,257.4,254.0,254.2
2021-08-06 05:00:00,237.7,237.7,239.4,246.11,264.4,277.39,282.89,282.89,282.0,277.7,273.29,237.7,237.7,239.4,246.11,264.4,277.5,277.5,281.0,284.1,280.6,277.5,236.9,237.9,240.11,244.7,259.9,259.9,269.71,277.89,282.5,282.1,280.29,237.61,238.31,239.9,244.31,244.31,254.0,259.4,273.5,278.2,281.0,281.0,237.9,236.31,236.31,238.11,245.11,252.5,252.0,267.11,272.3,272.3,273.7,238.2,238.2,235.0,238.4,246.5,247.4,246.81,259.9,259.9,263.8,263.21,249.81,241.4,238.0,242.81,246.5,247.4,246.81,246.81,259.9,263.8,263.21,249.81,241.4,238.0,242.81,243.2,243.2,239.5,243.4,250.31,253.9,252.61,249.2,246.0,241.4,240.5,240.5,239.2,237.0,238.61,242.2,242.81,239.11,247.5,241.7,238.2,238.2,236.9,235.11,235.0,235.61,237.31,232.61,232.61,244.2,237.2,237.2,233.0,233.11,231.31,230.9,233.9,233.9,233.61,226.5
2021-06-10 00:00:00,236.61,234.5,232.5,229.7,229.11,231.81,229.31,229.31,226.81,226.9,224.9,236.61,234.5,232.5,229.7,229.11,227.9,227.9,227.9,229.11,230.11,227.5,239.0,231.61,228.7,227.81,228.5,228.5,228.4,229.11,231.7,230.7,228.9,237.7,230.5,226.9,227.2,227.2,227.9,230.2,231.2,234.11,231.5,231.5,233.2,228.61,228.61,227.31,227.4,229.11,229.81,231.31,235.4,235.4,233.11,228.0,228.0,226.4,227.31,228.31,227.9,228.61,234.4,234.4,234.11,234.11,228.81,225.7,225.7,227.5,228.31,227.9,228.61,228.61,234.4,234.11,234.11,228.81,225.7,225.7,227.5,228.31,228.31,230.7,231.4,231.81,233.9,238.31,228.0,227.11,229.4,229.4,229.4,230.2,237.0,236.81,231.4,237.31,244.61,234.0,234.2,235.61,235.61,235.81,235.61,241.11,245.7,239.4,245.11,245.11,241.7,241.31,241.31,241.81,241.5,242.31,245.5,253.81,253.81,250.81,252.7
2021-08-07 05:00:00,282.5,283.2,283.7,280.7,275.39,270.4,263.9,263.9,261.4,256.21,255.7,282.5,283.2,283.7,280.7,275.39,265.21,265.21,263.21,261.61,252.2,251.9,283.1,283.0,284.0,279.39,274.0,274.0,265.9,263.4,259.0,253.2,248.7,281.0,281.39,282.79,277.0,277.0,272.5,267.4,262.21,256.4,252.0,252.0,275.2,277.2,277.2,278.89,275.7,267.61,265.71,259.11,254.61,254.61,247.31,266.4,266.4,271.3,274.5,272.3,265.61,262.5,253.7,253.7,251.7,244.31,256.3,257.21,264.8,268.8,272.3,265.61,262.5,262.5,253.7,251.7,244.31,256.3,257.21,264.8,268.8,269.8,269.8,263.5,258.4,252.31,247.61,239.11,248.9,248.9,257.5,265.21,265.21,265.8,258.0,256.21,251.81,244.0,236.7,243.31,243.7,255.0,255.0,261.3,258.3,256.8,259.61,250.11,243.5,243.5,239.9,244.0,244.0,254.9,252.7,251.11,260.3,261.4,261.4,250.61,245.2
2021-06-23 08:00:00,286.89,286.7,285.5,282.5,276.0,272.8,283.2,283.2,284.0,286.1,290.29,286.89,286.7,285.5,282.5,276.0,281.89,281.89,290.6,285.2,282.7,288.29,281.39,283.39,281.1,281.89,286.2,286.2,287.7,288.2,288.7,288.0,289.1,280.29,279.39,281.1,283.89,283.89,289.1,290.6,290.39,290.0,290.79,290.79,275.79,274.6,274.6,281.7,284.5,288.29,289.79,290.0,290.7,290.7,291.5,266.71,266.71,271.0,281.7,285.0,288.39,288.2,289.6,289.6,291.6,291.5,261.9,267.61,271.21,279.29,285.0,288.39,288.2,288.2,289.6,291.6,291.5,261.9,267.61,271.21,279.29,285.39,285.39,285.5,287.39,290.1,290.5,290.7,263.3,267.0,274.29,282.2,282.2,283.29,285.2,286.29,288.7,289.5,289.39,266.11,271.3,279.79,279.79,283.6,285.0,286.29,286.7,288.5,289.1,289.1,269.0,278.7,278.7,283.79,285.1,287.1,287.79,287.79,287.79,288.79,289.1
2021-06-12 10:00:00,230.2,232.4,233.7,234.61,234.61,234.4,237.0,237.0,238.81,241.5,240.11,230.2,232.4,233.7,234.61,234.61,235.0,235.0,236.9,238.5,240.31,241.4,233.31,234.0,235.0,236.31,236.0,236.0,236.2,236.81,237.9,240.11,243.31,235.5,236.61,237.11,238.11,238.11,237.9,238.11,237.31,238.61,240.7,240.7,237.5,238.7,238.7,239.81,240.7,240.5,241.11,241.0,242.0,242.0,244.0,240.31,240.31,240.81,241.81,242.9,243.61,243.9,244.81,244.81,245.81,247.5,243.7,243.0,243.11,244.11,242.9,243.61,243.9,243.9,244.81,245.81,247.5,243.7,243.0,243.11,244.11,244.31,244.31,244.9,246.2,247.61,248.31,251.31,244.2,244.81,244.5,244.5,244.5,245.0,246.5,247.61,249.0,250.5,253.5,242.9,242.81,242.61,242.61,243.31,244.4,246.2,247.4,249.0,250.81,250.81,241.2,240.81,240.81,240.81,242.11,244.2,246.31,247.2,247.2,248.4,251.31
2021-07-11 00:00:00,247.7,246.61,245.81,245.31,244.4,245.2,245.9,245.9,248.0,247.0,245.31,247.7,246.61,245.81,245.31,244.4,244.61,244.61,246.0,247.9,246.0,244.4,247.5,245.2,244.4,243.9,243.2,243.2,244.31,246.31,247.31,246.61,247.4,247.7,244.2,243.61,243.0,243.0,243.31,244.81,245.61,247.2,248.7,248.7,245.9,245.4,245.4,245.31,244.4,243.9,245.61,246.81,249.31,249.31,251.61,244.81,244.81,247.7,248.11,246.9,245.7,247.11,249.31,249.31,252.11,254.0,246.61,248.61,248.11,247.9,246.9,245.7,247.11,247.11,249.31,252.11,254.0,246.61,248.61,248.11,247.9,249.5,249.5,250.11,250.4,253.4,253.7,254.5,247.9,249.2,248.4,249.5,249.5,251.11,253.0,254.31,254.7,255.5,256.8,247.9,248.2,249.4,249.4,250.5,251.2,252.5,253.81,254.81,255.9,255.9,248.2,248.61,248.61,249.9,250.4,250.5,250.61,252.11,252.11,253.5,255.31
2021-06-13 07:00:00,278.6,279.7,278.5,278.39,278.5,278.6,277.1,277.1,271.3,261.4,270.5,278.6,279.7,278.5,278.39,278.5,279.2,279.2,278.29,277.5,275.2,276.2,282.0,282.0,279.0,278.2,280.2,280.2,279.7,278.0,281.29,279.89,277.0,281.5,283.39,279.1,276.2,276.2,277.6,278.1,274.1,281.0,277.7,277.7,282.1,285.0,285.0,278.2,271.11,268.5,269.3,268.4,272.71,272.71,268.71,282.39,282.39,284.6,274.0,265.8,262.21,259.0,260.71,260.71,261.5,255.5,268.4,281.79,278.0,266.8,265.8,262.21,259.0,259.0,260.71,261.5,255.5,268.4,281.79,278.0,266.8,262.0,262.0,257.9,253.81,249.4,248.11,245.5,266.3,276.29,270.0,258.8,258.8,256.71,255.2,248.0,240.7,235.5,235.0,259.71,269.5,262.71,262.71,251.4,251.5,249.31,244.0,238.4,232.2,232.2,257.3,260.61,260.61,258.11,248.5,246.5,245.0,241.9,241.9,239.61,234.81
2021-07-02 00:00:00,268.3,269.8,267.8,265.61,264.9,275.6,277.39,277.39,280.7,277.29,269.0,268.3,269.8,267.8,265.61,264.9,261.8,261.8,269.3,276.79,269.4,264.4,248.2,255.81,259.9,253.9,249.5,249.5,253.11,261.61,269.3,265.9,265.11,236.9,246.7,249.5,246.31,246.31,246.31,250.0,253.31,264.3,265.21,265.21,240.81,247.11,247.11,253.9,251.31,255.7,261.61,257.11,266.8,266.8,274.6,252.4,252.4,254.2,263.0,261.5,268.71,273.39,272.8,272.8,274.1,277.0,272.5,271.5,269.3,274.1,261.5,268.71,273.39,273.39,272.8,274.1,277.0,272.5,271.5,269.3,274.1,275.29,275.29,276.89,282.2,282.6,282.29,283.79,284.5,284.5,283.89,285.0,285.0,286.1,286.7,287.89,289.7,289.6,289.29,290.2,289.5,289.29,289.29,289.6,290.29,290.79,291.5,292.29,292.2,292.2,292.1,291.79,291.79,291.2,291.5,291.29,291.6,292.1,292.1,291.89,291.6
2021-07-15 04:00:00,267.0,260.0,254.2,254.61,257.5,258.9,261.11,261.11,259.8,257.8,259.0,267.0,260.0,254.2,254.61,257.5,259.4,259.4,259.9,259.8,260.61,260.9,259.9,251.7,246.9,246.4,249.7,249.7,254.61,260.11,262.21,260.8,258.11,254.81,244.0,241.11,239.7,239.7,243.7,249.9,259.11,264.4,261.11,261.11,251.61,241.11,241.11,238.9,236.4,240.0,248.11,255.9,262.5,262.5,261.5,250.7,250.7,241.5,236.2,235.4,240.61,246.0,252.11,252.11,260.21,262.9,266.5,250.11,241.81,237.0,235.4,240.61,246.0,246.0,252.11,260.21,262.9,266.5,250.11,241.81,237.0,237.9,237.9,240.5,244.9,251.31,260.0,263.5,269.0,252.31,243.7,241.2,241.2,241.31,241.0,244.9,253.7,261.5,260.11,272.61,259.0,247.81,247.81,243.9,242.5,243.4,246.11,255.0,262.4,262.4,277.0,266.8,266.8,253.7,247.2,243.61,242.5,247.5,247.5,257.4,263.0
2021-06-14 07:00:00,235.2,232.7,229.9,227.4,226.11,223.31,223.61,223.61,223.31,224.9,229.31,235.2,232.7,229.9,227.4,226.11,225.81,225.81,225.5,223.7,224.4,231.61,239.4,237.7,236.0,233.0,229.81,229.81,228.2,226.61,226.11,228.0,231.2,244.81,242.0,241.31,239.11,239.11,235.61,232.4,230.2,231.2,232.7,232.7,248.61,246.7,246.7,245.5,244.7,242.0,239.7,237.81,236.61,236.61,237.61,252.2,252.2,251.11,250.5,249.5,249.0,246.9,245.4,245.4,243.0,243.31,255.0,254.7,255.4,255.2,249.5,249.0,246.9,246.9,245.4,243.0,243.31,255.0,254.7,255.4,255.2,254.7,254.7,253.81,253.11,252.61,250.31,249.11,257.5,257.61,258.3,258.8,258.8,258.4,256.8,258.21,259.5,256.8,253.5,261.11,260.9,261.21,261.21,260.71,259.11,260.5,261.4,263.21,260.0,260.0,264.61,265.61,265.61,264.21,259.3,260.3,264.3,264.5,264.5,264.4,263.11
2021-08-28 08:00:00,270.3,274.2,278.29,274.79,271.0,272.4,271.5,271.5,267.0,260.0,255.0,270.3,274.2,278.29,274.79,271.0,271.21,271.21,273.5,270.61,266.61,257.61,273.89,278.0,279.89,276.5,270.71,270.71,271.9,273.6,272.8,273.7,265.11,277.1,279.2,279.0,277.7,277.7,273.0,272.71,273.0,274.2,277.39,277.39,280.5,279.5,279.5,276.7,277.7,275.5,274.29,275.0,275.6,275.6,276.7,279.5,279.5,278.79,276.7,276.6,277.7,277.1,275.2,275.2,276.29,277.79,276.39,278.1,279.0,275.1,276.6,277.7,277.1,277.1,275.2,276.29,277.79,276.39,278.1,279.0,275.1,275.29,275.29,278.89,280.29,277.79,275.39,278.0,275.7,277.2,279.0,272.9,272.9,273.5,280.79,281.89,279.6,275.5,276.6,277.39,275.6,276.6,276.6,276.2,274.6,277.89,281.7,280.89,278.1,278.1,279.29,276.6,276.6,275.5,275.79,277.29,276.1,280.39,280.39,281.6,280.5
2021-06-29 03:00:00,269.5,274.0,276.89,275.2,280.0,287.0,287.89,287.89,288.1,288.29,288.6,269.5,274.0,276.89,275.2,280.0,282.6,282.6,284.0,285.1,286.0,285.89,274.89,274.2,268.5,271.5,277.39,277.39,277.79,280.5,281.2,281.2,282.2,275.5,270.3,266.5,266.11,266.11,269.9,273.2,275.1,276.7,276.0,276.0,272.61,269.3,269.3,266.61,261.8,262.71,267.21,270.0,273.0,273.0,271.0,271.21,271.21,266.4,261.61,260.21,259.3,261.5,265.61,265.61,269.11,265.11,266.5,263.9,258.8,257.5,260.21,259.3,261.5,261.5,265.61,269.11,265.11,266.5,263.9,258.8,257.5,259.8,259.8,260.21,260.0,261.21,263.4,262.8,261.9,255.81,253.2,256.11,256.11,259.5,260.61,260.0,259.21,259.21,260.0,258.61,256.21,255.2,255.2,258.0,258.71,258.21,258.3,257.8,257.5,257.5,256.3,257.11,257.11,259.71,260.0,259.3,258.0,257.4,257.4,256.9,257.0
2021-07-08 08:00:00,230.4,231.61,235.0,236.81,234.9,230.9,231.61,231.61,233.5,235.81,236.5,230.4,231.61,235.0,236.81,234.9,232.81,232.81,232.81,233.5,235.4,238.7,230.2,233.2,235.7,236.81,237.0,237.0,235.2,234.4,235.11,235.2,237.9,230.7,233.81,237.4,237.81,237.81,237.0,238.31,238.61,237.11,236.2,236.2,229.81,233.11,233.11,236.31,238.5,239.4,240.61,240.9,240.31,240.31,239.81,228.81,228.81,231.81,235.4,238.81,240.9,241.5,242.31,242.31,242.9,242.7,229.4,228.5,230.0,233.31,238.81,240.9,241.5,241.5,242.31,242.9,242.7,229.4,228.5,230.0,233.31,238.4,238.4,242.4,242.7,243.4,244.81,244.5,230.11,228.0,228.11,231.9,231.9,237.5,241.11,242.5,243.61,244.7,245.0,229.0,229.11,230.0,230.0,231.81,235.61,236.5,237.31,238.81,241.61,241.61,228.2,231.2,231.2,231.9,231.81,232.81,233.2,231.5,231.5,232.61,237.81
2021-08-06 23:00:00,289.1,289.0,288.79,288.79,288.79,287.5,286.0,286.0,286.5,286.6,285.1,289.1,289.0,288.79,288.79,288.79,287.5,287.5,285.1,285.89,285.89,284.0,289.39,289.39,289.1,289.0,288.2,288.2,287.1,286.39,285.2,284.5,284.89,289.1,289.2,289.1,288.39,288.39,288.0,287.29,284.6,285.0,285.39,285.39,289.0,288.29,288.29,287.29,287.39,287.2,286.1,285.1,286.2,286.2,284.79,285.6,285.6,285.1,286.29,285.5,285.1,284.2,285.79,285.79,286.0,283.7,280.6,279.0,279.89,279.89,285.5,285.1,284.2,284.2,285.79,286.0,283.7,280.6,279.0,279.89,279.89,283.29,283.29,283.6,284.5,284.0,282.1,282.89,274.0,276.6,272.0,273.29,273.29,278.89,281.0,283.2,279.5,278.29,282.6,268.4,270.3,270.9,270.9,274.6,272.5,275.1,273.7,273.39,278.0,278.0,262.71,263.11,263.11,272.0,271.61,269.8,265.71,264.8,264.8,271.11,279.2
2021-08-04 00:00:00,290.0,289.89,289.6,289.7,289.5,289.6,289.6,289.6,289.7,289.6,289.39,290.0,289.89,289.6,289.7,289.5,289.79,289.79,289.79,289.6,289.5,289.29,289.89,289.89,290.0,289.7,289.89,289.89,289.7,289.89,289.79,289.39,289.5,290.0,289.7,290.2,289.79,289.79,289.79,289.6,289.79,289.79,289.5,289.5,290.0,290.0,290.0,289.79,289.89,290.0,289.79,289.6,289.89,289.89,289.7,289.79,289.79,289.89,289.79,289.79,289.89,289.79,289.7,289.7,289.79,289.7,289.7,289.7,289.7,289.79,289.79,289.89,289.79,289.79,289.7,289.79,289.7,289.7,289.7,289.7,289.79,289.89,289.89,289.7,289.79,289.7,289.89,289.7,289.79,289.5,289.5,289.7,289.7,289.7,289.6,289.6,289.7,289.89,289.7,289.7,289.6,289.6,289.6,289.79,289.6,289.6,289.79,289.6,289.7,289.7,289.5,289.7,289.7,289.6,289.6,289.5,289.7,289.7,289.7,289.6,289.6
2021-06-11 10:00:00,269.8,271.9,272.3,271.5,272.0,269.21,269.9,269.9,271.61,269.3,269.61,269.8,271.9,272.3,271.5,272.0,275.0,275.0,275.2,274.2,272.9,270.11,269.21,268.71,271.61,274.7,276.39,276.39,277.6,276.5,276.29,276.89,276.5,265.0,267.9,274.5,277.79,277.79,279.7,279.1,277.89,278.2,280.0,280.0,269.3,269.5,269.5,274.89,280.7,279.89,279.0,280.39,281.39,281.39,280.0,271.0,271.0,272.5,277.79,281.39,279.5,278.6,281.1,281.1,284.0,281.39,274.6,275.29,276.1,279.89,281.39,279.5,278.6,278.6,281.1,284.0,281.39,274.6,275.29,276.1,279.89,280.7,280.7,279.7,279.1,281.29,284.5,282.1,276.39,278.5,280.5,282.1,282.1,280.29,279.79,280.0,282.5,284.1,282.2,280.6,280.39,281.6,281.6,282.1,282.79,283.1,283.39,284.89,285.0,285.0,284.7,282.39,282.39,282.5,284.0,285.89,286.7,287.5,287.5,287.1,285.89
2021-06-17 09:00:00,269.0,269.0,270.4,271.8,273.39,277.29,277.89,277.89,277.39,276.7,276.5,269.0,269.0,270.4,271.8,273.39,274.89,274.89,275.6,274.7,274.39,274.2,268.4,267.71,268.4,269.61,271.0,271.0,271.3,271.4,272.0,272.71,272.8,267.8,267.3,267.11,267.8,267.8,268.71,267.71,267.5,269.4,270.8,270.8,266.11,267.3,267.3,267.71,266.8,266.11,265.11,266.3,267.61,267.61,269.11,266.0,266.0,266.4,266.9,266.0,263.71,263.4,265.61,265.61,266.5,267.8,267.0,266.4,265.61,265.3,266.0,263.71,263.4,263.4,265.61,266.5,267.8,267.0,266.4,265.61,265.3,264.21,264.21,263.5,263.11,264.0,265.61,267.3,266.5,264.9,264.61,263.8,263.8,263.3,262.4,263.61,264.3,264.4,266.9,263.8,263.71,263.0,263.0,263.3,262.0,261.61,264.11,265.21,264.61,264.61,262.11,262.61,262.61,262.4,262.4,260.9,263.0,264.0,264.0,265.71,265.21
2021-07-17 07:00:00,236.11,240.11,244.9,257.71,273.79,265.11,270.61,270.61,277.1,283.39,284.89,236.11,240.11,244.9,257.71,273.79,280.0,280.0,281.6,282.5,284.79,287.0,250.2,257.3,260.3,270.3,281.2,281.2,285.7,287.89,287.6,288.2,289.39,262.0,270.8,276.29,279.89,279.89,285.7,288.79,290.89,291.5,291.6,291.6,268.61,277.6,277.6,281.2,286.39,289.0,291.2,292.0,292.6,292.6,292.5,275.6,275.6,280.29,284.39,289.5,290.7,291.39,291.6,291.6,292.0,291.79,272.8,279.6,283.29,287.2,289.5,290.7,291.39,291.39,291.6,292.0,291.79,272.8,279.6,283.29,287.2,290.29,290.29,290.79,290.6,291.0,291.29,291.1,279.0,281.79,285.79,289.1,289.1,290.29,289.7,289.7,290.1,290.6,290.5,282.29,286.6,288.2,288.2,289.6,290.0,289.39,289.7,290.1,290.2,290.2,285.2,288.5,288.5,290.2,290.5,289.39,289.5,290.0,290.0,289.89,290.29
2021-06-14 22:00:00,204.5,204.2,204.0,204.39999999999998,205.5,204.5,204.11,204.11,204.5,205.31,206.31,204.5,204.2,204.0,204.39999999999998,205.5,204.5,204.5,203.89999999999998,204.2,205.7,206.9,204.9,204.61,204.31,204.7,205.5,205.5,204.5,204.11,204.39999999999998,205.2,207.5,206.2,204.81,204.39999999999998,205.0,205.0,205.5,204.9,204.39999999999998,204.9,206.4,206.4,205.81,205.61,205.61,205.31,205.61,205.81,205.5,204.9,205.7,205.7,207.5,205.61,205.61,206.2,206.4,206.4,206.11,206.2,206.11,206.11,206.81,208.0,207.5,206.81,207.11,207.0,206.4,206.11,206.2,206.2,206.11,206.81,208.0,207.5,206.81,207.11,207.0,207.11,207.11,206.81,206.81,207.4,208.0,209.2,207.81,207.9,207.9,208.11,208.11,207.7,207.9,207.7,208.61,209.5,210.4,207.81,207.9,208.4,208.4,208.2,208.2,208.9,209.11,209.31,210.4,210.4,207.7,207.61,207.61,208.4,208.5,208.61,209.4,210.0,210.0,210.61,210.9
2021-06-29 07:00:00,274.29,270.21,267.61,271.5,275.0,277.39,276.29,276.29,276.2,278.1,280.39,274.29,270.21,267.61,271.5,275.0,276.29,276.29,276.0,274.6,277.79,279.2,270.0,269.61,268.9,271.61,276.2,276.2,275.79,274.6,275.0,276.39,277.7,270.9,270.5,271.8,273.0,273.0,275.29,276.0,273.6,274.5,274.2,274.2,273.89,274.79,274.79,274.89,274.7,275.7,276.2,274.5,272.71,272.71,271.61,276.7,276.7,277.7,276.7,276.2,276.7,276.39,275.1,275.1,271.5,269.3,274.29,277.5,278.5,277.89,276.2,276.7,276.39,276.39,275.1,271.5,269.3,274.29,277.5,278.5,277.89,279.0,279.0,277.1,274.5,272.8,271.0,270.5,275.2,276.6,277.7,278.7,278.7,280.0,277.7,272.11,270.71,270.5,271.3,274.5,274.1,275.1,275.1,275.1,277.29,278.1,271.21,269.3,269.9,269.9,273.1,271.9,271.9,271.5,272.9,273.89,273.7,271.11,271.11,269.5,268.71
2021-07-15 11:00:00,209.5,210.31,210.81,209.81,208.81,207.9,208.31,208.31,208.0,207.81,208.2,209.5,210.31,210.81,209.81,208.81,208.81,208.81,208.11,208.81,209.5,208.81,210.31,210.7,210.5,209.5,209.31,209.31,209.11,209.0,209.31,210.0,210.0,210.5,210.4,210.4,209.4,209.4,208.9,209.5,209.11,209.5,210.5,210.5,209.7,209.4,209.4,209.11,209.0,208.81,208.4,208.61,209.11,209.11,209.7,210.61,210.61,209.61,209.0,209.81,209.0,208.31,208.61,208.61,209.11,209.11,216.0,213.61,211.61,211.11,209.81,209.0,208.31,208.31,208.61,209.11,209.11,216.0,213.61,211.61,211.11,211.11,211.11,210.0,208.9,209.4,210.0,209.61,222.31,218.2,215.9,214.7,214.7,213.9,212.81,211.9,212.2,212.4,212.31,230.2,224.81,221.11,221.11,219.2,217.61,218.4,219.5,219.0,218.4,218.4,239.2,236.0,236.0,228.81,224.2,224.7,227.4,228.5,228.5,227.5,226.11
2021-06-14 02:00:00,224.61,223.31,222.9,223.4,222.9,222.7,220.5,220.5,219.9,219.81,219.2,224.61,223.31,222.9,223.4,222.9,221.31,221.31,220.5,220.5,220.11,220.11,222.5,221.9,222.4,221.7,220.81,220.81,220.7,220.61,220.9,221.2,220.9,220.81,220.81,221.31,220.11,220.11,219.31,219.81,220.61,220.61,221.61,221.61,220.9,221.11,221.11,220.7,218.81,218.9,218.9,219.61,220.31,220.31,220.0,221.4,221.4,221.81,219.7,218.81,218.2,218.5,219.7,219.7,219.4,220.7,221.5,220.5,220.4,220.31,218.81,218.2,218.5,218.5,219.7,219.4,220.7,221.5,220.5,220.4,220.31,218.9,218.9,218.9,219.61,219.61,219.61,220.81,221.31,220.2,220.0,219.7,219.7,220.31,221.11,221.4,222.61,222.11,222.9,220.31,221.11,221.31,221.31,221.4,222.7,223.31,224.5,226.61,227.2,227.2,219.5,221.5,221.5,223.5,224.31,225.2,227.5,227.9,227.9,230.11,232.81
2021-08-09 23:00:00,292.6,293.0,293.2,293.1,293.2,292.79,293.1,293.1,293.6,293.89,294.0,292.6,293.0,293.2,293.1,293.2,292.7,292.7,293.1,293.6,293.7,293.79,291.7,292.39,292.6,292.89,293.2,293.2,292.89,293.1,293.6,293.5,293.5,290.6,291.5,292.1,292.6,292.6,292.89,293.0,293.2,293.29,293.1,293.1,289.6,290.79,290.79,291.29,292.29,292.7,292.79,293.0,292.89,292.89,291.89,288.6,288.6,289.79,290.6,291.79,292.0,292.2,292.79,292.79,292.1,291.1,282.79,287.39,288.7,289.7,291.79,292.0,292.2,292.2,292.79,292.1,291.1,282.79,287.39,288.7,289.7,291.5,291.5,290.39,291.2,292.0,291.2,291.79,278.39,285.0,288.1,289.1,289.1,290.89,289.0,290.6,290.79,291.1,291.89,273.5,281.89,287.0,287.0,288.6,289.1,289.1,291.0,289.6,291.89,291.89,268.71,277.7,277.7,285.89,287.2,286.79,289.79,290.89,290.89,290.29,292.29
2021-08-24 01:00:00,262.71,265.9,265.21,260.71,258.61,255.11,255.5,255.5,258.11,258.71,256.11,262.71,265.9,265.21,260.71,258.61,258.11,258.11,260.5,263.61,262.4,261.61,266.4,269.0,268.11,265.61,265.11,265.11,264.9,266.11,266.61,265.8,266.9,270.5,271.9,272.0,270.0,270.0,272.21,272.0,271.8,270.21,270.71,270.71,278.0,277.29,277.29,277.89,276.0,275.1,276.89,278.1,275.79,275.79,276.1,283.2,283.2,283.1,282.0,280.5,279.5,279.89,280.79,280.79,280.2,281.29,286.29,286.0,285.5,284.5,280.5,279.5,279.89,279.89,280.79,280.2,281.29,286.29,286.0,285.5,284.5,284.2,284.2,284.2,283.79,284.0,283.79,283.79,288.0,287.7,286.79,287.1,287.1,287.7,287.6,287.6,287.6,286.89,286.1,288.5,288.1,288.29,288.29,288.7,289.1,289.29,289.29,289.0,288.6,288.6,288.7,288.89,288.89,289.2,289.29,289.2,289.2,289.29,289.29,289.2,288.7
2021-08-06 04:00:00,274.5,272.0,271.21,275.6,281.7,282.7,281.5,281.5,277.29,280.6,280.7,274.5,272.0,271.21,275.6,281.7,284.7,284.7,283.89,279.1,274.0,279.39,269.4,268.0,267.61,272.8,277.89,277.89,282.29,284.5,281.89,272.71,278.1,268.9,266.71,268.0,271.0,271.0,276.39,278.79,281.29,283.6,278.29,278.29,273.0,273.1,273.1,275.6,273.2,274.5,275.1,278.39,284.1,284.1,284.2,278.6,278.6,281.39,280.2,277.29,274.79,272.0,275.0,275.0,283.79,285.39,282.0,284.39,283.1,280.7,277.29,274.79,272.0,272.0,275.0,283.79,285.39,282.0,284.39,283.1,280.7,279.29,279.29,276.6,273.39,274.2,279.5,283.29,284.39,285.5,280.2,276.89,276.89,278.79,277.6,273.7,272.0,273.5,278.7,277.79,273.79,267.11,267.11,272.21,275.2,270.71,268.3,267.11,268.4,268.4,266.5,254.9,254.9,252.11,264.3,267.9,263.71,260.8,260.8,257.9,262.11
2021-08-30 05:00:00,261.11,262.8,259.9,259.8,260.61,264.4,266.3,266.3,268.5,269.61,269.71,261.11,262.8,259.9,259.8,260.61,264.11,264.11,266.11,264.4,261.0,261.8,257.9,257.5,257.0,257.71,257.71,257.71,262.21,262.5,259.3,256.71,256.11,253.11,252.9,253.61,254.0,254.0,256.0,258.3,256.61,254.5,252.81,252.81,252.31,252.7,252.7,252.31,252.11,253.4,254.0,252.81,251.5,251.5,250.81,252.31,252.31,253.61,253.2,251.2,250.5,250.61,250.9,250.9,250.81,250.61,250.5,251.81,252.81,252.4,251.2,250.5,250.61,250.61,250.9,250.81,250.61,250.5,251.81,252.81,252.4,251.11,251.11,250.2,250.61,250.31,250.61,250.61,250.9,251.81,251.9,251.31,251.31,250.9,251.4,251.81,251.5,251.11,251.81,250.9,252.7,252.2,252.2,251.2,251.4,252.81,252.4,252.11,253.11,253.11,250.61,252.81,252.81,252.5,252.31,252.7,252.9,253.31,253.31,254.31,254.9
2021-06-08 09:00:00,285.29,285.29,284.89,283.6,284.2,286.5,285.7,285.7,283.89,283.89,282.79,285.29,285.29,284.89,283.6,284.2,282.2,282.2,281.0,283.39,283.7,284.29,281.29,281.5,279.29,279.1,280.2,280.2,279.6,280.2,282.0,284.0,285.1,277.5,278.89,276.79,276.79,276.79,277.39,278.7,279.89,280.6,281.29,281.29,278.5,277.29,277.29,277.0,277.39,279.7,279.2,277.89,278.0,278.0,278.7,279.89,279.89,278.7,280.0,279.79,280.29,279.2,275.89,275.89,273.29,273.1,284.2,284.39,282.79,282.89,279.79,280.29,279.2,279.2,275.89,273.29,273.1,284.2,284.39,282.79,282.89,282.1,282.1,280.0,278.6,274.39,268.61,265.9,284.5,287.0,284.5,282.29,282.29,281.39,279.0,276.39,271.0,266.21,259.21,281.1,281.29,281.7,281.7,280.7,278.5,276.1,271.0,265.21,261.9,261.9,278.39,279.29,279.29,279.29,277.29,276.7,271.9,265.4,265.4,262.0,258.4
2021-08-19 23:00:00,246.7,247.31,247.9,249.11,249.81,250.31,250.2,250.2,250.5,250.9,251.5,246.7,247.31,247.9,249.11,249.81,250.11,250.11,250.11,250.4,251.5,253.2,247.9,248.7,248.7,249.31,249.61,249.61,250.5,250.5,250.9,252.31,253.5,248.61,249.81,249.5,249.4,249.4,250.31,250.81,251.4,251.9,253.11,253.11,249.4,250.0,250.0,249.4,249.81,250.81,250.81,251.5,253.11,253.11,255.2,249.4,249.4,250.0,248.7,250.4,250.9,250.7,251.81,251.81,253.61,257.0,245.9,247.2,248.5,250.11,250.4,250.9,250.7,250.7,251.81,253.61,257.0,245.9,247.2,248.5,250.11,250.5,250.5,250.0,251.2,252.7,254.5,256.21,245.2,245.61,247.2,249.7,249.7,250.11,250.0,251.11,253.11,254.61,254.5,244.7,245.61,247.5,247.5,248.5,249.0,249.11,250.61,252.2,252.2,252.2,244.5,245.7,245.7,247.81,247.81,247.31,248.0,249.4,249.4,249.11,248.81
2021-07-02 04:00:00,266.11,261.5,261.4,250.11,239.2,234.7,236.2,236.2,240.2,245.81,250.31,266.11,261.5,261.4,250.11,239.2,243.31,243.31,247.61,248.81,244.11,245.5,263.0,258.4,256.11,248.0,246.2,246.2,252.9,254.5,252.4,247.11,253.5,264.11,259.8,249.0,247.2,247.2,257.0,260.61,255.9,254.9,260.9,260.9,275.89,270.11,270.11,257.8,253.4,253.61,258.0,263.4,265.3,265.3,268.5,284.39,284.39,280.0,272.21,260.11,252.4,257.0,271.0,271.0,276.1,276.29,283.5,284.39,283.6,275.0,260.11,252.4,257.0,257.0,271.0,276.1,276.29,283.5,284.39,283.6,275.0,266.3,266.3,267.21,270.9,276.6,282.6,282.6,286.2,284.79,284.2,277.29,277.29,272.3,275.2,282.6,285.39,285.1,285.89,287.7,285.89,283.89,283.89,280.0,278.6,280.89,285.2,286.79,287.7,287.7,288.79,286.6,286.6,284.6,284.7,285.39,285.79,286.6,286.6,287.79,289.7
2021-07-03 10:00:00,288.1,287.2,285.1,283.6,281.0,285.0,286.2,286.2,287.39,287.6,287.6,288.1,287.2,285.1,283.6,281.0,279.79,279.79,284.2,286.29,287.2,287.39,288.6,286.89,283.6,280.5,277.6,277.6,276.5,282.0,284.1,285.5,287.0,288.6,287.0,282.29,279.6,279.6,275.89,276.1,279.5,282.7,285.0,285.0,286.39,285.29,285.29,282.5,278.5,277.89,276.89,275.5,281.0,281.0,287.0,279.7,279.7,283.79,280.5,278.29,280.89,277.29,275.39,275.39,279.6,284.39,279.89,276.5,279.89,279.0,278.29,280.89,277.29,277.29,275.39,279.6,284.39,279.89,276.5,279.89,279.0,280.39,280.39,282.79,278.5,277.0,279.2,282.79,275.39,274.29,276.2,279.89,279.89,282.89,283.29,279.39,276.7,278.1,281.7,272.0,278.1,274.1,274.1,281.39,283.7,281.2,279.6,275.2,273.89,273.89,273.2,270.4,270.4,276.0,284.2,283.29,279.7,277.7,277.7,269.61,271.3
2021-07-23 02:00:00,290.0,290.2,290.29,288.79,286.5,288.39,288.79,288.79,287.79,286.39,287.5,290.0,290.2,290.29,288.79,286.5,285.0,285.0,284.2,283.29,283.29,284.79,288.39,287.79,287.0,286.79,284.7,284.7,283.1,281.5,277.0,277.89,283.2,286.5,285.29,284.79,284.6,284.6,283.89,281.89,275.29,271.21,276.29,276.29,285.7,285.79,285.79,284.5,283.79,282.39,279.5,271.61,270.71,270.71,277.6,287.7,287.7,286.39,284.7,284.1,281.29,276.39,268.5,268.5,272.3,279.1,286.39,287.29,286.6,285.6,284.1,281.29,276.39,276.39,268.5,272.3,279.1,286.39,287.29,286.6,285.6,284.0,284.0,280.6,272.3,267.11,274.29,281.7,287.29,286.79,285.39,284.6,284.6,283.29,276.7,269.61,272.4,277.1,282.29,285.79,286.39,286.0,286.0,283.29,280.2,274.89,267.9,270.9,278.29,278.29,285.39,285.89,285.89,285.89,283.2,278.0,273.6,269.11,269.11,271.4,279.6
2021-06-13 10:00:00,256.5,266.21,271.71,273.5,277.89,274.7,276.89,276.89,280.2,284.1,287.7,256.5,266.21,271.71,273.5,277.89,281.6,281.6,284.2,285.0,286.0,288.1,266.21,274.79,279.0,282.2,284.7,284.7,287.2,288.89,288.29,288.6,289.5,274.0,281.1,285.89,287.39,287.39,289.39,290.7,291.1,290.79,290.5,290.5,279.79,285.6,285.6,287.79,290.1,290.89,291.29,291.1,292.39,292.39,291.6,283.79,283.79,286.89,289.1,290.2,290.7,290.39,292.29,292.29,293.0,290.6,287.39,287.7,288.2,289.7,290.2,290.7,290.39,290.39,292.29,293.0,290.6,287.39,287.7,288.2,289.7,289.39,289.39,289.39,291.6,292.29,291.89,290.79,292.0,292.0,289.79,286.0,286.0,287.79,290.5,291.1,290.7,290.1,290.79,292.5,291.6,290.39,290.39,289.39,288.0,288.5,289.29,289.2,289.0,289.0,290.2,290.6,290.6,291.5,290.6,289.2,288.2,287.0,287.0,286.79,286.29
2021-06-19 01:00:00,279.1,280.39,284.79,286.0,287.39,287.7,289.79,289.79,291.7,292.2,291.89,279.1,280.39,284.79,286.0,287.39,289.2,289.2,291.6,292.6,292.39,292.1,281.5,282.29,283.1,289.2,291.6,291.6,291.5,292.39,293.2,293.29,292.79,284.5,283.0,285.7,290.79,290.79,293.5,293.89,293.79,293.6,293.5,293.5,284.79,286.89,286.89,290.0,291.39,293.0,293.79,294.1,293.6,293.6,293.29,288.5,288.5,290.7,291.5,292.39,292.29,293.0,293.5,293.5,293.29,292.1,288.5,291.6,291.5,291.6,292.39,292.29,293.0,293.0,293.5,293.29,292.1,288.5,291.6,291.5,291.6,292.79,292.79,292.6,292.79,292.6,291.89,291.29,291.6,292.39,292.6,292.39,292.39,292.79,293.2,292.7,291.39,290.6,290.5,294.1,294.2,293.39,293.39,292.7,293.29,292.79,291.89,290.89,290.5,290.5,294.6,294.2,294.2,293.5,293.39,293.39,292.0,291.0,291.0,290.7,290.39
2021-08-02 03:00:00,292.7,292.7,292.89,292.89,292.7,292.5,292.5,292.5,292.5,292.39,292.29,292.7,292.7,292.89,292.89,292.7,292.79,292.79,292.5,292.6,292.7,292.2,292.5,292.79,292.89,293.2,293.0,293.0,292.79,292.89,292.79,292.6,292.39,292.2,292.7,293.2,293.2,293.2,293.1,292.89,293.1,292.79,292.2,292.2,292.6,292.7,292.7,292.89,293.29,293.1,293.0,292.7,292.5,292.5,292.39,292.39,292.39,292.7,292.6,293.1,293.2,292.79,292.39,292.39,292.29,292.0,292.29,292.1,292.7,292.7,293.1,293.2,292.79,292.79,292.39,292.29,292.0,292.29,292.1,292.7,292.7,292.89,292.89,292.7,292.6,292.1,291.89,292.0,292.39,292.39,292.6,292.39,292.39,292.7,292.5,292.39,292.2,291.7,291.6,292.5,292.39,292.39,292.39,292.39,292.7,292.5,292.39,292.1,291.7,291.7,292.79,292.5,292.5,292.29,292.39,292.7,292.6,292.29,292.29,292.1,292.0
2021-07-05 08:00:00,261.11,260.71,259.5,257.4,255.61,248.81,247.2,247.2,247.61,245.4,249.4,261.11,260.71,259.5,257.4,255.61,254.5,254.5,253.9,256.21,254.7,255.81,259.3,259.71,259.61,260.4,262.61,262.61,261.9,261.11,262.8,262.61,260.8,259.21,259.11,260.4,263.4,263.4,267.3,268.3,267.3,267.61,267.11,267.11,262.3,262.21,262.21,263.21,264.8,267.61,271.5,271.3,270.5,270.5,268.9,266.4,266.4,265.71,265.4,265.4,268.71,272.61,272.61,272.61,271.8,270.9,269.21,269.21,267.61,266.8,265.4,268.71,272.61,272.61,272.61,271.8,270.9,269.21,269.21,267.61,266.8,267.9,267.9,268.71,270.9,272.0,271.8,271.71,273.0,271.5,269.9,270.0,270.0,270.9,269.61,269.9,271.4,272.61,272.21,276.2,274.1,273.29,273.29,271.3,274.1,274.2,271.61,272.8,273.1,273.1,278.2,277.39,277.39,275.6,274.79,276.6,277.89,274.79,274.79,273.29,273.79
2021-07-17 06:00:00,224.2,231.31,247.31,266.8,282.2,285.2,288.6,288.6,289.6,289.6,289.79,224.2,231.31,247.31,266.8,282.2,288.39,288.39,289.29,289.29,289.5,290.0,230.11,238.61,252.7,272.61,286.39,286.39,289.39,289.5,289.2,289.39,290.2,239.7,247.4,262.11,276.6,276.6,287.0,289.2,289.6,289.1,289.7,289.7,255.2,263.0,263.0,272.0,280.7,285.1,288.39,289.0,290.0,290.0,290.5,270.0,270.0,277.5,280.6,284.29,286.1,287.2,289.0,289.0,290.79,290.7,274.6,279.29,284.1,286.6,284.29,286.1,287.2,287.2,289.0,290.79,290.7,274.6,279.29,284.1,286.6,287.79,287.79,288.29,289.0,290.2,290.5,290.39,285.29,285.89,287.89,289.6,289.6,290.0,290.39,291.1,290.6,290.29,290.0,290.0,290.79,290.79,290.79,290.5,290.2,290.7,290.7,290.29,290.1,290.1,290.7,291.89,291.89,291.6,290.5,289.89,290.0,290.1,290.1,289.89,290.0
2021-08-31 05:00:00,265.4,266.11,268.21,272.8,274.0,279.0,283.79,283.79,287.79,283.0,279.1,265.4,266.11,268.21,272.8,274.0,276.6,276.6,281.29,278.79,272.3,268.0,264.9,265.21,265.21,271.0,274.2,274.2,270.21,273.1,270.11,263.3,257.3,266.3,265.5,265.0,270.71,270.71,270.9,265.21,265.11,263.3,258.4,258.4,269.5,261.8,261.8,266.71,267.8,266.21,261.11,259.61,257.5,257.5,254.2,269.4,269.4,265.11,266.8,269.5,265.5,260.0,256.11,256.11,254.0,252.0,268.9,270.5,270.71,273.5,269.5,265.5,260.0,260.0,256.11,254.0,252.0,268.9,270.5,270.71,273.5,268.5,268.5,263.11,258.8,259.0,256.3,249.9,265.21,272.11,276.39,277.29,277.29,268.11,260.8,259.5,266.61,260.9,251.0,268.21,275.1,276.7,276.7,276.2,270.5,265.71,266.71,270.61,265.21,265.21,272.71,276.2,276.2,275.5,272.11,270.9,271.5,271.9,271.9,271.3,269.5
2021-06-26 08:00:00,270.0,267.21,264.8,267.3,268.21,264.0,262.4,262.4,260.21,257.61,255.5,270.0,267.21,264.8,267.3,268.21,264.21,264.21,264.0,261.8,259.11,258.9,274.29,272.21,271.4,268.9,264.9,264.9,267.11,266.21,261.0,260.61,261.71,278.79,275.6,273.29,269.61,269.61,266.8,267.11,265.11,260.21,257.4,257.4,279.0,277.2,277.2,273.7,269.5,266.21,263.0,258.3,256.4,256.4,257.0,277.2,277.2,274.7,273.0,267.8,263.71,258.21,254.31,254.31,253.11,253.0,275.5,277.2,272.4,270.21,267.8,263.71,258.21,258.21,254.31,253.11,253.0,275.5,277.2,272.4,270.21,265.0,265.0,259.3,254.7,251.81,249.11,248.11,271.9,269.0,269.61,267.71,267.71,260.21,254.81,251.0,248.9,247.81,246.61,262.8,257.0,261.0,261.0,257.9,254.9,252.61,251.0,250.9,250.2,250.2,253.11,251.7,251.7,249.0,249.2,251.0,253.61,254.0,254.0,254.81,255.5
2021-07-11 10:00:00,274.89,279.39,279.7,279.0,283.2,283.6,281.0,281.0,275.6,266.71,264.71,274.89,279.39,279.7,279.0,283.2,283.79,283.79,278.2,267.3,261.71,259.9,279.0,280.0,278.6,278.1,280.5,280.5,278.39,269.71,261.8,257.71,255.61,278.5,280.0,279.29,276.2,276.2,276.6,270.61,265.21,257.9,255.31,255.31,277.39,276.89,276.89,275.0,273.29,272.3,266.3,263.4,258.71,258.71,257.8,278.5,278.5,272.5,269.4,270.4,268.8,265.3,262.3,262.3,261.4,259.8,278.7,273.1,268.9,267.11,270.4,268.8,265.3,265.3,262.3,261.4,259.8,278.7,273.1,268.9,267.11,265.61,265.61,267.0,267.4,265.5,263.11,259.5,276.2,269.21,264.11,261.11,261.11,262.0,265.61,270.3,268.5,263.5,260.4,272.9,265.9,257.61,257.61,257.0,261.5,268.3,270.11,267.3,261.8,261.8,267.8,259.61,259.61,254.9,254.9,263.3,270.0,268.4,268.4,262.9,258.8
2021-07-06 11:00:00,247.2,247.11,246.5,244.2,243.2,246.0,247.2,247.2,247.9,247.31,243.61,247.2,247.11,246.5,244.2,243.2,246.2,246.2,248.9,249.81,249.81,244.81,249.2,249.2,248.61,245.5,245.0,245.0,248.2,250.2,250.4,251.9,246.2,251.0,251.31,248.61,246.81,246.81,247.2,250.4,251.4,251.11,251.0,251.0,251.5,251.81,251.81,248.4,246.5,248.4,251.7,251.4,250.2,250.2,250.11,250.7,250.7,251.31,247.7,246.2,249.0,252.31,251.0,251.0,248.7,249.5,246.4,249.7,249.4,245.7,246.2,249.0,252.31,252.31,251.0,248.7,249.5,246.4,249.7,249.4,245.7,246.81,246.81,249.9,251.7,249.81,248.61,248.31,245.4,248.11,247.2,245.11,245.11,247.61,249.9,250.9,249.7,249.11,247.81,244.7,246.2,246.7,246.7,246.7,248.61,249.81,249.61,249.81,249.5,249.5,243.9,245.2,245.2,246.5,248.11,249.7,249.2,248.9,248.9,250.4,250.11
2021-07-22 00:00:00,290.6,288.89,290.39,290.2,289.0,284.1,281.7,281.7,284.6,285.6,284.0,290.6,288.89,290.39,290.2,289.0,286.5,286.5,286.29,285.6,283.0,280.89,291.7,290.7,291.0,291.29,290.1,290.1,289.29,288.1,284.6,281.5,280.6,291.89,291.1,291.29,290.7,290.7,290.6,290.1,287.29,284.29,283.1,283.1,289.6,288.79,288.79,289.6,289.2,286.39,285.0,283.2,283.29,283.29,284.29,284.79,284.79,284.39,285.1,286.5,283.2,278.2,276.6,276.6,281.5,283.89,279.1,279.6,279.2,276.7,286.5,283.2,278.2,278.2,276.6,281.5,283.89,279.1,279.6,279.2,276.7,282.6,282.6,283.0,275.6,276.39,278.29,281.6,272.8,272.71,273.2,273.6,273.6,279.39,280.1,276.7,274.89,275.5,276.5,268.3,266.8,267.21,267.21,273.5,278.79,278.7,276.79,274.7,270.21,270.21,265.61,263.11,263.11,265.71,274.7,281.0,279.1,275.89,275.89,274.7,264.5
2021-07-23 22:00:00,272.11,268.21,270.4,273.89,273.7,269.3,266.8,266.8,266.71,266.61,268.21,272.11,268.21,270.4,273.89,273.7,267.61,267.61,265.61,265.4,266.3,269.0,271.3,269.0,272.3,276.1,272.4,272.4,266.3,265.21,265.5,265.9,266.3,269.8,269.61,274.29,277.1,277.1,270.3,265.71,265.9,266.5,265.4,265.4,268.71,271.11,271.11,273.6,274.5,269.5,266.71,266.3,266.71,266.71,267.21,268.3,268.3,272.11,272.4,271.71,270.9,268.71,267.0,267.0,268.3,269.3,268.71,270.3,271.11,272.4,271.71,270.9,268.71,268.71,267.0,268.3,269.3,268.71,270.3,271.11,272.4,271.61,271.61,270.8,270.11,271.3,271.11,271.8,268.5,268.11,270.71,272.4,272.4,272.0,270.61,272.21,274.0,273.6,274.89,269.3,268.3,271.11,271.11,272.9,273.7,272.8,273.5,276.39,276.29,276.29,270.4,270.21,270.21,272.11,275.39,277.6,274.79,276.5,276.5,277.79,278.79
2021-08-26 04:00:00,231.2,229.61,227.7,229.4,232.0,237.61,240.31,240.31,242.81,244.9,244.9,231.2,229.61,227.7,229.4,232.0,233.5,233.5,234.2,237.5,240.5,238.4,232.0,229.5,226.9,225.11,226.61,226.61,229.0,229.11,232.81,234.61,234.0,234.4,232.61,227.31,223.7,223.7,224.11,225.11,225.7,229.2,229.81,229.81,239.9,236.9,236.9,231.81,229.61,227.31,224.4,224.7,228.61,228.61,227.5,246.61,246.61,241.81,240.61,236.9,232.0,226.31,226.31,226.31,228.9,229.4,254.9,250.31,248.2,247.61,236.9,232.0,226.31,226.31,226.31,228.9,229.4,254.9,250.31,248.2,247.61,243.81,243.81,235.61,232.11,233.0,229.9,228.9,259.11,252.81,253.61,253.61,253.61,248.81,240.0,238.31,235.81,233.7,229.11,260.8,256.21,256.4,256.4,258.11,249.11,244.5,237.61,235.61,238.81,238.81,262.8,256.61,256.61,260.0,258.9,251.4,241.81,237.61,237.61,239.4,242.4
2021-06-16 11:00:00,282.5,284.39,285.1,284.7,282.6,284.0,282.1,282.1,282.29,284.29,284.6,282.5,284.39,285.1,284.7,282.6,284.1,284.1,283.5,280.6,284.2,283.79,284.0,283.89,283.89,284.0,283.7,283.7,284.1,283.89,280.5,282.6,283.5,284.89,284.2,283.0,283.7,283.7,284.1,284.29,284.1,281.1,281.0,281.0,285.29,285.1,285.1,283.5,283.5,284.2,284.2,283.2,282.7,282.7,280.7,286.0,286.0,285.6,284.1,283.39,283.79,284.29,281.89,281.89,283.79,283.0,285.79,285.7,285.29,284.2,283.39,283.79,284.29,284.29,281.89,283.79,283.0,285.79,285.7,285.29,284.2,283.29,283.29,283.7,284.5,281.29,284.2,284.29,285.6,285.5,284.89,283.89,283.89,283.7,283.89,284.39,282.1,284.29,284.7,284.79,284.6,283.89,283.89,283.29,283.79,284.7,284.29,283.39,284.5,284.5,283.79,282.79,282.79,282.0,282.79,283.6,284.1,284.79,284.79,284.7,285.0
2021-08-20 02:00:00,229.7,228.2,227.7,227.4,227.31,228.0,229.0,229.0,228.81,229.0,230.0,229.7,228.2,227.7,227.4,227.31,228.31,228.31,228.31,229.61,230.11,230.81,229.0,227.9,226.81,227.0,227.11,227.11,227.9,229.5,229.9,230.11,230.81,229.2,227.2,226.4,226.4,226.4,227.0,228.2,229.11,230.5,230.81,230.81,228.4,226.9,226.9,226.4,226.9,227.9,228.9,229.81,230.81,230.81,231.4,228.2,228.2,226.61,226.0,227.4,229.11,230.11,230.7,230.7,231.11,231.2,228.7,227.4,227.4,226.9,227.4,229.11,230.11,230.11,230.7,231.11,231.2,228.7,227.4,227.4,226.9,227.7,227.7,229.7,230.5,231.11,231.11,231.61,227.9,227.31,228.11,227.81,227.81,228.31,230.2,230.9,231.0,231.11,231.11,228.5,228.31,227.7,227.7,227.4,228.7,230.9,230.9,230.7,229.81,229.81,228.81,228.2,228.2,227.2,227.11,228.9,230.5,230.9,230.9,229.61,228.9
2021-07-04 07:00:00,252.11,253.81,252.5,251.0,251.9,253.11,254.2,254.2,255.5,256.8,259.11,252.11,253.81,252.5,251.0,251.9,254.11,254.11,255.5,257.61,259.21,260.9,251.31,253.2,251.81,251.11,253.31,253.31,256.8,260.3,260.61,258.9,257.71,247.9,248.4,249.11,249.4,249.4,254.31,258.11,262.9,262.8,255.61,255.61,241.61,241.2,241.2,242.81,246.9,253.4,257.21,258.8,260.8,260.8,257.5,234.4,234.4,234.31,239.5,245.2,248.7,254.4,256.71,256.71,257.11,256.11,231.4,229.4,232.4,237.31,245.2,248.7,254.4,254.4,256.71,257.11,256.11,231.4,229.4,232.4,237.31,242.0,242.0,246.31,248.4,252.11,254.31,255.4,227.11,228.61,231.5,235.5,235.5,240.11,242.0,243.4,248.61,251.4,254.2,228.61,231.61,235.0,235.0,238.81,240.2,240.4,246.0,249.0,250.5,250.5,233.11,235.31,235.31,241.11,244.31,242.0,242.61,249.2,249.2,251.31,250.5
2021-06-23 02:00:00,294.89,294.6,294.79,294.7,294.7,294.39,294.2,294.2,293.7,293.29,292.89,294.89,294.6,294.79,294.7,294.7,294.29,294.29,293.89,293.6,293.0,292.39,294.5,294.39,294.29,294.39,294.39,294.39,294.1,293.6,293.29,293.0,292.1,294.29,294.1,293.89,294.1,294.1,294.2,293.7,293.89,293.0,292.6,292.6,293.89,293.7,293.7,293.79,293.89,293.79,293.6,293.2,292.7,292.7,291.89,293.7,293.7,293.5,293.5,293.79,293.5,293.2,292.79,292.79,292.2,290.79,293.89,293.6,293.39,293.39,293.79,293.5,293.2,293.2,292.79,292.2,290.79,293.89,293.6,293.39,293.39,293.5,293.5,293.1,292.7,292.1,291.1,290.39,294.2,294.0,293.6,293.29,293.29,293.39,293.0,292.29,291.0,290.5,290.0,294.79,294.2,293.79,293.79,293.5,293.29,292.7,291.39,290.2,290.0,290.0,295.1,294.5,294.5,294.0,293.6,293.29,291.89,290.6,290.6,290.1,289.89
2021-06-27 00:00:00,289.0,288.0,287.5,287.7,287.5,287.2,286.79,286.79,286.79,287.39,286.79,289.0,288.0,287.5,287.7,287.5,287.29,287.29,286.79,286.6,287.39,287.39,288.6,287.79,287.6,287.39,287.39,287.39,287.39,287.1,286.79,287.29,287.6,288.29,287.39,287.29,287.2,287.2,287.29,287.29,287.29,287.0,287.5,287.5,287.79,287.5,287.5,287.0,286.79,286.7,286.89,287.0,287.0,287.0,287.39,287.5,287.5,287.39,287.1,286.5,286.2,286.5,286.7,286.7,286.89,287.29,286.39,286.79,286.7,286.5,286.5,286.2,286.5,286.5,286.7,286.89,287.29,286.39,286.79,286.7,286.5,286.29,286.29,286.29,286.39,286.29,286.6,286.89,285.7,285.89,285.79,286.0,286.0,286.0,286.1,286.2,286.29,286.2,286.5,285.5,285.6,286.0,286.0,285.89,286.0,286.0,286.0,285.89,286.1,286.1,285.29,285.7,285.7,286.0,285.79,285.89,285.5,285.6,285.6,285.7,285.89
2021-07-27 08:00:00,229.11,229.5,230.31,234.0,238.61,235.81,240.7,240.7,247.11,252.31,256.9,229.11,229.5,230.31,234.0,238.61,243.0,243.0,245.61,250.11,255.0,258.71,228.2,230.7,233.0,238.9,244.0,244.0,248.0,250.0,252.31,255.81,257.21,226.11,228.9,235.0,241.11,241.11,247.2,250.5,252.31,253.7,254.31,254.31,224.7,228.9,228.9,234.4,241.0,245.61,249.2,250.5,253.5,253.5,254.2,223.9,223.9,228.61,235.11,240.0,242.5,245.81,249.7,249.7,251.11,251.9,221.9,222.5,225.9,230.0,240.0,242.5,245.81,245.81,249.7,251.11,251.9,221.9,222.5,225.9,230.0,238.81,238.81,243.2,245.0,247.31,248.81,249.0,223.31,223.0,224.31,228.81,228.81,237.4,243.5,244.9,246.2,246.81,245.9,228.7,228.5,232.61,232.61,234.5,238.31,244.0,244.9,245.81,245.61,245.61,234.2,236.81,236.81,239.5,240.81,241.0,243.81,246.5,246.5,247.4,246.11
2021-06-03 22:00:00,288.6,288.39,287.89,287.39,286.2,284.2,282.6,282.6,282.2,280.2,284.1,288.6,288.39,287.89,287.39,286.2,285.0,285.0,284.39,284.6,284.29,283.39,286.79,285.7,285.1,285.0,284.7,284.7,284.89,286.29,285.7,283.5,284.0,285.7,283.7,283.0,283.79,283.79,284.29,285.7,285.89,285.39,285.1,285.1,286.0,285.39,285.39,282.1,283.7,284.89,283.39,283.0,283.5,283.5,284.7,286.1,286.1,286.39,285.89,284.0,282.39,282.5,282.6,282.6,281.7,284.39,286.0,286.2,286.29,285.6,284.0,282.39,282.5,282.5,282.6,281.7,284.39,286.0,286.2,286.29,285.6,284.89,284.89,284.39,284.39,284.0,282.2,280.0,286.5,286.39,286.1,286.0,286.0,286.0,286.1,286.39,285.7,282.29,278.5,286.89,287.0,287.2,287.2,287.1,287.1,286.7,286.2,284.6,283.1,283.1,286.89,287.2,287.2,287.5,287.89,287.7,286.89,285.79,285.79,285.0,284.89
2021-06-15 22:00:00,283.0,285.5,283.89,284.79,288.0,288.5,287.2,287.2,286.2,286.7,285.1,283.0,285.5,283.89,284.79,288.0,288.39,288.39,287.0,285.79,285.6,286.0,279.39,283.79,284.79,285.79,286.79,286.79,287.5,287.39,286.6,285.79,284.0,277.29,281.7,285.7,286.29,286.29,286.5,286.89,287.39,287.79,286.39,286.39,283.79,281.79,281.79,285.5,285.0,285.89,287.2,287.89,288.0,288.0,286.1,284.1,284.1,285.39,284.39,284.39,285.1,287.29,288.5,288.5,287.2,286.89,283.29,286.0,286.39,282.1,284.39,285.1,287.29,287.29,288.5,287.2,286.89,283.29,286.0,286.39,282.1,284.89,284.89,286.79,287.1,288.1,287.6,287.2,284.5,286.1,285.7,285.0,285.0,284.89,286.2,287.39,288.0,288.2,288.29,282.29,286.39,286.7,286.7,285.39,285.0,285.7,286.79,288.0,288.6,288.6,280.39,285.7,285.7,287.6,286.5,285.7,286.0,286.79,286.79,288.0,288.89
2021-08-31 02:00:00,270.8,272.8,274.2,274.79,275.5,277.29,279.2,279.2,281.39,282.89,284.7,270.8,272.8,274.2,274.79,275.5,279.6,279.6,281.79,282.5,284.0,284.79,273.29,273.89,275.79,279.0,277.7,277.7,278.2,282.2,284.29,284.79,285.2,274.89,273.1,278.29,280.29,280.29,273.29,275.6,282.1,283.5,284.1,284.1,273.89,272.0,272.0,274.7,272.4,266.4,271.5,275.79,277.29,277.29,278.39,267.5,267.5,268.4,269.0,259.0,256.61,263.21,268.61,268.61,267.5,268.61,263.71,265.11,263.11,257.3,259.0,256.61,263.21,263.21,268.61,267.5,268.61,263.71,265.11,263.11,257.3,248.81,248.81,246.4,251.61,258.11,257.0,262.5,258.21,261.61,256.11,250.0,250.0,239.7,238.31,242.61,242.2,249.11,256.8,252.61,254.9,253.11,253.11,245.7,237.81,236.11,238.11,239.9,244.7,244.7,247.4,249.81,249.81,249.81,244.0,239.61,235.11,237.0,237.0,244.5,243.7
2021-08-05 04:00:00,293.0,292.89,292.7,292.6,293.2,293.5,293.6,293.6,293.39,293.2,292.79,293.0,292.89,292.7,292.6,293.2,293.39,293.39,293.39,293.5,293.5,293.39,293.0,292.5,292.0,292.39,292.7,292.7,293.0,293.1,293.2,293.89,293.89,293.29,292.2,291.29,292.39,292.39,292.89,292.7,292.79,293.2,294.2,294.2,293.0,292.29,292.29,291.89,292.79,293.2,293.2,293.6,293.6,293.6,294.1,292.6,292.6,292.5,292.89,293.1,293.5,293.6,293.89,293.89,293.89,293.7,292.6,292.6,292.89,293.5,293.1,293.5,293.6,293.6,293.89,293.89,293.7,292.6,292.6,292.89,293.5,293.7,293.7,293.7,294.1,294.2,293.7,293.6,292.2,292.79,293.39,293.7,293.7,294.39,294.29,294.6,293.89,293.7,293.89,292.2,292.7,293.2,293.2,294.0,294.6,294.6,294.29,293.89,293.5,293.5,292.39,292.39,292.39,293.1,294.1,294.6,294.29,293.89,293.89,293.5,293.2
2021-06-22 06:00:00,299.2,299.1,298.89,299.0,299.2,299.1,298.7,298.7,298.1,297.39,296.79,299.2,299.1,298.89,299.0,299.2,298.89,298.89,298.2,297.6,297.0,295.89,298.7,298.7,298.6,298.6,298.7,298.7,298.2,297.7,297.1,296.89,295.1,298.5,298.2,298.29,298.39,298.39,298.0,297.6,297.7,296.89,295.89,295.89,298.2,297.89,297.89,298.1,298.0,298.0,297.5,296.89,295.89,295.89,294.89,297.79,297.79,297.7,297.6,297.79,297.39,297.2,296.29,296.29,294.7,292.79,297.5,297.29,297.2,297.29,297.79,297.39,297.2,297.2,296.29,294.7,292.79,297.5,297.29,297.2,297.29,297.5,297.5,296.89,296.1,294.89,293.0,292.0,297.6,297.6,296.89,297.29,297.29,297.39,296.5,295.1,293.0,291.89,291.89,298.39,297.7,297.5,297.5,297.1,297.1,296.2,293.79,292.0,291.7,291.7,299.1,298.39,298.39,297.7,297.29,296.6,294.6,292.79,292.79,292.0,291.79
2021-06-06 07:00:00,298.7,295.89,295.79,298.1,299.89,299.79,300.0,300.0,300.2,298.89,298.5,298.7,295.89,295.79,298.1,299.89,300.79,300.79,300.29,299.89,298.89,298.39,294.2,293.6,293.0,299.6,302.29,302.29,301.29,300.29,300.1,299.5,297.5,288.89,292.6,295.39,300.7,300.7,302.1,301.7,301.39,299.89,298.7,298.7,289.0,296.39,296.39,298.7,300.5,301.29,301.2,300.29,299.1,299.1,296.89,295.39,295.39,299.7,299.79,300.29,300.29,299.79,299.7,299.7,297.2,294.79,292.2,295.6,300.39,301.39,300.29,300.29,299.79,299.79,299.7,297.2,294.79,292.2,295.6,300.39,301.39,301.1,301.1,300.6,299.29,297.1,295.1,294.2,294.89,296.79,300.5,301.29,301.29,301.7,300.79,298.2,294.79,293.2,293.7,298.89,299.6,300.89,300.89,301.39,301.1,299.29,296.1,293.7,293.2,293.2,300.6,300.5,300.5,300.79,301.1,300.1,296.5,294.2,294.2,293.7,293.39
2021-07-15 22:00:00,211.31,212.11,211.9,211.61,210.81,209.9,208.11,208.11,206.7,206.5,206.31,211.31,212.11,211.9,211.61,210.81,210.81,210.81,208.81,206.4,205.2,206.11,211.9,213.2,213.61,212.81,211.9,211.9,212.0,208.61,206.2,205.5,205.7,214.2,214.11,214.31,213.9,213.9,215.0,213.61,208.81,206.31,206.11,206.11,216.4,216.2,216.2,215.5,216.2,218.11,215.81,209.81,207.0,207.0,205.81,217.61,217.61,218.2,218.0,219.2,220.31,218.7,211.31,211.31,207.5,206.81,214.2,217.81,219.7,220.31,219.2,220.31,218.7,218.7,211.31,207.5,206.81,214.2,217.81,219.7,220.31,222.11,222.11,221.81,220.7,213.9,207.31,207.0,214.2,217.61,219.81,221.9,221.9,223.11,222.9,222.0,211.2,207.5,207.31,215.7,216.7,218.4,218.4,221.31,222.31,222.61,221.61,208.0,205.11,205.11,217.31,216.9,216.9,217.61,220.11,220.9,220.61,219.5,219.5,206.5,202.11
2021-08-12 23:00:00,249.81,246.5,246.11,247.5,250.4,252.4,253.31,253.31,253.2,252.31,251.9,249.81,246.5,246.11,247.5,250.4,254.81,254.81,255.4,253.5,252.61,251.61,247.7,247.0,248.11,248.11,251.9,251.9,254.9,254.7,253.7,253.2,253.0,248.81,248.2,248.31,250.2,250.2,254.4,255.5,253.4,254.2,254.31,254.31,249.81,249.61,249.61,250.31,251.11,254.2,256.11,254.31,253.31,253.31,253.7,250.4,250.4,250.11,251.11,251.11,254.2,256.21,253.11,253.11,252.61,252.7,248.61,248.2,248.9,251.7,251.11,254.2,256.21,256.21,253.11,252.61,252.7,248.61,248.2,248.9,251.7,251.81,251.81,253.0,255.81,253.5,251.31,252.0,247.5,247.5,247.7,250.81,250.81,252.4,253.2,254.81,253.7,250.9,250.5,246.5,247.2,248.0,248.0,250.11,251.9,252.81,252.4,251.9,250.0,250.0,245.61,246.7,246.7,247.9,249.81,250.7,250.81,249.7,249.7,248.9,248.5
2021-07-22 10:00:00,291.29,291.29,291.1,291.2,291.2,291.29,291.29,291.29,291.39,291.29,291.5,291.29,291.29,291.1,291.2,291.2,291.29,291.29,291.1,291.2,291.29,291.39,291.2,291.29,291.1,291.0,291.2,291.2,291.0,291.0,291.0,291.1,291.29,291.39,291.2,291.0,291.1,291.1,291.0,290.79,290.89,290.79,290.79,290.79,291.1,291.0,291.0,291.0,291.0,290.89,290.6,290.6,290.7,290.7,290.79,291.1,291.1,290.79,291.0,291.0,290.79,290.5,290.39,290.39,290.7,290.6,291.29,291.0,290.79,290.6,291.0,290.79,290.5,290.5,290.39,290.7,290.6,291.29,291.0,290.79,290.6,290.79,290.79,290.7,290.6,290.6,290.5,290.39,291.1,291.1,290.79,290.39,290.39,290.6,290.6,290.7,290.79,290.29,290.29,291.1,291.0,290.79,290.79,290.79,290.6,290.6,290.79,290.6,290.39,290.39,291.1,291.1,291.1,291.0,290.7,290.7,290.5,290.7,290.7,290.6,290.6
2021-08-27 10:00:00,259.4,261.0,263.5,265.8,266.61,269.3,271.61,271.61,269.11,269.0,271.0,259.4,261.0,263.5,265.8,266.61,266.11,266.11,266.11,266.61,270.3,272.0,258.0,257.21,260.9,262.71,263.21,263.21,263.61,263.8,265.0,266.9,269.61,256.8,254.9,257.4,260.71,260.71,260.71,261.61,263.0,263.8,264.71,264.71,257.3,256.5,256.5,256.11,260.3,260.5,261.4,263.21,264.3,264.3,263.9,258.4,258.4,258.4,258.8,260.21,260.71,262.3,264.4,264.4,265.61,263.5,260.21,259.5,259.0,260.21,260.21,260.71,262.3,262.3,264.4,265.61,263.5,260.21,259.5,259.0,260.21,261.11,261.11,262.11,262.8,264.8,265.9,264.61,259.61,259.5,259.21,261.11,261.11,262.5,263.0,263.5,265.0,265.9,265.5,256.5,258.11,259.4,259.4,261.61,263.21,263.8,264.21,264.4,265.61,265.61,251.9,256.71,256.71,258.61,260.5,263.3,263.8,263.9,263.9,264.4,265.11
2021-06-22 22:00:00,290.89,290.79,290.6,290.5,290.5,290.29,290.29,290.29,290.39,290.7,290.7,290.89,290.79,290.6,290.5,290.5,290.29,290.29,290.29,290.5,290.7,290.6,290.7,290.89,290.5,290.6,290.5,290.5,290.6,290.7,290.5,290.5,290.5,290.89,290.6,290.6,290.6,290.6,290.5,290.89,290.5,290.5,290.6,290.6,290.6,290.7,290.7,290.7,290.5,290.7,290.6,290.39,290.5,290.5,290.5,290.7,290.7,290.79,290.7,290.6,290.5,290.5,290.7,290.7,290.6,290.1,290.7,290.7,290.7,290.6,290.6,290.5,290.5,290.5,290.7,290.6,290.1,290.7,290.7,290.7,290.6,290.5,290.5,290.5,290.5,290.7,290.39,290.1,290.7,290.7,290.6,290.6,290.6,290.6,290.1,290.79,290.6,290.2,290.0,290.6,290.5,290.5,290.5,290.6,290.5,290.39,290.5,290.29,290.1,290.1,290.39,290.39,290.39,290.39,290.5,290.6,290.39,290.2,290.2,290.2,290.1
2021-06-26 07:00:00,272.21,267.8,261.8,258.71,257.21,256.11,255.81,255.81,256.0,256.5,256.61,272.21,267.8,261.8,258.71,257.21,257.11,257.11,258.11,257.71,256.61,257.5,267.0,262.8,259.0,257.9,256.21,256.21,256.71,257.21,257.8,259.4,260.3,260.4,256.9,254.5,255.5,255.5,255.61,254.2,254.2,256.21,259.8,259.8,254.5,251.11,251.11,250.7,249.31,249.7,250.4,252.81,252.5,252.5,253.2,249.5,249.5,246.7,243.81,243.2,244.81,246.7,248.7,248.7,248.31,249.31,250.11,245.61,242.9,239.7,243.2,244.81,246.7,246.7,248.7,248.31,249.31,250.11,245.61,242.9,239.7,238.31,238.31,239.31,242.4,243.81,244.7,246.2,247.31,242.7,240.0,236.7,236.7,235.11,237.4,238.7,240.81,241.9,242.2,245.0,240.31,238.11,238.11,237.61,239.11,240.2,242.0,242.11,241.61,241.61,244.5,241.0,241.0,240.81,243.2,246.4,248.31,248.5,248.5,246.61,246.11
2021-06-14 23:00:00,208.31,210.5,212.5,211.9,210.81,210.11,209.7,209.7,208.5,207.7,206.7,208.31,210.5,212.5,211.9,210.81,210.4,210.4,209.81,209.11,208.0,206.4,209.7,211.0,212.61,211.9,210.9,210.9,210.61,210.4,209.2,207.81,206.61,209.81,211.9,212.31,211.9,211.9,210.9,211.0,210.2,209.2,208.31,208.31,211.11,212.11,212.11,213.11,211.4,210.2,210.81,210.61,209.2,209.2,208.4,211.7,211.7,212.9,213.11,211.2,210.31,210.7,210.0,210.0,209.61,208.81,212.81,212.9,213.5,212.61,211.2,210.31,210.7,210.7,210.0,209.61,208.81,212.81,212.9,213.5,212.61,211.2,211.2,210.81,210.2,209.4,209.9,209.7,214.0,214.2,213.4,212.11,212.11,211.5,210.81,210.0,209.5,210.11,211.0,215.9,215.5,213.4,213.4,211.81,212.4,211.4,210.4,210.9,211.11,211.11,218.5,216.31,216.31,214.0,213.2,213.2,211.9,211.5,211.5,211.81,212.0
2021-08-31 23:00:00,287.0,287.7,286.79,285.39,284.6,283.0,281.39,281.39,277.79,275.7,279.79,287.0,287.7,286.79,285.39,284.6,283.1,283.1,282.1,282.0,280.6,281.89,287.0,286.6,286.29,285.39,284.2,284.2,283.89,284.39,284.39,284.29,285.5,286.29,286.0,285.6,285.1,285.1,284.5,284.2,285.6,286.0,286.5,286.5,286.89,286.5,286.5,285.6,284.6,283.7,283.1,284.89,286.0,286.0,286.39,285.79,285.79,285.6,284.2,283.6,281.79,281.89,284.0,284.0,285.29,285.39,282.29,282.1,281.7,282.29,283.6,281.79,281.89,281.89,284.0,285.29,285.39,282.29,282.1,281.7,282.29,282.29,282.29,280.0,280.6,282.79,284.29,284.7,277.6,275.89,276.29,280.0,280.0,279.89,278.5,279.5,281.5,283.29,283.29,270.21,271.0,271.71,271.71,274.0,275.39,276.6,279.7,280.79,281.7,281.7,264.21,263.9,263.9,268.0,267.8,271.21,274.79,278.89,278.89,279.1,278.6
2021-07-19 06:00:00,292.89,292.2,292.7,292.89,293.2,293.1,293.0,293.0,292.79,292.5,292.0,292.89,292.2,292.7,292.89,293.2,293.6,293.6,293.2,292.79,292.2,291.79,292.7,291.5,292.6,292.7,293.0,293.0,293.5,293.6,292.7,292.0,291.89,292.2,291.6,292.1,292.79,292.79,293.39,293.5,293.29,292.79,292.2,292.2,292.2,292.1,292.1,292.39,292.79,293.39,293.2,293.1,292.89,292.89,292.39,292.29,292.29,292.7,292.6,293.0,292.79,292.79,292.89,292.89,292.79,292.39,292.0,292.6,292.7,292.7,293.0,292.79,292.79,292.79,292.89,292.79,292.39,292.0,292.6,292.7,292.7,292.79,292.79,292.89,292.79,292.7,292.5,292.2,292.29,292.7,292.6,292.6,292.6,292.7,292.7,292.89,292.6,292.29,292.1,292.5,292.89,292.7,292.7,292.0,292.29,292.29,292.7,292.29,292.2,292.2,292.6,292.5,292.5,292.5,291.89,291.6,292.0,292.0,292.0,292.0,291.79
2021-07-26 09:00:00,224.2,224.9,225.2,225.61,223.81,224.0,226.5,226.5,227.31,227.61,231.7,224.2,224.9,225.2,225.61,223.81,223.11,223.11,223.11,226.11,227.11,228.0,224.4,224.5,225.4,224.81,223.81,223.81,223.11,222.7,224.31,225.9,226.81,224.5,224.31,224.81,224.5,224.5,223.9,223.5,223.5,223.31,223.81,223.81,224.2,223.9,223.9,223.5,223.61,223.5,223.11,222.7,222.5,222.5,224.7,222.9,222.9,222.9,222.7,222.61,222.11,222.61,222.11,222.11,222.9,224.2,221.9,221.4,221.31,221.4,222.61,222.11,222.61,222.61,222.11,222.9,224.2,221.9,221.4,221.31,221.4,221.31,221.31,221.4,222.11,222.2,222.9,223.31,220.9,219.7,220.5,220.31,220.31,220.7,220.7,222.0,222.31,223.0,222.7,220.31,220.11,220.61,220.61,220.11,220.31,221.4,221.7,222.5,222.7,222.7,220.31,220.61,220.61,221.11,220.81,220.5,221.31,222.11,222.11,222.31,222.4
2021-08-21 00:00:00,289.0,288.7,288.5,288.2,288.2,288.2,288.29,288.29,288.2,288.39,288.1,289.0,288.7,288.5,288.2,288.2,288.2,288.2,288.2,288.39,288.1,287.6,289.0,288.7,288.2,288.2,288.2,288.2,288.2,288.39,288.29,287.89,287.5,289.2,288.6,288.5,288.2,288.2,288.1,288.5,288.29,288.2,288.0,288.0,288.89,288.79,288.79,288.6,288.39,288.5,288.6,288.2,288.29,288.29,288.2,288.7,288.7,288.79,288.79,288.7,288.79,288.6,288.39,288.39,288.39,288.39,289.5,289.0,289.0,288.79,288.7,288.79,288.6,288.6,288.39,288.39,288.39,289.5,289.0,289.0,288.79,288.89,288.89,288.79,288.7,288.6,288.6,288.5,289.39,289.2,289.29,289.2,289.2,289.0,288.79,288.7,288.6,288.7,288.6,289.1,289.2,289.2,289.2,289.1,288.89,288.7,288.6,288.5,288.79,288.79,289.1,288.89,288.89,289.0,288.89,288.7,288.5,288.29,288.29,288.6,288.79
2021-08-19 01:00:00,291.1,290.79,291.0,291.2,291.39,291.6,291.39,291.39,291.5,291.29,291.1,291.1,290.79,291.0,291.2,291.39,291.6,291.6,291.39,291.39,291.2,290.89,291.0,290.89,291.0,291.2,291.29,291.29,291.29,291.2,291.39,291.29,291.1,290.89,290.79,291.1,291.1,291.1,291.2,290.89,290.79,291.29,291.1,291.1,291.0,290.79,290.79,290.7,291.2,290.7,290.79,291.1,291.0,291.0,291.1,290.7,290.7,290.6,290.7,290.89,290.89,290.7,290.7,290.7,290.89,290.7,290.89,290.7,290.7,290.5,290.89,290.89,290.7,290.7,290.7,290.89,290.7,290.89,290.7,290.7,290.5,290.79,290.79,290.5,290.5,290.6,290.6,290.5,290.79,290.6,290.6,290.39,290.39,290.5,290.29,290.2,290.5,290.29,290.2,290.79,290.7,290.6,290.6,290.5,290.6,290.29,290.39,290.29,290.2,290.2,290.79,290.7,290.7,290.5,290.6,290.5,290.5,290.2,290.2,290.2,290.0
2021-07-03 04:00:00,283.89,284.2,283.2,281.1,280.39,280.2,279.2,279.2,277.39,277.2,277.6,283.89,284.2,283.2,281.1,280.39,280.29,280.29,279.2,278.0,277.0,277.29,284.2,284.1,283.39,281.89,281.39,281.39,280.7,279.79,278.7,277.1,276.39,284.39,283.6,283.39,282.89,282.89,281.79,280.79,280.5,279.0,277.5,277.5,283.39,282.89,282.89,282.89,283.6,282.1,280.39,279.89,278.79,278.79,278.2,282.0,282.0,282.29,283.5,283.79,282.29,280.1,278.79,278.79,278.2,278.6,283.79,283.39,283.2,283.29,283.79,282.29,280.1,280.1,278.79,278.2,278.6,283.79,283.39,283.2,283.29,283.79,283.79,282.6,280.7,279.2,277.39,277.2,284.5,285.0,284.5,283.1,283.1,283.6,282.79,281.5,278.89,276.89,275.79,283.7,284.89,285.29,285.29,284.6,283.7,282.89,281.5,277.0,275.7,275.7,282.0,284.5,284.5,285.89,284.89,283.79,283.1,280.39,280.39,275.6,274.6
2021-07-24 03:00:00,282.1,281.7,277.7,269.8,272.4,263.0,258.0,258.0,264.61,268.11,270.11,282.1,281.7,277.7,269.8,272.4,271.5,271.5,264.8,261.8,265.3,271.71,283.89,284.1,282.2,279.1,276.7,276.7,271.9,267.21,263.0,265.21,271.9,285.6,285.2,286.0,285.7,285.7,281.2,272.21,267.4,267.11,267.3,267.3,286.39,287.79,287.79,288.29,285.39,278.1,273.6,272.8,267.61,267.61,267.9,288.89,288.89,289.1,286.1,281.29,273.1,273.2,272.5,272.5,268.0,272.61,287.7,288.5,288.0,284.0,281.29,273.1,273.2,273.2,272.5,268.0,272.61,287.7,288.5,288.0,284.0,278.1,278.1,269.21,269.9,269.8,271.5,278.0,287.5,288.1,286.39,281.5,281.5,274.39,268.61,265.8,270.4,275.0,278.6,288.0,287.6,286.39,286.39,282.0,271.8,268.11,270.3,273.2,274.29,274.29,287.7,288.29,288.29,287.6,282.1,272.4,272.61,276.29,276.29,275.1,274.2
2021-06-09 03:00:00,260.3,264.0,262.0,254.61,247.0,249.31,250.5,250.5,257.3,264.61,272.71,260.3,264.0,262.0,254.61,247.0,245.4,245.4,248.2,254.61,260.11,264.9,254.5,255.9,251.9,248.7,245.81,245.81,242.31,244.2,248.7,254.4,261.4,249.7,245.81,243.61,244.4,244.4,241.7,241.7,242.7,243.31,249.61,249.61,242.81,240.61,240.61,240.5,240.7,239.61,241.61,242.0,243.0,243.0,247.5,236.9,236.9,236.31,236.9,237.5,240.11,241.61,241.9,241.9,244.0,247.0,236.61,235.31,232.61,231.61,237.5,240.11,241.61,241.61,241.9,244.0,247.0,236.61,235.31,232.61,231.61,235.61,235.61,241.7,243.9,243.61,244.31,247.31,235.81,233.31,232.0,233.9,233.9,236.4,243.61,246.9,245.2,243.81,248.31,237.31,234.61,235.5,235.5,238.31,241.0,246.2,247.9,244.4,244.7,244.7,238.7,237.61,237.61,238.61,240.81,245.4,247.61,246.2,246.2,244.5,244.9
2021-06-02 04:00:00,285.2,285.29,285.7,285.1,284.5,284.2,283.39,283.39,282.7,282.89,282.7,285.2,285.29,285.7,285.1,284.5,283.6,283.6,283.29,283.2,283.79,283.7,284.5,284.5,284.6,284.5,284.1,284.1,284.1,284.2,284.29,284.5,283.89,283.7,283.7,283.6,283.39,283.39,283.6,284.1,285.29,285.1,284.1,284.1,283.89,283.5,283.5,283.2,283.0,283.39,284.2,284.89,284.89,284.89,283.7,283.89,283.89,283.7,282.7,282.89,283.39,284.0,284.7,284.7,284.1,282.5,284.7,284.0,283.7,283.1,282.89,283.39,284.0,284.0,284.7,284.1,282.5,284.7,284.0,283.7,283.1,282.89,282.89,283.29,284.2,284.89,283.29,281.6,284.79,284.1,283.79,282.89,282.89,283.2,284.2,284.39,283.7,282.6,282.1,284.5,284.1,283.79,283.79,283.39,283.89,284.0,284.2,283.79,282.5,282.5,283.89,283.7,283.7,283.5,283.79,284.2,284.2,283.79,283.79,283.0,282.79
2021-08-25 08:00:00,260.5,262.21,263.21,264.8,258.61,252.7,249.0,249.0,249.4,254.0,248.9,260.5,262.21,263.21,264.8,258.61,258.9,258.9,251.7,255.81,258.21,252.7,251.7,253.61,253.81,256.71,265.21,265.21,262.8,253.61,256.71,261.71,260.9,244.0,243.7,245.31,249.4,249.4,261.21,264.4,255.5,255.2,261.5,261.5,242.4,239.5,239.5,240.61,246.11,248.81,254.11,253.11,258.21,258.21,262.5,239.4,239.4,237.31,240.5,242.4,241.7,242.81,243.7,243.7,260.5,266.61,233.31,235.31,235.0,235.11,242.4,241.7,242.81,242.81,243.7,260.5,266.61,233.31,235.31,235.0,235.11,236.61,236.61,238.7,240.2,246.2,256.11,259.0,233.11,234.11,232.7,232.0,232.0,232.2,234.61,241.2,249.81,249.4,251.7,237.81,235.61,233.7,233.7,230.61,235.2,239.31,244.0,241.7,244.2,244.2,245.2,240.4,240.4,237.5,236.4,241.2,245.9,246.2,246.2,241.5,242.2
2021-07-21 03:00:00,291.2,292.0,291.79,292.0,292.79,292.5,292.39,292.39,292.6,292.39,292.2,291.2,292.0,291.79,292.0,292.79,293.2,293.2,293.0,292.79,292.39,292.2,291.29,292.0,291.79,292.39,293.0,293.0,293.0,293.1,293.1,293.0,292.5,291.5,292.0,292.39,292.89,292.89,292.89,293.0,293.5,293.5,293.29,293.29,292.39,292.29,292.29,292.29,293.2,293.39,293.5,293.5,293.39,293.39,293.2,292.39,292.39,292.6,292.6,293.1,293.5,293.6,293.5,293.5,293.1,292.5,292.1,292.29,292.5,292.7,293.1,293.5,293.6,293.6,293.5,293.1,292.5,292.1,292.29,292.5,292.7,293.2,293.2,293.1,293.2,293.0,292.6,292.6,292.39,292.39,292.7,292.79,292.79,293.39,293.2,292.89,292.7,292.39,292.39,292.79,292.89,293.0,293.0,293.2,293.29,293.1,292.79,292.39,292.29,292.29,293.0,292.79,292.79,293.2,293.2,293.1,292.7,292.5,292.5,292.2,292.1
2021-06-26 02:00:00,278.5,278.6,277.1,274.6,273.5,274.2,274.0,274.0,273.89,274.29,275.39,278.5,278.6,277.1,274.6,273.5,273.7,273.7,273.7,274.29,275.79,275.89,277.29,276.79,275.7,274.6,274.39,274.39,274.2,273.89,275.0,276.0,275.89,275.39,275.1,275.1,274.79,274.79,274.89,274.5,275.0,275.29,275.6,275.6,275.39,275.0,275.0,274.7,274.6,274.5,274.5,275.1,274.89,274.89,274.89,275.1,275.1,274.79,274.39,274.2,274.29,274.29,274.29,274.29,274.39,273.89,274.7,274.5,274.6,274.1,274.2,274.29,274.29,274.29,274.29,274.39,273.89,274.7,274.5,274.6,274.1,274.2,274.2,274.1,274.2,273.89,273.89,273.6,274.79,274.29,274.39,274.5,274.5,274.29,274.0,274.1,273.79,273.7,273.1,274.89,274.7,274.5,274.5,274.5,274.5,274.2,274.0,273.89,273.79,273.79,275.29,274.89,274.89,274.7,274.79,274.79,274.6,274.29,274.29,274.2,274.39
2021-07-12 00:00:00,264.3,265.61,265.71,267.0,269.3,271.0,276.39,276.39,281.0,286.2,290.1,264.3,265.61,265.71,267.0,269.3,271.5,271.5,275.2,279.39,286.0,290.39,261.61,262.5,263.8,268.4,269.5,269.5,272.4,277.0,280.29,287.29,283.5,259.0,259.9,263.11,267.8,267.8,272.11,274.1,279.29,283.5,285.89,285.89,259.4,260.11,260.11,260.71,264.5,272.0,274.79,279.1,285.0,285.0,285.2,258.3,258.3,260.0,261.4,262.0,262.61,274.7,284.89,284.89,284.0,280.5,257.5,256.8,257.3,257.21,262.0,262.61,274.7,274.7,284.89,284.0,280.5,257.5,256.8,257.3,257.21,257.3,257.3,261.9,276.29,284.7,281.7,278.1,258.3,256.71,255.4,250.61,250.61,253.61,264.9,275.5,279.89,277.89,277.0,259.4,258.8,254.61,254.61,251.7,254.9,262.9,268.21,273.6,275.39,275.39,262.0,258.8,258.8,255.4,256.9,258.3,258.71,261.21,261.21,269.5,272.61
2021-07-21 04:00:00,292.7,292.6,293.0,293.6,294.2,293.79,293.79,293.79,294.2,294.1,294.2,292.7,292.6,293.0,293.6,294.2,294.5,294.5,294.2,294.5,294.1,293.7,292.89,293.0,293.29,293.89,294.39,294.39,294.6,294.39,294.5,294.39,293.79,292.79,293.5,294.0,294.1,294.1,294.29,294.6,294.7,294.5,294.2,294.2,293.6,293.79,293.79,293.79,294.2,294.39,294.29,294.39,294.1,294.1,293.79,293.6,293.6,293.79,293.79,293.89,294.0,294.1,294.1,294.1,293.6,293.1,293.2,293.2,293.5,293.5,293.89,294.0,294.1,294.1,294.1,293.6,293.1,293.2,293.2,293.5,293.5,293.7,293.7,293.6,293.7,293.6,292.89,292.6,293.29,293.29,293.1,293.1,293.1,293.6,293.5,293.5,292.79,292.5,292.39,293.0,292.89,292.79,292.79,293.1,293.2,293.29,292.89,292.39,292.2,292.2,292.39,292.7,292.7,292.7,292.7,292.89,292.89,292.39,292.39,292.1,292.2
2021-07-02 06:00:00,266.9,271.9,273.6,267.0,257.5,252.7,252.2,252.2,253.0,250.7,246.11,266.9,271.9,273.6,267.0,257.5,254.31,254.31,255.61,254.31,250.7,247.9,267.11,268.8,271.71,270.8,267.4,267.4,262.4,257.9,253.61,249.9,247.11,265.9,266.21,270.8,275.1,275.1,276.79,270.61,260.8,252.5,251.0,251.0,270.5,272.71,272.71,274.79,278.79,276.79,271.61,260.21,256.0,256.0,257.5,274.29,274.29,280.5,278.39,280.0,279.29,270.8,259.8,259.8,259.9,264.61,275.7,277.29,282.29,282.6,280.0,279.29,270.8,270.8,259.8,259.9,264.61,275.7,277.29,282.29,282.6,281.29,281.29,281.0,277.2,265.3,264.11,264.71,279.89,279.79,283.5,284.1,284.1,282.89,282.79,281.89,273.6,266.5,256.71,281.29,283.39,283.89,283.89,283.1,284.2,285.0,284.2,278.39,263.4,263.4,282.29,282.1,282.1,284.0,283.2,284.39,287.5,285.39,285.39,278.79,258.21
2021-07-24 05:00:00,247.81,253.61,253.61,252.0,250.31,241.7,236.81,236.81,238.4,242.7,243.2,247.81,253.61,253.61,252.0,250.31,246.2,246.2,238.5,236.4,242.7,244.2,247.11,255.2,255.61,252.9,252.11,252.11,249.5,241.61,236.2,242.5,244.81,253.0,253.9,255.2,253.4,253.4,254.11,251.9,244.81,238.61,241.9,241.9,259.61,253.9,253.9,253.61,254.9,254.7,251.2,248.31,244.5,244.5,244.4,262.21,262.21,256.4,254.31,254.9,254.5,250.61,250.5,250.5,250.5,247.81,272.11,262.0,262.9,253.9,254.9,254.5,250.61,250.61,250.5,250.5,247.81,272.11,262.0,262.9,253.9,253.5,253.5,256.11,254.9,253.4,253.11,252.7,272.61,265.61,266.0,255.7,255.7,251.31,257.71,258.8,256.9,255.31,255.5,271.9,267.61,265.71,265.71,262.21,252.7,258.11,259.71,259.3,256.9,256.9,270.0,267.5,267.5,266.3,266.71,257.3,256.11,260.5,260.5,259.3,257.3
2021-06-01 00:00:00,292.7,292.7,292.79,292.79,293.0,293.2,293.1,293.1,293.1,292.89,292.39,292.7,292.7,292.79,292.79,293.0,293.1,293.1,293.0,292.89,292.5,292.0,292.7,292.6,292.6,292.89,293.0,293.0,292.89,292.79,292.6,292.5,291.7,292.6,292.39,292.6,292.89,292.89,293.0,292.79,292.7,292.29,291.79,291.79,292.6,292.39,292.39,292.79,293.0,293.0,292.79,292.6,291.89,291.89,290.89,292.39,292.39,292.39,292.6,292.89,292.89,292.7,292.2,292.2,291.0,290.0,292.5,292.39,292.5,292.7,292.89,292.89,292.7,292.7,292.2,291.0,290.0,292.5,292.39,292.5,292.7,292.89,292.89,292.7,292.29,291.1,290.29,289.7,292.6,292.39,292.6,292.39,292.39,292.7,292.39,291.39,290.39,289.5,289.29,292.6,292.7,292.7,292.7,292.39,292.2,291.6,290.7,289.79,289.5,289.5,292.79,292.6,292.6,292.79,292.2,291.5,290.6,290.0,290.0,289.39,289.39
2021-08-19 06:00:00,292.79,292.0,290.7,289.6,290.7,292.7,292.5,292.5,292.29,291.1,286.39,292.79,292.0,290.7,289.6,290.7,291.6,291.6,292.5,292.39,290.2,288.1,291.29,290.39,289.1,288.5,288.0,288.0,291.6,292.5,291.79,290.7,290.89,290.7,289.1,287.0,287.29,287.29,288.79,291.29,290.89,291.5,292.39,292.39,290.89,288.89,288.89,287.1,287.39,290.2,290.89,290.79,291.6,291.6,292.5,290.89,290.89,289.2,287.89,288.6,290.29,290.89,291.29,291.29,291.79,292.0,291.0,289.89,289.79,289.89,288.6,290.29,290.89,290.89,291.29,291.79,292.0,291.0,289.89,289.79,289.89,290.1,290.1,290.89,291.7,291.79,291.7,291.79,290.29,289.7,290.0,290.7,290.7,291.5,291.79,292.39,292.0,291.6,291.79,289.1,289.29,290.7,290.7,290.29,292.39,293.2,292.29,291.7,291.7,291.7,287.89,288.79,288.79,290.1,291.6,292.2,292.6,292.29,292.29,292.0,291.5
2021-06-15 07:00:00,289.5,289.5,289.5,289.5,289.5,289.7,289.7,289.7,289.6,289.6,289.7,289.5,289.5,289.5,289.5,289.5,289.7,289.7,289.7,289.6,289.7,289.79,289.39,289.5,289.39,289.5,289.39,289.39,289.6,289.7,289.6,289.6,289.79,289.29,289.5,289.5,289.5,289.5,289.6,289.79,289.6,289.79,290.0,290.0,289.5,289.39,289.39,289.5,289.6,289.5,289.89,289.89,289.79,289.79,290.0,289.29,289.29,289.5,289.5,289.79,289.7,290.0,290.0,290.0,290.0,290.0,289.29,289.29,289.5,289.7,289.79,289.7,290.0,290.0,290.0,290.0,290.0,289.29,289.29,289.5,289.7,289.89,289.89,289.79,289.89,289.89,290.1,290.2,289.39,289.7,289.7,289.89,289.89,290.0,289.89,289.79,290.2,290.29,290.29,289.39,289.79,289.7,289.7,289.79,290.2,290.1,290.0,290.2,290.29,290.29,289.5,289.6,289.6,289.79,290.1,290.1,290.5,290.2,290.2,290.39,290.39
2021-06-23 04:00:00,296.39,296.1,296.1,296.2,296.29,296.0,295.79,295.79,295.1,294.6,294.0,296.39,296.1,296.1,296.2,296.29,295.89,295.89,295.29,294.89,294.1,293.0,296.0,295.89,295.79,296.0,295.89,295.89,295.5,294.89,294.6,294.29,292.79,295.89,295.7,295.6,295.79,295.79,295.6,295.0,295.1,294.2,294.0,294.0,295.6,295.29,295.29,295.29,295.5,295.2,294.79,294.5,293.79,293.79,292.6,294.89,294.89,294.79,294.89,295.0,294.6,294.2,293.79,293.79,292.79,290.89,295.0,294.79,294.6,294.5,295.0,294.6,294.2,294.2,293.79,292.79,290.89,295.0,294.79,294.6,294.5,294.39,294.39,294.1,293.5,292.89,291.1,290.2,295.2,295.1,294.6,294.29,294.29,294.0,293.79,293.0,291.1,290.1,289.79,295.79,295.29,294.89,294.89,294.29,294.2,293.39,291.89,290.29,290.1,290.1,296.29,295.5,295.5,295.0,294.6,294.29,292.6,290.7,290.7,290.2,290.0
2021-08-23 10:00:00,255.61,255.2,256.11,256.71,258.11,258.9,262.8,262.8,259.3,255.61,249.4,255.61,255.2,256.11,256.71,258.11,262.11,262.11,265.9,258.8,248.7,243.4,256.61,256.61,258.9,259.0,258.61,258.61,262.8,265.5,255.81,244.61,245.0,259.11,259.4,261.3,261.21,261.21,261.61,262.61,259.61,249.7,245.2,245.2,264.61,264.3,264.3,263.3,264.5,264.8,264.11,256.71,240.61,240.61,237.4,269.5,269.5,268.8,266.5,266.71,267.0,263.8,253.31,253.31,232.2,221.4,273.0,273.2,273.6,269.61,266.71,267.0,263.8,263.8,253.31,232.2,221.4,273.0,273.2,273.6,269.61,268.5,268.5,266.4,261.11,241.81,222.5,215.5,274.79,277.1,276.0,272.3,272.3,268.8,263.0,254.5,228.31,211.5,207.2,275.5,274.7,276.0,276.0,273.29,266.5,257.8,240.11,215.11,204.9,204.9,276.5,274.89,274.89,274.29,272.11,264.5,248.31,222.81,222.81,205.7,200.39999999999998
2021-07-15 07:00:00,286.39,286.0,285.79,283.6,276.0,267.61,267.71,267.71,273.39,274.89,276.29,286.39,286.0,285.79,283.6,276.0,264.61,264.61,267.11,273.39,278.2,280.0,285.79,285.6,284.0,282.6,277.6,277.6,269.3,271.0,271.71,276.6,279.6,284.29,283.29,280.29,280.29,280.29,279.7,276.2,274.39,271.9,272.8,272.8,281.39,278.29,278.29,275.1,278.89,281.7,281.0,277.0,273.7,273.7,271.61,275.1,275.1,274.2,268.4,277.7,282.5,282.79,280.5,280.5,274.2,272.5,275.5,273.0,270.4,265.8,277.7,282.5,282.79,282.79,280.5,274.2,272.5,275.5,273.0,270.4,265.8,276.1,276.1,281.29,282.1,280.1,276.0,274.2,272.71,271.4,266.61,267.3,267.3,273.39,278.39,279.39,278.7,277.7,276.5,263.21,271.11,268.11,268.11,264.61,272.21,274.39,275.0,277.79,278.2,278.2,256.11,262.11,262.11,270.3,267.61,268.9,272.5,270.5,270.5,273.7,277.1
2021-07-22 03:00:00,291.39,291.39,290.89,290.89,291.0,289.79,288.79,288.79,288.1,288.6,289.29,291.39,291.39,290.89,290.89,291.0,290.39,290.39,290.1,289.1,289.29,290.1,291.0,290.7,290.6,290.7,290.5,290.5,290.5,290.5,290.29,290.29,290.6,290.5,290.29,290.39,290.5,290.5,290.1,290.2,290.29,290.5,291.0,291.0,290.6,289.89,289.89,290.0,290.2,289.79,289.5,289.79,290.2,290.2,290.89,290.39,290.39,289.7,289.7,289.89,289.5,289.0,289.1,289.1,290.0,290.79,291.0,290.2,289.7,289.39,289.89,289.5,289.0,289.0,289.1,290.0,290.79,291.0,290.2,289.7,289.39,289.7,289.7,289.0,288.89,289.1,290.0,290.6,291.0,290.29,289.5,289.7,289.7,289.39,289.1,289.1,289.39,290.2,290.7,290.89,290.39,289.6,289.6,289.29,289.5,289.6,289.89,290.5,290.79,290.79,290.39,290.2,290.2,289.7,289.39,289.79,290.0,290.89,290.89,291.29,291.29
2021-08-30 23:00:00,287.79,289.7,290.5,291.0,291.29,291.29,291.1,291.1,290.7,289.6,290.0,287.79,289.7,290.5,291.0,291.29,290.89,290.89,291.0,290.89,289.7,290.39,283.7,286.39,288.6,290.29,290.7,290.7,290.7,290.79,290.79,290.1,290.89,279.79,282.79,287.5,288.79,288.79,289.89,290.6,290.7,290.79,291.1,291.1,281.6,281.5,281.5,282.0,285.6,288.0,289.0,290.0,291.29,291.29,291.1,280.79,280.79,280.7,279.0,283.1,283.29,287.89,291.5,291.5,291.1,290.0,278.29,278.7,275.39,276.0,283.1,283.29,287.89,287.89,291.5,291.1,290.0,278.29,278.7,275.39,276.0,281.5,281.5,285.1,288.1,291.2,290.39,290.0,281.6,277.7,272.11,273.89,273.89,281.2,287.2,289.0,289.6,290.1,290.39,284.89,282.1,277.79,277.79,277.6,283.1,286.89,288.29,289.5,289.79,289.79,287.79,286.1,286.1,284.7,284.2,285.6,287.1,288.29,288.29,289.5,289.89
2021-07-28 23:00:00,262.8,257.21,252.11,248.61,245.4,245.2,241.31,241.31,235.31,229.81,226.81,262.8,257.21,252.11,248.61,245.4,244.31,244.31,243.0,237.81,232.31,230.2,262.21,259.4,259.8,250.61,241.9,241.9,239.11,239.5,240.4,241.7,238.31,262.5,262.0,259.5,252.31,252.31,240.9,232.81,235.0,242.5,245.2,245.2,259.8,259.11,259.11,255.5,249.2,239.7,233.9,237.11,241.11,241.11,244.0,252.2,252.2,254.81,254.9,244.0,239.9,237.5,235.7,235.7,239.11,247.0,264.61,259.3,254.31,249.31,244.0,239.9,237.5,237.5,235.7,239.11,247.0,264.61,259.3,254.31,249.31,241.2,241.2,238.31,237.0,235.5,239.2,242.4,264.61,258.61,254.31,246.5,246.5,239.61,236.5,236.61,237.11,240.11,245.5,261.9,255.61,252.61,252.61,250.81,244.2,237.7,237.9,240.0,244.81,244.81,257.0,255.31,255.31,253.31,255.2,253.4,246.2,243.31,243.31,245.11,252.0
2021-08-04 10:00:00,290.79,290.79,290.89,291.29,291.29,291.79,291.79,291.79,291.89,292.39,292.6,290.79,290.79,290.89,291.29,291.29,291.6,291.6,291.79,291.6,292.0,292.39,291.0,290.79,290.6,291.0,291.29,291.29,291.5,291.6,291.5,291.6,291.89,291.0,290.89,291.0,290.89,290.89,291.1,291.5,291.6,291.5,291.39,291.39,290.79,290.89,290.89,291.1,290.89,291.0,291.2,291.39,291.5,291.5,291.5,291.0,291.0,290.79,291.0,290.89,290.89,290.89,291.1,291.1,291.39,291.6,290.79,290.79,290.7,290.7,290.89,290.89,290.89,290.89,291.1,291.39,291.6,290.79,290.79,290.7,290.7,290.79,290.79,290.89,290.89,291.1,291.2,291.2,290.79,290.7,290.6,290.6,290.6,290.7,291.0,290.89,291.29,291.0,291.1,290.5,290.5,290.5,290.5,290.6,290.7,290.89,290.79,290.89,291.0,291.0,290.2,290.2,290.2,290.39,290.6,290.6,290.7,290.6,290.6,290.89,290.79
2021-08-13 09:00:00,218.5,220.9,218.5,217.2,216.7,218.0,222.7,222.7,226.4,228.7,231.7,218.5,220.9,218.5,217.2,216.7,219.4,219.4,222.81,226.7,228.0,230.9,218.7,220.7,219.2,218.11,217.81,217.81,220.4,223.31,226.9,229.7,228.4,220.0,220.7,219.4,219.31,219.31,219.4,221.11,223.11,226.7,228.61,228.61,221.9,221.7,221.7,220.5,220.11,220.7,222.81,225.31,225.7,225.7,223.11,223.7,223.7,223.61,221.31,220.7,222.11,224.81,225.4,225.4,223.31,223.11,229.4,228.5,228.31,222.7,220.7,222.11,224.81,224.81,225.4,223.31,223.11,229.4,228.5,228.31,222.7,221.0,221.0,223.31,223.81,222.31,222.5,224.0,230.61,233.11,230.61,224.5,224.5,222.2,223.31,222.61,222.31,222.31,221.5,230.4,229.81,226.61,226.61,223.31,224.7,227.0,226.4,224.4,220.61,220.61,228.9,225.31,225.31,222.11,223.31,226.61,229.81,229.0,229.0,224.31,218.61
2021-07-06 02:00:00,207.2,207.7,211.11,214.4,217.9,223.61,233.61,233.61,236.81,233.0,231.11,207.2,207.7,211.11,214.4,217.9,222.2,222.2,228.2,235.9,235.31,233.2,207.0,208.4,210.81,213.5,216.9,216.9,220.2,225.31,234.0,234.5,231.2,207.31,208.61,210.5,212.61,212.61,213.9,217.31,224.4,230.7,232.4,232.4,206.2,207.11,207.11,208.9,210.11,212.9,216.2,221.11,226.9,226.9,230.81,206.81,206.81,206.81,207.5,209.11,212.61,216.2,220.61,220.61,224.61,228.61,208.5,208.81,209.7,209.5,209.11,212.61,216.2,216.2,220.61,224.61,228.61,208.5,208.81,209.7,209.5,210.5,210.5,212.9,215.4,218.2,224.4,232.9,212.0,212.81,213.9,213.81,213.81,213.4,213.81,214.81,216.5,225.81,237.31,218.81,218.31,217.31,217.31,216.9,217.9,218.0,217.9,217.81,228.11,228.11,224.11,223.31,223.31,219.9,220.31,222.31,222.7,221.11,221.11,221.11,230.11
2021-07-17 22:00:00,289.7,289.6,289.6,289.6,289.6,289.7,289.6,289.6,289.89,290.0,290.1,289.7,289.6,289.6,289.6,289.6,289.89,289.89,289.7,289.7,290.2,290.29,289.6,289.6,289.6,289.79,289.6,289.6,289.79,289.6,289.89,290.1,290.5,289.7,289.7,289.79,290.0,290.0,289.79,289.7,289.79,290.0,290.2,290.2,289.5,289.79,289.79,290.0,290.0,289.89,289.79,290.0,290.2,290.2,290.39,289.7,289.7,289.89,290.0,290.0,290.0,290.0,290.29,290.29,290.39,290.39,289.5,289.7,289.79,289.79,290.0,290.0,290.0,290.0,290.29,290.39,290.39,289.5,289.7,289.79,289.79,290.0,290.0,290.1,290.29,290.5,290.7,290.39,289.7,289.79,289.79,289.7,289.7,290.1,290.29,290.6,290.6,290.7,290.79,289.7,290.29,289.89,289.89,290.2,290.1,290.39,290.6,290.6,290.79,290.79,289.89,290.2,290.2,290.2,290.2,290.1,290.5,290.6,290.6,290.7,290.79
2021-08-21 04:00:00,287.6,287.5,287.7,287.89,287.5,287.6,287.5,287.5,287.79,287.7,287.7,287.6,287.5,287.7,287.89,287.5,287.7,287.7,287.6,288.0,287.7,287.6,287.39,287.6,287.7,287.79,287.6,287.6,287.6,287.7,287.89,287.79,287.6,287.7,287.7,287.7,287.7,287.7,287.7,287.7,287.79,287.89,287.79,287.79,287.79,287.5,287.5,287.6,287.7,287.7,287.89,287.79,288.1,288.1,288.2,287.5,287.5,287.39,287.6,287.7,287.6,287.89,288.2,288.2,288.39,288.5,287.89,287.5,287.6,287.7,287.7,287.6,287.89,287.89,288.2,288.39,288.5,287.89,287.5,287.6,287.7,287.89,287.89,287.89,287.7,288.5,288.79,289.0,288.2,288.2,287.89,288.1,288.1,288.2,288.2,288.1,288.7,289.29,290.39,288.39,289.2,289.39,289.39,288.5,288.5,289.0,289.6,289.39,290.5,290.5,288.89,289.79,289.79,290.79,289.1,288.79,290.1,290.79,290.79,291.1,291.2
2021-08-12 01:00:00,244.7,242.11,241.2,242.81,244.81,244.81,246.11,246.11,244.5,245.0,243.81,244.7,242.11,241.2,242.81,244.81,246.81,246.81,246.7,244.9,243.81,244.81,243.9,245.11,244.7,244.9,246.31,246.31,248.7,246.81,245.9,245.7,245.0,245.0,246.5,246.9,246.4,246.4,247.11,249.61,248.31,247.11,246.4,246.4,245.7,245.5,245.5,246.4,246.61,248.7,250.5,251.0,249.11,249.11,249.11,245.0,245.0,243.61,245.11,246.2,248.4,251.2,252.7,252.7,251.61,251.61,244.11,242.4,242.7,243.4,246.2,248.4,251.2,251.2,252.7,251.61,251.61,244.11,242.4,242.7,243.4,244.7,244.7,247.9,251.0,252.5,253.5,253.61,242.11,240.7,241.4,242.4,242.4,243.61,246.5,250.5,253.5,254.81,254.9,242.31,241.11,241.9,241.9,242.9,244.31,247.31,249.4,252.5,254.31,254.31,242.4,242.11,242.11,242.5,243.9,245.5,246.61,248.4,248.4,250.5,253.4
2021-07-03 02:00:00,266.5,266.21,264.4,263.21,261.9,263.9,250.7,250.7,248.2,241.2,226.0,266.5,266.21,264.4,263.21,261.9,247.9,247.9,240.4,244.9,240.7,230.11,263.71,263.5,260.8,255.31,251.7,251.7,246.0,243.2,240.4,233.9,227.5,260.9,259.0,253.61,247.4,247.4,244.4,247.2,245.81,238.11,227.11,227.11,255.9,252.2,252.2,250.31,243.11,244.61,239.0,237.11,236.4,236.4,231.9,253.9,253.9,244.7,244.81,243.7,238.5,232.7,231.4,231.4,233.7,236.81,247.5,244.31,242.7,245.31,243.7,238.5,232.7,232.7,231.4,233.7,236.81,247.5,244.31,242.7,245.31,241.5,241.5,235.4,231.5,233.11,233.11,232.7,241.61,239.81,242.61,240.2,240.2,240.61,234.7,231.7,231.7,231.9,230.4,239.31,237.9,235.4,235.4,240.7,238.2,234.61,234.4,231.4,230.7,230.7,238.4,235.11,235.11,232.7,235.11,238.11,236.9,237.31,237.31,232.9,229.61
2021-06-05 04:00:00,301.6,301.2,301.39,301.79,302.5,302.79,302.1,302.1,301.5,300.39,298.7,301.6,301.2,301.39,301.79,302.5,302.6,302.6,301.79,301.1,299.7,298.1,301.0,301.0,301.0,301.6,302.2,302.2,301.79,301.1,300.7,299.89,297.89,300.7,300.7,300.89,301.6,301.6,301.5,300.79,301.1,300.2,298.7,298.7,300.6,300.29,300.29,300.6,301.2,301.1,300.7,300.39,298.89,298.89,297.1,299.89,299.89,300.0,300.1,300.7,301.0,300.29,299.29,299.29,297.39,294.0,299.89,299.89,299.6,299.7,300.7,301.0,300.29,300.29,299.29,297.39,294.0,299.89,299.89,299.6,299.7,300.29,300.29,300.29,299.5,297.79,294.79,292.6,300.2,299.89,299.6,299.29,299.29,299.79,300.0,298.29,294.89,292.6,292.1,300.39,300.1,299.5,299.5,299.5,299.5,298.7,295.89,293.0,292.2,292.2,300.79,300.2,300.2,299.79,299.6,299.39,296.5,293.39,293.39,292.39,292.29
2021-08-23 02:00:00,206.81,207.0,206.4,206.61,206.5,206.2,206.4,206.4,206.11,207.4,208.4,206.81,207.0,206.4,206.61,206.5,206.4,206.4,205.4,205.81,206.9,208.11,207.61,207.7,206.81,206.81,206.4,206.4,206.11,205.81,205.11,206.11,207.31,208.61,208.61,207.11,207.11,207.11,206.0,206.4,205.2,205.31,206.2,206.2,208.11,208.7,208.7,207.9,206.61,206.0,205.81,205.7,205.7,205.7,206.0,208.11,208.11,208.7,207.5,206.5,205.7,205.31,205.7,205.7,206.11,207.2,207.5,207.11,207.81,207.61,206.5,205.7,205.31,205.31,205.7,206.11,207.2,207.5,207.11,207.81,207.61,206.5,206.5,204.9,205.61,206.61,206.81,207.31,207.31,206.31,207.5,207.5,207.5,206.4,206.0,205.7,206.2,207.2,207.31,207.7,207.5,207.81,207.81,206.9,206.5,206.0,205.4,205.61,206.4,206.4,208.61,208.9,208.9,208.81,207.61,206.5,205.9,205.2,205.2,205.5,205.7
2021-07-19 02:00:00,292.0,292.39,292.0,291.7,291.5,291.89,291.7,291.7,291.79,291.7,291.29,292.0,292.39,292.0,291.7,291.5,291.2,291.2,291.7,292.0,291.6,291.6,291.7,292.1,291.1,291.5,291.39,291.39,291.5,291.79,291.79,291.7,291.6,291.2,291.39,291.2,290.79,290.79,291.39,291.7,292.0,291.7,291.5,291.5,291.5,291.6,291.6,291.39,291.29,291.1,291.39,291.79,291.89,291.89,291.89,291.6,291.6,291.6,291.79,291.39,291.0,290.6,291.39,291.39,291.79,291.79,291.0,291.7,291.7,291.6,291.39,291.0,290.6,290.6,291.39,291.79,291.79,291.0,291.7,291.7,291.6,291.6,291.6,291.2,291.0,291.7,291.6,291.39,290.89,291.5,291.39,291.6,291.6,291.5,291.5,291.5,291.6,291.39,290.89,291.29,291.29,291.2,291.2,291.39,291.29,291.39,291.5,291.29,291.1,291.1,291.39,291.0,291.0,290.89,290.89,291.1,291.0,291.29,291.29,291.2,291.0
2021-07-02 07:00:00,241.61,245.0,247.5,248.11,243.11,231.81,231.11,231.11,229.4,226.31,223.7,241.61,245.0,247.5,248.11,243.11,232.31,232.31,232.61,228.9,225.4,224.9,238.4,246.2,246.4,246.7,237.81,237.81,233.5,231.61,228.2,227.11,228.81,240.0,245.7,247.0,242.9,242.9,233.81,233.2,230.31,227.4,229.2,229.2,240.9,244.9,244.9,244.9,239.31,233.11,231.2,230.11,228.81,228.81,230.2,242.2,242.2,243.31,241.5,236.2,231.0,229.31,230.2,230.2,230.61,229.5,236.7,240.61,241.0,237.11,236.2,231.0,229.31,229.31,230.2,230.61,229.5,236.7,240.61,241.0,237.11,233.0,233.0,230.11,228.61,229.61,230.61,230.5,236.11,237.9,237.2,233.9,233.9,230.2,227.9,228.7,229.31,229.9,229.81,235.0,235.2,232.31,232.31,229.81,227.61,225.61,226.7,227.7,228.2,228.2,232.81,231.0,231.0,228.31,225.4,224.9,225.11,224.0,224.0,224.61,226.7
2021-07-20 22:00:00,288.2,288.1,288.0,287.79,288.1,288.5,288.7,288.7,288.89,289.0,289.2,288.2,288.1,288.0,287.79,288.1,288.39,288.39,288.39,288.89,288.89,288.89,287.7,287.6,287.5,287.39,287.79,287.79,288.1,288.29,288.6,288.7,288.79,286.89,286.89,286.79,286.79,286.79,287.29,287.7,287.89,288.29,288.2,288.2,286.0,285.79,285.79,285.79,286.2,286.7,286.79,286.89,287.6,287.6,288.29,284.5,284.5,284.79,285.1,285.39,285.6,285.79,286.2,286.2,286.79,287.39,284.0,283.7,284.2,284.5,285.39,285.6,285.79,285.79,286.2,286.79,287.39,284.0,283.7,284.2,284.5,284.29,284.29,284.39,285.1,285.7,286.1,286.39,283.1,283.5,283.7,283.39,283.39,283.29,284.0,284.5,285.2,285.6,285.89,282.6,283.0,283.29,283.29,283.2,283.0,283.39,284.1,284.89,285.39,285.39,282.39,282.89,282.89,283.1,283.1,282.89,283.29,283.79,283.79,284.5,285.1
2021-06-18 01:00:00,259.61,260.9,259.21,257.3,256.9,256.3,255.81,255.81,255.5,255.2,255.11,259.61,260.9,259.21,257.3,256.9,256.11,256.11,255.7,255.9,255.5,255.4,259.61,259.5,258.8,257.71,257.3,257.3,256.61,256.4,255.9,255.7,255.5,258.21,258.21,258.11,258.21,258.21,257.8,257.3,256.5,256.0,255.61,255.61,257.8,257.9,257.9,257.9,258.3,258.11,258.11,256.71,256.11,256.11,255.7,257.4,257.4,258.11,258.61,258.3,258.0,258.3,258.21,258.21,256.11,255.0,256.61,257.71,258.5,259.0,258.3,258.0,258.3,258.3,258.21,256.11,255.0,256.61,257.71,258.5,259.0,259.0,259.0,258.8,258.5,257.9,256.71,255.81,257.21,258.4,259.8,259.71,259.71,260.11,259.8,258.8,257.9,257.61,256.71,259.0,260.3,261.5,261.5,261.5,261.0,260.3,260.21,259.0,258.4,258.4,261.4,262.71,262.71,263.61,262.71,261.8,261.8,260.8,260.8,259.61,258.9
2021-08-27 01:00:00,251.81,250.2,249.2,248.2,247.0,253.11,253.9,253.9,254.81,251.81,249.0,251.81,250.2,249.2,248.2,247.0,249.9,249.9,253.61,254.4,253.11,250.9,249.11,246.61,244.31,243.61,244.9,244.9,246.0,249.0,254.11,256.71,255.11,246.2,243.0,241.4,239.9,239.9,239.81,242.11,246.11,252.31,255.9,255.9,245.31,242.11,242.11,239.81,239.31,239.5,241.0,244.9,248.4,248.4,250.4,245.5,245.5,242.2,242.31,240.31,240.0,241.61,242.4,242.4,243.7,245.31,248.31,248.31,245.7,245.11,240.31,240.0,241.61,241.61,242.4,243.7,245.31,248.31,248.31,245.7,245.11,242.2,242.2,240.5,239.7,238.9,240.2,241.31,245.31,248.0,249.4,247.4,247.4,244.31,241.4,238.7,237.31,238.31,239.9,245.61,245.31,246.7,246.7,248.2,245.31,243.0,243.0,242.0,240.9,240.9,245.5,244.9,244.9,244.2,244.81,246.2,247.11,246.31,246.31,244.61,243.31
2021-08-27 07:00:00,276.2,275.6,276.29,277.7,277.5,277.79,278.29,278.29,278.29,277.39,277.6,276.2,275.6,276.29,277.7,277.5,277.39,277.39,277.2,277.79,277.89,278.1,275.89,275.39,275.29,277.29,278.29,278.29,278.29,277.6,276.79,276.79,277.5,275.29,275.39,275.39,277.0,277.0,278.6,279.29,278.6,275.89,275.79,275.79,274.7,275.29,275.29,275.6,277.6,278.79,279.39,278.2,276.1,276.1,275.89,274.39,274.39,274.79,275.39,277.7,279.39,278.79,277.1,277.1,276.6,275.79,274.1,274.1,274.7,276.2,277.7,279.39,278.79,278.79,277.1,276.6,275.79,274.1,274.1,274.7,276.2,278.1,278.1,278.39,277.79,277.0,276.5,275.7,274.39,274.39,275.0,276.2,276.2,278.29,277.7,277.0,276.7,276.6,276.39,275.5,275.6,275.5,275.5,275.7,276.79,277.2,276.0,276.1,276.39,276.39,276.39,276.39,276.39,275.6,275.1,275.6,275.89,275.7,275.7,275.89,276.1
2021-06-07 03:00:00,264.61,255.61,270.11,276.5,272.21,264.8,264.71,264.71,267.8,268.8,265.21,264.61,255.61,270.11,276.5,272.21,267.4,267.4,264.3,265.8,257.8,254.9,269.5,273.39,278.89,269.0,260.3,260.3,258.3,261.21,258.0,257.0,261.8,277.5,285.7,279.89,260.11,260.11,251.61,251.4,248.4,253.0,260.71,260.71,271.3,273.39,273.39,263.8,257.21,254.9,251.5,254.31,254.2,254.2,255.0,262.61,262.61,253.11,248.61,255.7,254.0,256.8,260.5,260.5,257.5,259.8,265.3,245.4,244.31,248.7,255.7,254.0,256.8,256.8,260.5,257.5,259.8,265.3,245.4,244.31,248.7,251.4,251.4,251.4,257.9,264.9,262.9,263.11,260.71,248.81,243.0,243.2,243.2,252.31,257.3,258.3,264.61,268.3,266.8,264.3,256.0,253.2,253.2,257.11,255.11,254.2,260.9,269.11,268.11,268.11,268.71,266.11,266.11,266.5,264.0,259.9,259.3,264.0,264.0,267.21,266.3
2021-06-14 09:00:00,251.11,251.0,250.5,250.2,249.7,250.31,249.9,249.9,249.81,249.5,249.7,251.11,251.0,250.5,250.2,249.7,249.61,249.61,249.5,249.7,249.7,249.81,252.0,250.61,250.11,249.9,249.5,249.5,249.2,248.81,249.31,250.0,249.61,252.81,250.9,250.7,250.2,250.2,250.2,249.61,249.2,249.31,249.9,249.9,254.7,252.61,252.61,252.61,252.11,251.5,250.81,250.5,249.81,249.81,249.5,256.21,256.21,254.81,254.31,254.0,253.81,252.31,252.0,252.0,250.7,249.4,260.5,257.61,257.0,255.9,254.0,253.81,252.31,252.31,252.0,250.7,249.4,260.5,257.61,257.0,255.9,256.11,256.11,256.3,255.2,254.11,251.7,250.7,261.11,259.3,258.21,257.61,257.61,257.5,258.4,258.11,256.4,253.31,251.11,262.0,260.8,258.8,258.8,258.0,258.11,259.0,259.9,258.61,255.2,255.2,262.3,261.5,261.5,259.5,258.4,258.3,259.3,261.11,261.11,259.9,257.5
2021-06-06 03:00:00,304.89,304.7,305.1,305.5,305.89,305.6,305.1,305.1,304.1,302.7,301.0,304.89,304.7,305.1,305.5,305.89,305.89,305.89,304.79,303.79,302.0,300.2,304.6,304.79,304.79,305.39,305.79,305.79,305.0,304.0,303.39,302.29,299.6,304.89,304.6,304.7,305.5,305.5,305.0,304.1,304.29,302.79,301.0,301.0,304.6,304.2,304.2,304.5,305.0,304.7,304.2,303.39,301.39,301.39,298.89,304.0,304.0,303.89,303.6,304.29,304.39,303.7,302.2,302.2,299.6,295.29,303.6,303.7,303.5,303.29,304.29,304.39,303.7,303.7,302.2,299.6,295.29,303.6,303.7,303.5,303.29,303.6,303.6,303.2,302.1,300.0,296.5,294.39,303.6,303.6,303.29,302.7,302.7,303.0,302.7,300.39,296.2,294.39,294.1,303.7,303.39,302.79,302.79,303.0,302.39,301.0,297.5,294.5,293.89,293.89,304.0,303.29,303.29,302.7,302.6,302.1,298.29,295.0,295.0,294.1,293.89
2021-07-29 02:00:00,288.79,288.2,287.6,287.39,286.0,282.1,280.5,280.5,284.1,285.7,285.79,288.79,288.2,287.6,287.39,286.0,279.6,279.6,280.5,284.5,285.7,285.79,288.5,288.29,287.89,287.2,284.6,284.6,278.0,281.2,284.5,285.29,285.7,288.7,288.5,288.2,287.2,287.2,282.89,277.7,282.5,284.6,285.5,285.5,288.5,288.39,288.39,287.89,286.89,282.89,279.6,283.6,285.2,285.2,285.7,288.2,288.2,288.1,287.2,286.7,283.6,282.1,284.5,284.5,285.79,286.0,287.7,287.6,287.39,286.89,286.7,283.6,282.1,282.1,284.5,285.79,286.0,287.7,287.6,287.39,286.89,286.29,286.29,284.89,282.7,284.0,285.79,286.0,287.6,287.2,286.89,286.5,286.5,286.29,284.6,282.39,282.5,284.0,284.2,287.39,287.29,286.7,286.7,285.6,285.29,283.7,280.2,279.2,278.89,278.89,287.5,286.79,286.79,286.5,285.89,283.89,281.5,277.6,277.6,274.7,271.9
2021-07-18 08:00:00,292.6,292.6,292.5,292.7,292.89,292.39,292.2,292.2,292.1,292.0,291.89,292.6,292.6,292.5,292.7,292.89,292.39,292.39,292.0,292.1,291.89,291.89,292.79,292.6,292.39,292.79,292.6,292.6,292.39,291.89,292.1,291.79,291.7,292.79,292.5,292.5,292.6,292.6,292.2,292.0,292.0,291.89,291.7,291.7,292.5,292.39,292.39,292.5,292.29,292.2,292.0,291.6,291.79,291.79,291.39,292.39,292.39,292.1,291.89,291.89,292.0,291.79,291.6,291.6,291.39,290.79,292.5,292.39,291.89,291.79,291.89,292.0,291.79,291.79,291.6,291.39,290.79,292.5,292.39,291.89,291.79,291.7,291.7,291.5,291.6,291.6,291.0,290.5,292.39,291.89,291.6,291.7,291.7,291.29,291.39,291.29,291.2,290.5,290.6,292.2,291.89,291.6,291.6,291.29,291.39,291.39,290.79,290.6,290.39,290.39,291.79,291.5,291.5,291.39,291.2,291.29,291.0,290.29,290.29,290.2,290.29
2021-08-26 23:00:00,250.0,248.9,248.31,246.9,245.31,241.81,245.7,245.7,250.7,250.7,247.2,250.0,248.9,248.31,246.9,245.31,244.5,244.5,247.11,252.0,248.81,243.2,250.11,250.11,249.5,248.9,250.0,250.0,251.11,249.5,251.2,247.31,244.0,249.4,250.81,251.4,251.9,251.9,252.5,257.0,254.2,249.7,246.2,246.2,249.5,251.0,251.0,252.0,256.71,258.9,258.5,255.0,251.81,251.81,248.4,249.2,249.2,250.2,252.7,260.0,263.0,259.8,255.61,255.61,254.5,252.11,245.61,248.81,249.31,252.0,260.0,263.0,259.8,259.8,255.61,254.5,252.11,245.61,248.81,249.31,252.0,260.9,260.9,264.9,263.61,257.21,255.61,253.5,243.4,246.9,248.31,250.4,250.4,259.3,265.5,265.21,259.0,254.61,257.3,242.2,244.0,245.81,245.81,249.9,254.61,260.3,264.4,261.9,257.21,257.21,241.2,242.4,242.4,243.2,247.2,248.9,253.81,261.61,261.61,261.0,258.21
2021-06-09 01:00:00,284.2,286.1,286.5,288.2,289.79,290.79,290.29,290.29,290.79,290.89,290.79,284.2,286.1,286.5,288.2,289.79,290.29,290.29,290.2,290.7,290.29,290.5,282.7,283.89,285.29,288.79,290.39,290.39,290.1,289.7,290.0,290.6,291.0,280.29,282.29,285.5,288.89,288.89,290.1,290.2,289.2,289.5,290.79,290.79,282.89,283.7,283.7,286.39,288.29,288.89,289.39,289.29,289.79,289.79,289.79,284.1,284.1,286.39,287.89,288.0,287.79,288.89,289.89,289.89,290.0,289.1,281.6,283.39,286.39,288.79,288.0,287.79,288.89,288.89,289.89,290.0,289.1,281.6,283.39,286.39,288.79,287.79,287.79,288.6,290.0,290.1,289.7,289.0,284.2,285.29,286.5,287.39,287.39,288.29,290.2,291.0,289.7,289.5,288.89,286.79,286.5,288.2,288.2,288.5,288.79,289.89,289.79,289.89,289.6,289.6,288.79,288.39,288.39,289.5,289.89,289.7,288.89,289.1,289.1,289.7,290.1
2021-08-27 23:00:00,254.61,257.61,260.0,259.3,260.0,267.5,268.11,268.11,265.0,266.21,267.3,254.61,257.61,260.0,259.3,260.0,264.61,264.61,262.0,259.0,263.5,266.8,250.81,256.3,261.3,259.5,258.21,258.21,260.11,257.61,253.9,257.11,257.3,248.5,255.0,258.8,259.0,259.0,255.11,254.0,253.61,248.9,246.31,246.31,243.4,250.5,250.5,255.5,252.7,250.11,246.2,241.4,240.81,240.81,236.7,240.2,240.2,246.31,251.2,246.0,243.0,236.9,232.81,232.81,230.11,227.9,237.5,241.4,246.81,248.4,246.0,243.0,236.9,236.9,232.81,230.11,227.9,237.5,241.4,246.81,248.4,240.9,240.9,234.5,229.5,225.81,222.0,222.5,237.5,242.2,246.9,247.61,247.61,237.31,228.9,226.61,223.11,222.11,222.9,239.2,241.11,243.7,243.7,247.11,242.31,237.61,234.81,231.61,232.11,232.11,241.11,241.11,241.11,242.81,248.2,250.61,250.7,246.11,246.11,241.61,243.81
2021-07-21 07:00:00,285.29,285.6,285.7,287.2,289.5,291.1,291.6,291.6,289.6,285.0,285.79,285.29,285.6,285.7,287.2,289.5,290.79,290.79,290.0,288.7,284.89,285.1,283.5,286.2,288.29,288.89,290.2,290.2,290.6,288.79,287.79,285.29,284.6,284.5,287.39,288.29,291.0,291.0,291.39,290.2,288.0,287.2,286.29,286.29,287.6,290.1,290.1,290.7,289.5,288.6,286.29,285.79,285.7,285.7,285.6,288.89,288.89,291.7,289.79,287.29,285.7,282.6,281.7,281.7,283.39,286.7,287.39,288.7,290.1,288.5,287.29,285.7,282.6,282.6,281.7,283.39,286.7,287.39,288.7,290.1,288.5,286.5,286.5,285.0,283.39,282.5,283.29,284.5,287.29,288.79,286.6,285.2,285.2,286.0,284.29,283.6,283.79,283.79,282.6,283.89,285.2,283.0,283.0,283.89,286.2,285.0,281.1,279.5,285.7,285.7,280.0,276.89,276.89,281.1,285.89,287.79,284.6,278.79,278.79,280.89,285.2
2021-07-20 00:00:00,285.29,284.7,283.39,281.89,279.1,274.89,269.4,269.4,267.0,267.21,268.71,285.29,284.7,283.39,281.89,279.1,271.9,271.9,268.5,268.5,268.4,269.8,284.89,284.2,282.7,281.1,277.7,277.7,272.71,271.0,270.4,269.9,270.3,284.89,283.5,281.89,280.2,280.2,277.29,275.0,273.5,273.2,271.9,271.9,284.0,282.89,282.89,281.89,280.29,277.79,277.7,277.6,276.39,276.39,273.5,283.7,283.7,282.5,281.39,280.7,280.39,280.7,280.1,280.1,279.7,276.39,284.2,283.5,282.29,281.29,280.7,280.39,280.7,280.7,280.1,279.7,276.39,284.2,283.5,282.29,281.29,281.6,281.6,281.79,281.7,282.7,280.7,278.89,284.29,283.0,282.29,282.39,282.39,282.7,282.5,283.2,282.7,281.29,283.6,284.2,283.7,283.2,283.2,283.1,283.29,283.7,284.1,283.29,283.29,283.29,284.29,284.1,284.1,284.0,283.79,283.7,283.89,284.29,284.29,284.39,284.29
2021-08-01 04:00:00,296.7,296.79,296.6,296.7,297.39,297.1,296.6,296.6,296.39,296.29,295.89,296.7,296.79,296.6,296.7,297.39,297.2,297.2,296.89,296.39,296.2,295.7,296.89,296.7,296.7,296.89,297.39,297.39,297.2,297.0,296.5,296.39,295.79,296.5,296.7,296.79,297.2,297.2,297.29,297.0,296.89,296.5,296.39,296.39,296.79,296.6,296.6,296.89,297.2,297.2,297.0,296.7,296.39,296.39,295.89,296.5,296.5,296.5,296.6,296.89,296.89,296.5,296.29,296.29,296.0,295.0,296.6,296.6,296.5,296.5,296.89,296.89,296.5,296.5,296.29,296.0,295.0,296.6,296.6,296.5,296.5,296.79,296.79,296.6,296.2,295.89,295.29,294.6,296.79,296.7,296.5,296.5,296.5,296.7,296.2,295.89,295.29,294.7,294.39,297.0,296.79,296.79,296.79,296.6,296.79,296.39,295.5,294.89,294.5,294.5,297.2,296.89,296.89,296.79,296.79,296.79,295.89,295.2,295.2,294.5,294.5
2021-08-16 03:00:00,261.9,263.4,262.8,262.71,266.8,263.5,258.61,258.61,252.5,250.81,257.5,261.9,263.4,262.8,262.71,266.8,265.9,265.9,259.8,256.4,257.61,260.4,259.61,261.61,262.5,265.4,267.61,267.61,267.11,262.4,262.21,263.9,262.3,258.0,258.0,263.0,265.8,265.8,266.11,265.9,265.9,266.3,267.21,267.21,258.3,256.71,256.71,257.3,261.71,263.0,262.71,261.71,265.21,265.21,267.3,254.2,254.2,255.0,254.11,254.4,256.8,257.0,257.9,257.9,261.4,263.4,247.2,247.2,248.31,248.4,254.4,256.8,257.0,257.0,257.9,261.4,263.4,247.2,247.2,248.31,248.4,249.31,249.31,251.31,252.7,253.81,256.8,260.0,242.9,240.81,241.31,242.81,242.81,245.5,247.9,249.0,249.11,252.7,256.0,242.11,239.61,241.0,241.0,242.9,244.5,245.0,246.11,249.9,252.0,252.0,242.7,242.5,242.5,243.2,243.31,245.2,245.81,245.2,245.2,249.31,252.2
2021-07-14 22:00:00,249.61,249.0,243.81,239.9,235.31,232.9,232.2,232.2,231.61,227.61,228.61,249.61,249.0,243.81,239.9,235.31,230.7,230.7,230.11,230.7,229.4,229.81,247.11,246.9,242.81,238.4,234.11,234.11,230.81,230.4,230.0,229.4,229.81,244.11,243.0,241.0,237.11,237.11,233.5,231.7,230.2,229.5,229.4,229.4,240.61,239.31,239.31,236.9,234.9,232.2,230.4,228.81,229.2,229.2,230.9,238.11,238.11,235.2,233.0,231.9,230.2,228.31,227.9,227.9,229.7,230.81,238.31,236.61,232.61,230.31,231.9,230.2,228.31,228.31,227.9,229.7,230.81,238.31,236.61,232.61,230.31,228.81,228.81,227.5,226.61,227.7,229.7,230.5,235.5,234.0,230.9,228.31,228.31,226.11,224.9,225.11,226.9,228.81,229.5,233.0,232.4,229.11,229.11,226.9,224.7,224.2,223.9,225.61,227.81,227.81,230.11,229.7,229.7,227.4,225.81,224.31,223.2,223.11,223.11,224.81,226.7
2021-06-19 11:00:00,251.31,249.11,245.5,243.31,245.81,253.9,254.4,254.4,262.3,267.8,261.8,251.31,249.11,245.5,243.31,245.81,246.31,246.31,248.61,253.5,253.61,252.11,243.31,240.7,238.2,236.5,236.9,236.9,237.7,241.7,245.61,245.2,247.61,238.11,235.4,236.4,234.81,234.81,233.5,234.61,237.81,243.0,245.61,245.61,242.61,238.7,238.7,240.11,242.61,241.5,243.61,246.2,251.4,251.4,253.5,245.61,245.61,248.11,250.11,253.2,254.5,256.21,256.61,256.61,262.8,268.71,247.7,252.31,260.21,261.8,253.2,254.5,256.21,256.21,256.61,262.8,268.71,247.7,252.31,260.21,261.8,263.9,263.9,265.11,267.61,270.3,273.7,276.0,252.2,259.9,268.9,271.9,271.9,272.11,272.9,276.39,279.29,280.89,280.6,260.0,268.9,273.29,273.29,277.6,279.1,278.29,278.39,280.39,279.79,279.79,269.71,271.5,271.5,278.39,283.29,284.1,282.1,279.0,279.0,278.79,276.6
2021-08-23 03:00:00,202.89999999999998,203.61,204.31,205.7,207.0,208.61,209.81,209.81,210.0,210.0,210.0,202.89999999999998,203.61,204.31,205.7,207.0,208.2,208.2,208.81,208.7,208.81,207.7,204.0,204.7,205.7,205.7,205.4,205.4,206.0,207.31,207.61,207.11,205.7,205.2,205.7,206.7,205.81,205.81,204.61,203.89999999999998,205.81,206.81,205.9,205.9,205.11,205.7,205.7,205.61,205.7,205.7,204.7,205.0,205.61,205.61,205.31,204.5,204.5,204.9,204.31,205.7,205.9,206.0,204.9,204.9,204.39999999999998,205.7,203.5,203.89999999999998,204.2,204.7,205.7,205.9,206.0,206.0,204.9,204.39999999999998,205.7,203.5,203.89999999999998,204.2,204.7,205.2,205.2,205.61,205.4,205.0,204.9,205.7,202.7,203.89999999999998,203.7,204.9,204.9,205.31,204.5,204.9,205.7,205.81,206.11,202.39999999999998,202.5,203.89999999999998,203.89999999999998,204.11,204.81,204.61,204.81,206.0,206.9,206.9,202.2,202.5,202.5,203.39999999999998,203.89999999999998,204.11,204.31,204.9,204.9,206.9,207.81
2021-06-26 04:00:00,281.7,280.29,277.0,272.0,271.5,267.3,268.4,268.4,270.9,269.8,269.4,281.7,280.29,277.0,272.0,271.5,269.8,269.8,267.8,273.29,277.2,270.8,280.2,277.7,276.29,275.79,274.39,274.39,273.5,273.5,275.39,276.7,273.7,278.5,275.79,277.39,277.89,277.89,277.5,277.0,276.5,276.79,277.0,277.0,278.7,277.79,277.79,278.29,278.39,278.0,278.6,279.2,278.2,278.2,277.1,279.89,279.89,279.5,278.6,277.7,278.29,278.89,278.89,278.89,278.6,277.79,279.7,279.2,279.0,277.7,277.7,278.29,278.89,278.89,278.89,278.6,277.79,279.7,279.2,279.0,277.7,277.79,277.79,278.5,278.6,278.39,278.0,277.79,279.79,278.39,278.1,276.7,276.7,277.6,278.29,278.1,277.7,277.7,277.29,278.2,277.2,278.5,278.5,278.1,276.7,277.0,277.39,277.39,277.29,277.29,276.6,278.79,278.79,278.79,277.5,276.5,276.0,276.7,276.7,277.0,276.79
2021-08-03 22:00:00,290.5,290.29,290.39,290.29,290.2,290.2,290.2,290.2,290.2,290.2,290.2,290.5,290.29,290.39,290.29,290.2,290.2,290.2,290.2,290.1,290.29,290.2,290.29,290.39,290.29,290.2,290.29,290.29,290.1,290.2,290.1,290.29,290.2,290.39,290.39,290.2,290.29,290.29,290.1,290.0,290.2,290.1,290.2,290.2,290.29,290.29,290.29,290.1,290.1,290.2,290.1,290.2,290.2,290.2,290.0,290.1,290.1,290.1,290.1,290.0,290.0,290.1,290.1,290.1,290.0,290.1,290.0,290.0,290.0,290.1,290.0,290.0,290.1,290.1,290.1,290.0,290.1,290.0,290.0,290.0,290.1,290.0,290.0,289.79,290.1,289.79,290.0,290.0,289.89,289.79,289.89,289.89,289.89,289.89,290.0,289.7,289.79,289.79,290.0,289.89,289.89,289.7,289.7,289.79,289.89,289.79,289.79,289.89,289.79,289.79,289.89,289.7,289.7,289.7,289.79,289.79,289.89,289.89,289.89,289.79,289.89
2021-07-30 03:00:00,292.39,292.2,292.29,292.5,292.7,292.5,292.5,292.5,292.1,291.89,291.6,292.39,292.2,292.29,292.5,292.7,293.0,293.0,292.5,292.29,292.0,291.6,292.39,292.39,292.5,292.7,292.79,292.79,292.89,292.39,292.39,292.29,291.89,292.7,292.5,292.39,292.79,292.79,292.6,292.6,292.7,292.39,292.29,292.29,292.6,292.6,292.6,292.6,292.7,292.7,292.6,292.39,292.5,292.5,291.89,292.79,292.79,292.6,292.6,292.7,292.6,292.5,292.5,292.5,292.29,291.6,292.7,292.7,292.79,292.7,292.7,292.6,292.5,292.5,292.5,292.29,291.6,292.7,292.7,292.79,292.7,292.7,292.7,292.39,292.5,292.2,291.89,291.6,292.79,292.7,292.7,292.7,292.7,292.6,292.39,292.29,291.89,291.6,291.39,293.1,292.79,292.89,292.89,292.79,292.79,292.6,292.2,291.79,291.6,291.6,293.39,293.0,293.0,293.1,293.2,293.0,292.39,292.1,292.1,292.0,291.79
2021-06-14 10:00:00,253.2,250.81,249.61,251.11,252.11,253.2,251.4,251.4,246.61,244.61,245.5,253.2,250.81,249.61,251.11,252.11,250.7,250.7,247.61,246.31,246.5,250.4,252.7,249.81,249.9,248.9,247.11,247.11,245.31,243.9,247.0,252.9,252.7,251.7,249.11,248.7,246.7,246.7,244.31,241.4,241.81,250.5,254.9,254.9,248.4,246.9,246.9,247.7,245.31,243.7,245.9,250.0,251.7,251.7,253.81,242.4,242.4,245.81,245.7,245.0,248.0,252.31,252.81,252.81,253.81,255.31,242.2,242.0,243.0,243.0,245.0,248.0,252.31,252.31,252.81,253.81,255.31,242.2,242.0,243.0,243.0,248.2,248.2,251.9,253.0,254.7,256.3,257.3,240.61,240.11,241.2,245.61,245.61,251.0,252.61,253.11,255.9,258.3,259.71,239.61,241.5,244.31,244.31,248.4,250.61,250.61,253.0,256.21,259.0,259.0,240.61,245.11,245.11,248.61,250.2,249.61,249.2,252.4,252.4,255.61,259.21
2021-08-16 09:00:00,253.9,253.7,255.81,261.4,262.3,272.0,267.0,267.0,260.21,260.3,258.71,253.9,253.7,255.81,261.4,262.3,265.21,265.21,264.5,259.11,259.61,265.11,242.31,244.0,249.11,251.0,254.5,254.5,262.0,262.9,258.61,259.0,261.9,234.11,235.61,237.2,242.0,242.0,250.31,258.3,261.4,258.71,256.0,256.0,231.0,233.11,233.11,237.5,244.0,251.7,258.71,260.11,260.71,260.71,261.61,235.2,235.2,237.61,240.81,251.11,258.8,260.8,263.5,263.5,263.8,264.61,238.9,241.2,244.31,248.11,251.11,258.8,260.8,260.8,263.5,263.8,264.61,238.9,241.2,244.31,248.11,257.3,257.3,264.9,267.21,268.9,267.21,267.3,247.7,249.11,251.31,255.2,255.2,261.5,268.0,273.5,272.4,271.3,273.5,257.21,255.81,252.61,252.61,250.11,259.71,270.61,273.7,271.21,269.5,269.5,264.9,265.8,265.8,251.61,247.0,255.81,266.71,270.0,270.0,265.5,264.4
2021-07-14 06:00:00,293.29,293.0,292.7,292.79,292.89,292.29,291.6,291.6,291.39,290.89,290.89,293.29,293.0,292.7,292.79,292.89,292.5,292.5,292.0,291.5,291.0,290.6,293.2,293.1,292.79,292.6,292.79,292.79,292.5,291.5,291.29,291.6,290.2,293.0,293.0,292.89,292.6,292.6,292.29,292.0,291.7,291.2,290.2,290.2,292.7,292.6,292.6,292.5,292.29,292.0,291.5,291.0,290.6,290.6,289.89,292.1,292.1,292.0,291.89,292.0,291.5,291.1,289.89,289.89,289.6,289.2,291.5,291.79,291.39,291.29,292.0,291.5,291.1,291.1,289.89,289.6,289.2,291.5,291.79,291.39,291.29,291.1,291.1,290.89,290.7,289.1,287.7,288.0,291.29,291.39,291.2,291.0,291.0,290.6,290.6,290.0,288.79,286.39,286.7,292.0,291.79,291.7,291.7,291.89,291.2,290.1,288.7,287.0,285.29,285.29,292.79,292.5,292.5,292.39,292.39,291.89,290.7,287.5,287.5,282.1,284.1
2021-06-28 08:00:00,292.2,292.29,292.89,293.2,293.2,292.79,292.29,292.29,291.79,291.5,291.39,292.2,292.29,292.89,293.2,293.2,293.1,293.1,292.6,291.89,291.39,291.1,292.7,293.1,293.29,293.29,293.29,293.29,292.79,292.6,292.0,291.6,291.29,293.39,293.6,293.79,293.39,293.39,293.0,292.6,292.6,292.1,291.79,291.79,293.29,293.6,293.6,293.5,293.29,293.0,292.7,292.39,291.89,291.89,291.5,293.1,293.1,293.0,292.79,293.1,292.89,292.5,292.2,292.2,291.6,290.89,293.0,292.79,292.79,292.79,293.1,292.89,292.5,292.5,292.2,291.6,290.89,293.0,292.79,292.79,292.79,292.7,292.7,292.39,292.29,291.89,291.2,290.79,293.2,292.79,292.6,292.5,292.5,292.39,292.1,292.1,291.29,291.0,290.6,293.29,292.7,292.39,292.39,292.2,292.29,292.1,291.6,291.0,290.79,290.79,293.2,292.39,292.39,292.2,292.0,292.1,291.89,291.1,291.1,291.0,290.7
2021-07-02 10:00:00,244.11,252.31,249.2,244.2,246.7,241.0,235.2,235.2,228.0,224.2,229.0,244.11,252.31,249.2,244.2,246.7,242.5,242.5,234.5,228.0,225.11,227.81,247.7,253.11,249.4,247.4,253.61,253.61,247.0,234.11,226.4,224.61,227.11,250.7,251.61,243.4,251.0,251.0,260.21,248.7,234.4,224.5,223.7,223.7,249.4,245.9,245.9,240.0,251.5,258.0,245.7,233.61,224.7,224.7,223.5,249.11,249.11,236.81,238.11,249.7,249.2,242.31,230.81,230.81,225.9,227.0,246.2,239.9,236.4,240.61,249.7,249.2,242.31,242.31,230.81,225.9,227.0,246.2,239.9,236.4,240.61,243.5,243.5,238.9,236.2,227.7,225.81,230.11,242.2,235.2,238.61,238.11,238.11,235.2,234.2,226.9,222.7,225.81,235.2,237.81,235.11,239.31,239.31,236.7,231.2,228.5,221.7,221.5,228.31,228.31,233.61,238.7,238.7,238.7,234.5,229.5,225.31,219.61,219.61,220.9,230.4
2021-08-12 04:00:00,250.11,246.81,247.81,251.0,253.7,250.81,251.5,251.5,255.4,259.3,260.0,250.11,246.81,247.81,251.0,253.7,254.4,254.4,254.2,254.0,253.5,254.5,251.4,251.61,251.61,251.4,252.7,252.7,253.7,253.9,253.5,252.5,254.0,253.81,255.2,254.81,251.5,251.5,251.4,252.61,253.81,253.81,253.4,253.4,255.7,255.9,255.9,254.0,254.61,255.5,255.61,255.31,254.7,254.7,254.2,255.81,255.81,256.9,256.8,258.11,259.61,259.5,257.61,257.61,256.8,256.4,257.11,258.3,258.8,259.71,258.11,259.61,259.5,259.5,257.61,256.8,256.4,257.11,258.3,258.8,259.71,261.11,261.11,262.4,262.61,261.3,259.3,258.3,258.4,260.11,260.71,261.5,261.5,262.9,264.5,264.4,261.71,261.61,260.3,260.5,260.8,262.0,262.0,262.8,263.3,264.11,262.9,263.0,263.61,263.61,262.5,262.0,262.0,262.8,262.21,261.8,262.5,260.4,260.4,261.5,264.71
2021-08-30 03:00:00,256.9,259.0,257.4,256.5,258.0,256.71,255.81,255.81,254.9,253.5,252.81,256.9,259.0,257.4,256.5,258.0,259.8,259.8,259.71,257.4,255.0,253.7,260.61,263.11,261.21,259.4,260.4,260.4,262.8,263.4,260.4,256.11,253.5,264.4,265.9,263.4,262.3,262.3,262.5,264.9,266.5,262.71,256.3,256.3,264.0,265.11,265.11,263.71,264.3,264.3,264.71,264.61,262.8,262.8,258.9,262.11,262.11,263.21,264.0,265.21,264.71,263.61,262.5,262.5,262.0,260.5,259.9,261.4,262.21,263.5,265.21,264.71,263.61,263.61,262.5,262.0,260.5,259.9,261.4,262.21,263.5,264.4,264.4,264.71,262.5,261.61,261.21,259.8,259.9,260.61,261.61,262.0,262.0,263.3,262.4,261.21,261.3,259.8,259.0,260.11,261.0,261.11,261.11,262.11,262.4,261.61,260.9,260.5,260.0,260.0,260.5,260.71,260.71,261.4,261.71,261.61,261.71,260.9,260.9,260.5,260.9
2021-07-31 10:00:00,292.89,292.89,292.79,292.39,292.39,292.2,292.39,292.39,292.39,292.5,293.2,292.89,292.89,292.79,292.39,292.39,292.39,292.39,292.39,292.6,292.79,293.2,293.2,293.29,293.0,292.89,292.6,292.6,292.79,292.5,292.7,292.79,292.89,293.6,293.39,293.29,293.1,293.1,293.0,292.89,292.79,292.6,292.6,292.6,293.5,293.5,293.5,293.5,293.29,293.1,293.0,292.79,292.79,292.79,292.6,293.5,293.5,293.39,293.5,293.39,293.2,292.79,292.79,292.79,292.79,292.5,293.7,293.6,293.5,293.5,293.39,293.2,292.79,292.79,292.79,292.79,292.5,293.7,293.6,293.5,293.5,293.39,293.39,293.0,292.89,292.79,292.79,292.6,293.6,293.7,293.5,293.5,293.5,293.29,293.2,292.79,292.7,292.7,292.7,293.89,293.89,293.79,293.79,293.6,293.39,293.39,293.0,292.89,292.89,292.89,293.89,293.79,293.79,293.89,293.79,293.6,293.29,293.1,293.1,293.2,292.89
2021-08-17 03:00:00,285.6,284.89,281.79,282.1,281.0,274.0,271.61,271.61,272.71,276.39,282.1,285.6,284.89,281.79,282.1,281.0,279.2,279.2,278.5,278.6,277.5,278.89,284.89,286.29,285.2,286.6,286.6,286.6,285.79,284.7,283.7,277.29,272.9,285.5,287.29,287.89,290.2,290.2,291.2,291.0,289.6,287.39,281.39,281.39,287.2,287.79,287.79,289.1,290.2,290.89,291.2,291.29,288.29,288.29,282.29,287.5,287.5,287.1,287.5,288.2,289.1,289.39,288.39,288.39,286.89,284.7,287.1,286.29,285.89,285.6,288.2,289.1,289.39,289.39,288.39,286.89,284.7,287.1,286.29,285.89,285.6,284.89,284.89,285.5,286.5,286.0,285.5,283.39,286.89,285.89,283.39,283.1,283.1,281.2,281.39,282.89,283.29,283.5,281.5,286.5,284.89,281.5,281.5,280.0,279.89,281.0,281.39,281.6,281.6,281.6,285.79,284.6,284.6,279.79,277.79,279.89,280.29,281.1,281.1,281.39,279.5
2021-07-04 22:00:00,264.4,266.71,268.4,270.0,270.71,269.8,268.21,268.21,263.5,265.61,268.11,264.4,266.71,268.4,270.0,270.71,270.3,270.3,268.9,266.11,266.3,267.4,268.8,267.9,268.71,269.71,270.3,270.3,270.3,269.3,267.8,267.4,267.5,270.5,268.4,268.61,268.9,268.9,269.21,270.3,270.11,268.8,267.9,267.9,272.3,270.5,270.5,269.4,268.8,269.21,270.21,270.5,269.61,269.61,268.71,272.3,272.3,271.8,270.5,268.61,268.9,270.21,270.5,270.5,269.8,269.21,270.9,270.5,270.5,269.9,268.61,268.9,270.21,270.21,270.5,269.8,269.21,270.9,270.5,270.5,269.9,269.3,269.3,270.5,270.9,270.9,270.11,268.5,269.61,269.3,268.9,268.3,268.3,270.0,273.1,271.5,270.61,270.0,267.4,270.71,268.8,268.11,268.11,269.0,270.21,272.3,272.11,270.11,268.5,268.5,271.9,268.5,268.5,268.21,269.11,269.9,271.5,271.5,271.5,269.5,266.9
2021-06-02 03:00:00,265.0,265.21,265.71,263.8,260.71,264.3,265.21,265.21,268.4,274.7,278.29,265.0,265.21,265.71,263.8,260.71,259.4,259.4,260.71,266.5,272.11,275.1,264.4,264.71,263.21,259.4,257.4,257.4,257.8,260.61,263.0,265.11,270.9,265.71,263.21,259.8,256.8,256.8,257.0,258.61,259.5,259.11,262.9,262.9,266.3,262.3,262.3,259.3,259.21,259.0,259.9,260.5,260.71,260.71,262.61,265.11,265.11,263.8,263.61,263.21,263.0,262.9,263.21,263.21,263.8,265.8,269.61,269.21,266.9,266.61,263.21,263.0,262.9,262.9,263.21,263.8,265.8,269.61,269.21,266.9,266.61,266.8,266.8,268.21,268.4,268.61,266.9,266.3,273.2,276.0,270.4,268.71,268.71,271.5,273.2,274.5,272.8,269.61,272.0,276.1,278.79,276.29,276.29,273.2,275.89,276.89,278.39,275.29,274.7,274.7,277.5,279.89,279.89,281.29,279.6,279.2,280.39,280.39,280.39,278.79,278.5
2021-07-16 06:00:00,209.5,208.81,209.7,211.0,212.31,214.9,218.0,218.0,220.7,222.31,222.31,209.5,208.81,209.7,211.0,212.31,214.81,214.81,218.0,220.31,222.4,222.9,208.61,209.9,210.2,211.4,212.9,212.9,214.61,218.5,221.0,222.31,223.0,208.7,210.4,211.2,212.11,212.11,214.5,214.9,219.31,221.5,222.31,222.31,209.0,210.4,210.4,211.5,213.7,215.11,217.5,220.7,221.5,221.5,222.31,208.61,208.61,210.81,212.81,215.4,217.81,220.31,220.9,220.9,222.0,223.31,209.11,209.4,211.31,213.61,215.4,217.81,220.31,220.31,220.9,222.0,223.31,209.11,209.4,211.31,213.61,218.2,218.2,219.81,220.9,221.81,223.11,223.9,211.2,210.5,212.9,216.2,216.2,220.7,221.11,221.4,222.7,223.9,225.11,213.61,213.9,216.31,216.31,219.81,221.5,221.81,221.9,223.2,224.4,224.4,216.2,218.31,218.31,219.9,222.31,222.7,222.11,222.7,222.7,224.2,224.61
2021-07-03 06:00:00,287.2,287.29,287.39,287.5,287.29,287.5,287.1,287.1,287.29,287.39,287.5,287.2,287.29,287.39,287.5,287.29,287.39,287.39,287.29,287.29,287.39,287.6,287.29,287.39,287.39,287.6,287.5,287.5,287.5,287.2,287.39,287.5,287.5,287.29,287.39,287.39,287.39,287.39,287.6,287.29,287.6,287.39,287.29,287.29,287.29,287.39,287.39,287.39,287.5,287.39,287.39,287.39,287.39,287.39,287.39,287.2,287.2,287.29,287.2,287.39,287.39,287.39,287.39,287.39,287.29,287.39,287.2,287.29,287.29,287.2,287.39,287.39,287.39,287.39,287.39,287.29,287.39,287.2,287.29,287.29,287.2,287.39,287.39,287.39,287.39,287.5,287.29,287.39,287.2,286.89,287.0,287.29,287.29,287.1,287.39,287.39,287.2,287.29,287.5,287.0,287.2,286.89,286.89,287.2,287.2,287.5,287.29,287.39,287.5,287.5,286.79,286.79,286.79,286.89,287.29,287.29,287.5,287.5,287.5,287.6,287.79
2021-08-23 00:00:00,218.9,222.0,223.0,228.2,234.4,240.5,244.0,244.0,245.81,246.9,248.7,218.9,222.0,223.0,228.2,234.4,242.11,242.11,245.11,247.2,249.2,250.0,217.61,220.2,222.5,227.2,232.81,232.81,240.31,245.2,249.11,251.61,252.11,217.0,219.11,222.0,227.0,227.0,231.9,236.61,244.4,249.9,253.4,253.4,215.81,218.2,218.2,221.7,226.0,230.81,232.9,239.11,247.7,247.7,253.11,214.81,214.81,217.5,221.2,225.31,227.31,228.81,234.61,234.61,242.5,249.81,213.11,214.2,216.7,219.61,225.31,227.31,228.81,228.81,234.61,242.5,249.81,213.11,214.2,216.7,219.61,223.11,223.11,226.0,226.11,230.81,237.11,243.5,212.31,214.2,215.9,218.81,218.81,221.4,223.61,224.81,227.31,231.5,236.81,212.9,214.5,216.7,216.7,217.7,219.9,222.11,222.31,225.11,227.9,227.9,213.61,215.2,215.2,217.0,218.31,218.81,220.0,220.7,220.7,222.11,225.11
2021-06-08 02:00:00,273.29,268.8,269.0,271.5,273.29,267.3,270.11,270.11,269.21,260.71,248.5,273.29,268.8,269.0,271.5,273.29,275.2,275.2,276.7,270.61,260.0,254.11,282.5,279.29,277.0,276.79,277.6,277.6,277.89,277.2,271.5,262.61,262.21,288.6,287.1,283.1,279.29,279.29,274.39,277.89,276.6,270.21,263.21,263.21,289.39,287.2,287.2,282.5,275.79,272.5,275.0,275.5,269.11,269.11,264.21,283.79,283.79,287.0,281.0,271.61,269.61,272.3,274.2,274.2,268.61,265.9,280.39,283.0,283.0,275.89,271.61,269.61,272.3,272.3,274.2,268.61,265.9,280.39,283.0,283.0,275.89,268.21,268.21,269.61,268.8,267.11,269.71,270.21,282.6,283.1,281.0,274.6,274.6,270.0,271.3,268.4,266.71,271.5,273.5,288.1,287.0,285.1,285.1,280.89,276.79,273.0,272.0,272.0,274.1,274.1,293.2,292.2,292.2,290.29,286.5,281.89,276.2,274.2,274.2,274.79,274.89
2021-07-19 05:00:00,291.79,293.2,293.29,293.1,293.0,292.7,292.79,292.79,292.6,292.39,292.1,291.79,293.2,293.29,293.1,293.0,293.1,293.1,293.2,292.79,292.39,291.89,292.29,293.39,293.2,293.2,293.2,293.2,293.6,294.2,293.39,291.1,289.79,292.7,293.0,292.79,292.79,292.79,293.2,293.39,293.39,292.79,291.89,291.89,293.2,292.89,292.89,292.1,292.0,291.79,291.5,291.0,290.7,290.7,290.39,293.1,293.1,292.2,290.7,290.39,289.6,289.29,288.1,288.1,288.2,289.39,293.1,293.0,292.0,289.7,290.39,289.6,289.29,289.29,288.1,288.2,289.39,293.1,293.0,292.0,289.7,288.79,288.79,288.29,286.79,284.29,287.6,288.89,292.6,292.79,291.79,289.29,289.29,287.89,286.5,284.7,284.6,286.7,287.7,291.2,291.5,289.89,289.89,287.0,286.79,288.5,287.79,286.39,287.39,287.39,289.29,289.2,289.2,287.79,284.39,285.7,289.7,290.0,290.0,288.89,287.6
2021-08-21 08:00:00,292.6,292.89,293.2,293.89,293.79,292.7,291.89,291.89,292.39,293.0,293.2,292.6,292.89,293.2,293.89,293.79,292.39,292.39,291.79,293.0,293.7,293.6,292.89,292.79,293.6,294.1,294.1,294.1,292.79,292.29,293.1,293.89,294.29,293.2,292.7,293.5,294.39,294.39,294.29,293.5,292.6,293.2,294.2,294.2,293.6,293.29,293.29,294.1,294.6,294.2,293.6,293.39,293.7,293.7,294.39,294.1,294.1,294.1,294.39,294.79,294.0,293.7,294.1,294.1,294.29,294.39,294.29,294.6,294.39,294.7,294.79,294.0,293.7,293.7,294.1,294.29,294.39,294.29,294.6,294.39,294.7,294.6,294.6,294.39,294.2,294.39,294.39,294.5,294.29,294.6,294.6,294.29,294.29,294.6,294.6,294.6,294.5,294.5,294.5,294.7,294.6,294.6,294.6,294.6,294.7,294.7,294.7,294.5,294.5,294.5,294.79,294.89,294.89,294.5,294.7,294.79,294.7,294.5,294.5,294.29,294.39
2021-08-04 01:00:00,290.1,289.79,289.89,290.0,290.2,289.7,289.7,289.7,289.7,289.39,288.6,290.1,289.79,289.89,290.0,290.2,290.1,290.1,289.89,289.79,288.6,288.29,290.2,290.1,289.7,289.79,290.0,290.0,290.0,290.0,289.39,288.89,289.1,290.29,290.1,289.6,289.5,289.5,289.79,289.79,289.39,288.89,289.39,289.39,290.0,289.5,289.5,289.29,289.5,289.7,289.29,288.79,289.39,289.39,289.7,289.5,289.5,288.7,288.79,289.5,289.2,288.39,288.6,288.6,289.6,289.6,289.39,288.6,288.79,289.2,289.5,289.2,288.39,288.39,288.6,289.6,289.6,289.39,288.6,288.79,289.2,288.79,288.79,288.0,288.6,288.5,289.6,289.6,288.79,288.39,288.79,289.29,289.29,287.89,287.79,288.6,289.0,289.6,289.0,288.7,288.6,289.0,289.0,288.39,287.89,288.2,288.79,289.89,289.29,289.29,288.7,288.39,288.39,288.39,288.39,287.7,288.89,289.29,289.29,289.5,289.39
2021-08-31 06:00:00,260.8,260.71,257.5,254.4,256.0,257.3,259.11,259.11,259.61,263.21,262.11,260.8,260.71,257.5,254.4,256.0,260.5,260.5,261.8,261.21,264.5,263.4,253.7,253.5,254.31,257.4,260.21,260.21,261.21,261.61,264.0,268.9,268.71,240.2,245.9,255.4,258.61,258.61,259.3,262.3,265.9,266.9,267.9,267.9,236.11,243.4,243.4,251.0,254.0,259.3,265.4,268.3,265.9,265.9,265.9,236.11,236.11,243.5,249.2,250.0,257.11,268.9,269.11,269.11,266.5,265.5,236.0,240.0,243.9,248.5,250.0,257.11,268.9,268.9,269.11,266.5,265.5,236.0,240.0,243.9,248.5,250.9,250.9,254.7,265.9,273.2,269.3,263.11,241.81,243.9,246.7,250.7,250.7,253.5,255.7,260.5,267.61,269.61,262.61,249.81,251.2,254.0,254.0,255.9,259.3,254.5,250.61,255.81,265.71,265.71,258.5,256.3,256.3,261.4,265.4,264.21,252.7,240.11,240.11,253.11,263.61
2021-07-27 09:00:00,227.31,229.2,231.9,234.11,235.81,235.81,238.0,238.0,239.9,240.5,243.2,227.31,229.2,231.9,234.11,235.81,237.81,237.81,240.5,243.11,243.5,242.7,225.4,228.81,232.7,233.7,234.31,234.31,237.5,242.4,245.4,248.31,249.11,227.31,231.9,234.0,236.5,236.5,237.61,238.61,244.9,248.11,253.81,253.81,232.81,236.11,236.11,238.4,241.4,242.31,244.5,249.4,252.61,252.61,253.81,235.61,235.61,239.61,243.9,244.31,248.11,250.31,251.61,251.61,255.9,256.0,240.7,243.4,246.31,247.2,244.31,248.11,250.31,250.31,251.61,255.9,256.0,240.7,243.4,246.31,247.2,247.0,247.0,248.9,250.81,251.31,256.4,258.4,246.11,249.11,251.31,250.9,250.9,248.2,246.61,249.0,252.11,255.81,255.9,244.31,247.4,248.0,248.0,246.61,247.7,247.4,248.0,252.81,253.61,253.61,242.4,241.0,241.0,242.11,245.5,245.5,245.5,248.31,248.31,252.0,251.11
2021-08-22 02:00:00,249.61,248.31,247.81,247.2,244.9,239.5,236.0,236.0,237.31,238.4,239.31,249.61,248.31,247.81,247.2,244.9,240.2,240.2,236.81,237.5,239.31,239.81,250.0,249.61,249.81,248.31,245.61,245.61,240.9,238.0,238.7,239.31,239.11,250.11,250.11,250.4,249.0,249.0,245.5,241.7,240.11,239.9,239.7,239.7,250.61,249.81,249.81,249.4,248.5,245.7,242.7,241.2,241.0,241.0,240.4,250.9,250.9,249.11,248.11,247.2,244.81,243.4,241.9,241.9,241.9,241.31,251.61,250.4,248.9,246.81,247.2,244.81,243.4,243.4,241.9,241.9,241.31,251.61,250.4,248.9,246.81,244.7,244.7,244.7,243.0,241.4,243.4,241.2,250.2,249.7,248.2,245.11,245.11,243.11,242.7,242.31,243.0,243.0,240.61,247.9,248.4,246.31,246.31,243.7,242.0,242.11,243.0,243.4,241.81,241.81,245.4,246.81,246.81,244.31,242.7,240.9,241.5,243.31,243.31,242.81,241.11
2021-06-24 08:00:00,290.6,290.2,289.7,290.2,291.39,292.0,290.89,290.89,291.1,291.1,289.2,290.6,290.2,289.7,290.2,291.39,292.2,292.2,292.79,292.7,290.2,287.5,291.1,290.39,289.0,290.5,291.1,291.1,291.39,292.1,292.1,290.5,288.0,291.5,290.7,289.89,291.1,291.1,290.89,290.5,290.29,290.0,288.89,288.89,292.39,292.0,292.0,291.89,292.2,291.0,289.39,288.0,286.2,286.2,282.79,292.7,292.7,292.5,292.79,292.5,290.39,287.39,284.5,284.5,280.5,271.5,291.5,292.1,291.5,291.6,292.5,290.39,287.39,287.39,284.5,280.5,271.5,291.5,292.1,291.5,291.6,291.1,291.1,288.89,285.2,279.79,269.8,253.81,291.5,290.7,289.5,289.0,289.0,287.5,282.39,280.79,276.0,255.0,247.0,291.0,290.0,288.6,288.6,286.29,281.7,271.4,273.2,262.21,252.9,252.9,289.0,287.89,287.89,286.39,283.29,273.6,264.9,261.71,261.71,254.2,253.4
2021-08-08 10:00:00,293.39,293.5,293.5,293.79,293.89,294.0,293.89,293.89,294.0,294.29,294.6,293.39,293.5,293.5,293.79,293.89,294.2,294.2,294.2,294.29,294.29,294.89,293.5,293.79,293.7,294.0,294.2,294.2,294.2,294.39,294.6,294.7,295.2,293.79,293.89,294.2,294.2,294.2,294.2,294.39,294.5,294.89,295.39,295.39,294.39,294.5,294.5,294.39,294.6,294.6,294.6,295.0,295.5,295.5,295.6,294.79,294.79,295.0,295.1,295.2,294.79,295.0,295.6,295.6,296.0,295.7,295.1,295.29,295.29,295.5,295.2,294.79,295.0,295.0,295.6,296.0,295.7,295.1,295.29,295.29,295.5,295.6,295.6,295.39,295.7,296.1,296.2,296.2,295.6,295.39,295.6,295.7,295.7,296.0,296.0,296.29,296.5,296.2,296.5,295.89,295.79,295.89,295.89,296.1,296.29,296.6,296.7,296.6,296.7,296.7,296.1,296.0,296.0,296.2,296.29,296.5,297.0,296.79,296.79,296.6,296.7
2021-06-22 11:00:00,281.89,282.79,284.7,287.0,289.7,292.39,292.79,292.79,293.29,293.29,293.2,281.89,282.79,284.7,287.0,289.7,292.29,292.29,292.89,293.1,293.1,293.0,275.39,275.2,276.79,285.39,291.2,291.2,292.79,293.0,292.7,292.79,292.39,271.71,270.4,272.61,284.29,284.29,291.89,293.0,292.6,292.29,292.2,292.2,273.39,276.39,276.39,279.6,285.29,288.5,291.29,292.0,292.39,292.39,292.0,278.5,278.5,284.2,286.5,287.1,287.7,289.29,291.2,291.2,292.29,291.7,278.7,283.7,287.6,289.1,287.1,287.7,289.29,289.29,291.2,292.29,291.7,278.7,283.7,287.6,289.1,290.2,290.2,290.29,290.6,291.0,291.2,291.1,286.39,288.2,289.89,291.6,291.6,292.5,292.6,292.1,291.0,290.1,290.0,290.7,292.1,292.79,292.79,293.2,293.0,292.39,291.6,290.89,289.89,289.89,292.5,293.2,293.2,293.1,292.89,292.1,291.5,290.7,290.7,290.0,289.89
2021-06-18 00:00:00,253.81,253.7,253.9,254.11,253.9,254.11,254.2,254.2,254.2,254.2,254.31,253.81,253.7,253.9,254.11,253.9,253.9,253.9,254.2,254.31,254.4,254.5,254.31,254.2,254.0,254.2,254.0,254.0,254.11,254.31,254.4,254.2,254.2,254.5,254.61,254.4,254.2,254.2,254.4,254.31,254.4,254.4,254.0,254.0,254.61,254.5,254.5,254.5,254.31,254.2,254.31,254.2,254.31,254.31,254.2,254.5,254.5,254.5,254.31,254.31,254.2,254.0,254.0,254.0,254.2,254.11,254.5,254.5,254.4,254.2,254.31,254.2,254.0,254.0,254.0,254.2,254.11,254.5,254.5,254.4,254.2,254.31,254.31,254.0,253.9,253.9,254.0,254.11,254.4,254.31,254.31,254.31,254.31,254.2,253.81,253.9,254.0,253.9,253.9,254.4,254.2,254.2,254.2,254.2,254.11,254.0,253.81,253.7,253.9,253.9,254.5,254.11,254.11,254.2,254.0,254.11,254.0,253.81,253.81,253.9,253.9
2021-07-20 06:00:00,291.29,291.0,292.2,293.0,293.0,293.0,292.7,292.7,292.5,292.0,292.0,291.29,291.0,292.2,293.0,293.0,292.6,292.6,292.39,292.39,292.2,292.0,290.6,291.5,292.39,292.7,292.29,292.29,292.39,292.39,292.29,292.29,291.89,291.2,291.89,292.1,292.2,292.2,292.29,291.89,292.39,292.2,292.2,292.2,291.0,291.7,291.7,292.1,291.79,291.6,292.1,292.2,291.79,291.79,291.79,290.6,290.6,291.39,291.39,291.0,291.39,291.79,291.5,291.5,291.2,291.1,290.89,291.29,290.89,290.29,291.0,291.39,291.79,291.79,291.5,291.2,291.1,290.89,291.29,290.89,290.29,290.7,290.7,291.0,291.0,291.0,290.79,290.6,291.5,290.79,290.0,290.6,290.6,290.5,290.2,290.5,290.89,290.5,290.7,292.2,290.1,289.6,289.6,289.79,290.6,290.79,291.6,291.29,290.79,290.79,291.79,291.5,291.5,288.79,288.5,290.5,292.0,292.1,292.1,291.7,290.7
2021-07-11 06:00:00,246.61,246.31,246.61,247.81,250.2,253.0,255.4,255.4,253.4,250.9,249.4,246.61,246.31,246.61,247.81,250.2,252.81,252.81,253.61,251.5,249.4,248.81,246.5,246.5,246.81,247.7,249.9,249.9,251.5,250.5,249.5,248.7,248.0,246.61,247.0,247.2,247.81,247.81,248.7,249.7,248.4,247.81,247.7,247.7,246.7,247.2,247.2,247.7,247.61,248.0,248.0,247.9,247.2,247.2,247.11,247.11,247.11,247.31,247.81,247.31,247.2,247.11,247.2,247.2,247.11,246.9,247.11,247.5,247.5,247.31,247.31,247.2,247.11,247.11,247.2,247.11,246.9,247.11,247.5,247.5,247.31,247.11,247.11,246.81,246.61,246.7,247.0,246.9,247.11,247.7,247.31,247.11,247.11,246.9,246.61,246.81,246.5,246.9,247.31,247.7,248.11,247.4,247.4,246.9,246.81,246.61,246.9,246.9,247.11,247.11,248.0,248.31,248.31,247.5,246.9,246.81,247.11,247.11,247.11,247.0,247.31
2021-08-28 05:00:00,263.61,269.3,269.9,269.3,271.9,276.39,272.61,272.61,278.5,282.1,282.7,263.61,269.3,269.9,269.3,271.9,269.8,269.8,271.3,276.39,281.0,282.2,263.8,266.4,266.0,263.9,265.3,265.3,268.11,270.21,274.2,279.1,280.39,264.71,263.61,262.3,259.3,259.3,260.8,267.0,270.21,272.11,274.79,274.79,262.4,262.71,262.71,261.3,255.9,260.9,264.5,268.0,269.3,269.3,273.2,264.11,264.11,261.0,260.61,256.21,257.5,264.4,266.4,266.4,267.0,271.61,269.9,268.0,261.11,257.5,256.21,257.5,264.4,264.4,266.4,267.0,271.61,269.9,268.0,261.11,257.5,258.5,258.5,258.61,262.9,266.11,265.8,269.9,272.4,270.0,262.11,260.4,260.4,260.11,257.9,260.71,267.9,266.0,266.9,273.0,269.4,266.3,266.3,264.21,260.9,256.11,258.71,265.61,269.61,269.61,271.8,269.61,269.61,269.61,267.5,261.0,256.5,256.0,256.0,264.4,271.5
2021-07-20 02:00:00,289.7,289.79,289.79,289.79,289.6,289.5,289.89,289.89,289.5,289.5,289.7,289.7,289.79,289.79,289.79,289.6,289.89,289.89,289.79,289.7,289.39,289.79,290.1,289.7,290.0,289.7,289.7,289.7,289.79,289.39,289.7,289.79,289.7,289.6,289.89,289.7,289.6,289.6,289.79,289.39,289.6,289.5,289.5,289.5,289.6,289.39,289.39,289.5,289.5,289.5,289.7,289.6,289.39,289.39,289.5,288.89,288.89,289.0,289.2,289.2,289.5,289.7,289.29,289.29,289.2,289.39,289.2,289.5,289.2,289.2,289.2,289.5,289.7,289.7,289.29,289.2,289.39,289.2,289.5,289.2,289.2,288.79,288.79,288.89,289.0,288.89,289.0,288.7,289.5,289.6,289.39,289.1,289.1,288.5,288.29,288.2,288.5,288.29,288.2,289.1,289.2,288.89,288.89,288.6,288.1,288.39,288.2,288.1,287.7,287.7,289.0,288.89,288.89,288.39,287.89,287.79,288.29,288.1,288.1,287.7,287.0
2021-07-08 00:00:00,273.2,272.21,272.3,275.7,280.0,275.29,272.21,272.21,270.4,268.3,268.21,273.2,272.21,272.3,275.7,280.0,277.6,277.6,274.79,272.0,268.5,267.3,271.21,270.5,271.9,274.2,276.89,276.89,277.29,276.89,273.1,269.5,267.3,265.9,269.0,272.4,271.11,271.11,272.61,275.79,275.5,273.5,270.3,270.3,265.4,267.21,267.21,268.3,268.21,268.11,272.0,271.11,271.11,271.11,268.4,265.5,265.5,265.21,265.61,264.9,265.11,266.3,266.61,266.61,266.8,265.9,267.61,265.0,262.9,263.5,264.9,265.11,266.3,266.3,266.61,266.8,265.9,267.61,265.0,262.9,263.5,263.21,263.21,263.21,262.9,263.0,263.4,262.8,268.21,262.4,261.71,263.21,263.21,263.11,261.5,261.0,261.11,260.3,259.5,271.9,265.3,263.4,263.4,264.9,265.71,263.21,261.11,260.4,259.61,259.61,277.29,269.5,269.5,267.5,269.11,269.5,266.21,263.5,263.5,261.71,260.8
2021-07-13 06:00:00,262.61,261.8,260.8,260.5,260.61,257.0,256.5,256.5,254.81,252.7,250.2,262.61,261.8,260.8,260.5,260.61,258.9,258.9,256.5,254.0,252.31,249.9,263.3,262.61,261.61,261.21,260.9,260.9,258.9,256.11,253.2,251.4,249.81,265.21,263.5,262.61,261.71,261.71,260.9,258.11,253.61,251.9,249.9,249.9,265.71,264.8,264.8,263.8,262.3,261.9,257.5,251.9,249.0,249.0,247.7,265.8,265.8,265.4,264.8,262.9,262.21,257.4,249.5,249.5,246.2,244.9,265.9,265.21,265.21,265.11,262.9,262.21,257.4,257.4,249.5,246.2,244.9,265.9,265.21,265.21,265.11,262.8,262.8,261.11,256.0,246.0,243.11,242.9,263.5,264.5,262.61,263.3,263.3,261.61,259.61,253.11,243.9,240.61,238.81,259.9,259.71,258.5,258.5,258.3,258.8,254.5,249.31,242.7,238.5,238.5,256.0,254.61,254.61,252.5,252.0,254.11,250.0,245.2,245.2,241.31,236.81
2021-06-25 06:00:00,231.4,230.5,226.11,226.9,228.0,228.5,232.7,232.7,238.61,243.81,248.61,231.4,230.5,226.11,226.9,228.0,232.2,232.2,238.61,244.0,248.5,252.9,231.9,229.5,226.31,228.9,233.0,233.0,238.0,243.61,249.81,254.0,255.4,231.81,228.5,228.11,231.5,231.5,237.4,242.81,249.2,253.81,255.9,255.9,231.9,229.11,229.11,229.9,234.61,240.9,246.7,250.5,253.9,253.9,256.21,232.7,232.7,230.7,232.81,237.9,243.7,249.4,251.2,251.2,252.81,255.2,235.7,234.61,233.9,236.7,237.9,243.7,249.4,249.4,251.2,252.81,255.2,235.7,234.61,233.9,236.7,241.4,241.4,245.5,249.11,249.4,250.9,254.5,236.9,236.31,237.11,239.81,239.81,243.7,246.61,247.11,247.5,248.31,251.0,237.81,238.31,239.2,239.2,241.7,243.9,246.7,247.31,247.0,245.4,245.4,238.5,240.2,240.2,240.7,242.2,244.11,245.81,247.2,247.2,245.0,242.4
2021-08-29 23:00:00,245.81,245.2,243.11,240.81,240.7,244.9,245.81,245.81,245.5,244.81,243.7,245.81,245.2,243.11,240.81,240.7,240.2,240.2,239.2,239.11,240.2,240.11,241.7,240.9,238.81,235.81,236.61,236.61,236.31,234.0,232.5,233.4,235.0,238.31,237.0,235.2,232.7,232.7,234.11,234.0,230.81,227.61,228.4,228.4,236.7,235.31,235.31,234.11,232.81,232.9,232.11,229.7,227.5,227.5,226.7,234.61,234.61,234.31,233.5,232.7,231.5,230.4,229.11,229.11,228.2,226.31,234.61,234.0,233.5,232.4,232.7,231.5,230.4,230.4,229.11,228.2,226.31,234.61,234.0,233.5,232.4,231.31,231.31,231.61,231.31,229.7,227.7,225.61,232.2,233.2,232.31,229.7,229.7,229.11,231.2,230.9,230.0,226.5,223.2,229.4,230.7,229.5,229.5,227.11,225.7,226.5,226.9,225.31,223.31,223.31,227.11,226.7,226.7,225.7,224.4,221.31,220.4,220.9,220.9,219.81,218.9
2021-07-19 07:00:00,292.7,292.29,292.29,291.89,291.89,291.7,291.7,291.7,291.7,291.5,291.5,292.7,292.29,292.29,291.89,291.89,291.7,291.7,291.6,291.89,291.2,290.6,292.5,292.29,292.5,292.1,292.0,292.0,291.79,291.7,291.79,291.29,291.2,292.5,292.5,292.5,292.5,292.5,292.1,291.89,292.0,291.5,291.5,291.5,292.79,292.89,292.89,292.79,292.39,292.1,291.7,291.6,291.7,291.7,291.7,293.1,293.1,293.2,292.79,292.29,291.79,291.5,291.79,291.79,292.0,291.7,293.1,293.0,293.0,292.7,292.29,291.79,291.5,291.5,291.79,292.0,291.7,293.1,293.0,293.0,292.7,292.29,292.29,291.7,291.5,292.1,292.1,291.79,293.0,292.79,292.6,292.6,292.6,292.29,291.5,291.79,292.0,292.29,291.7,292.7,292.5,292.39,292.39,292.0,292.2,291.89,291.7,292.0,292.1,292.1,292.29,292.0,292.0,292.1,292.2,292.2,292.0,291.79,291.79,291.79,291.89
2021-06-18 10:00:00,266.0,265.61,265.5,265.21,263.61,260.9,261.4,261.4,260.4,259.9,260.0,266.0,265.61,265.5,265.21,263.61,261.8,261.8,262.61,262.3,262.71,262.3,265.9,266.11,266.21,266.11,266.0,266.0,264.11,264.5,264.9,264.5,264.8,266.4,266.9,267.5,267.71,267.71,267.4,266.9,266.8,266.5,266.71,266.71,267.5,269.11,269.11,269.4,269.8,268.21,269.4,267.9,268.0,268.0,268.11,272.21,272.21,272.21,271.5,271.9,270.8,270.5,269.61,269.61,268.9,269.4,275.7,276.2,275.7,273.7,271.9,270.8,270.5,270.5,269.61,268.9,269.4,275.7,276.2,275.7,273.7,274.1,274.1,273.2,272.0,271.5,271.4,271.5,277.7,277.89,278.1,276.89,276.89,275.7,274.5,273.6,273.2,273.89,273.29,278.29,278.79,277.5,277.5,276.5,276.89,275.2,274.5,274.6,274.89,274.89,278.1,277.39,277.39,276.6,276.6,277.5,276.1,275.2,275.2,275.5,275.6
2021-07-07 23:00:00,264.71,263.5,261.9,261.0,262.0,265.4,263.9,263.9,262.3,260.61,259.3,264.71,263.5,261.9,261.0,262.0,263.71,263.71,263.8,262.9,262.61,262.8,265.9,265.3,263.9,260.9,260.9,260.9,262.4,263.71,264.0,263.71,263.4,266.21,266.3,265.71,260.8,260.8,259.61,261.11,263.21,264.61,263.8,263.8,264.8,266.4,266.4,265.71,259.8,257.3,258.9,260.21,262.71,262.71,262.71,263.61,263.61,266.5,263.5,259.3,257.4,256.9,258.8,258.8,260.5,261.5,256.8,263.61,264.5,260.5,259.3,257.4,256.9,256.9,258.8,260.5,261.5,256.8,263.61,264.5,260.5,259.5,259.5,257.8,257.11,257.5,259.0,260.0,257.5,265.11,263.8,261.8,261.8,261.4,261.11,259.8,259.9,260.0,260.71,263.11,269.9,267.3,267.3,265.8,266.11,265.4,265.0,264.5,264.71,264.71,271.3,273.1,273.1,272.21,270.9,270.8,270.71,270.0,270.0,270.11,270.61
2021-07-18 01:00:00,290.0,290.1,290.29,290.5,290.1,290.29,290.1,290.1,290.5,290.1,290.1,290.0,290.1,290.29,290.5,290.1,289.79,289.79,289.89,290.29,290.29,290.29,290.0,290.1,290.39,290.39,290.1,290.1,290.0,289.89,290.1,290.0,290.6,290.2,290.2,290.1,290.29,290.29,290.2,290.2,290.2,289.79,290.39,290.39,290.2,290.39,290.39,290.39,290.29,290.1,290.39,290.1,290.2,290.2,290.79,290.29,290.29,290.29,290.29,290.29,290.2,290.29,290.39,290.39,290.6,290.6,290.1,290.2,290.2,290.0,290.29,290.2,290.29,290.29,290.39,290.6,290.6,290.1,290.2,290.2,290.0,290.29,290.29,290.5,290.6,290.89,290.7,290.79,290.2,290.0,290.0,290.2,290.2,290.29,290.7,290.89,290.89,290.79,290.89,290.2,290.39,290.29,290.29,290.29,290.39,290.79,291.1,290.7,290.79,290.79,290.29,290.5,290.5,290.6,290.39,290.39,290.89,290.79,290.79,290.7,290.6
2021-06-23 03:00:00,295.7,295.29,295.29,295.5,295.5,295.29,294.89,294.89,294.6,294.2,293.7,295.7,295.29,295.29,295.5,295.5,295.1,295.1,294.6,294.39,293.79,293.0,295.29,295.29,295.2,295.39,295.29,295.29,294.89,294.29,294.0,293.6,292.6,295.0,295.1,295.1,295.29,295.29,295.0,294.6,294.29,293.79,293.1,293.1,295.1,294.89,294.89,294.7,295.0,294.79,294.29,294.1,293.39,293.39,292.29,294.6,294.6,294.6,294.6,294.6,294.39,294.1,293.39,293.39,292.7,291.39,294.7,294.6,294.29,294.29,294.6,294.39,294.1,294.1,293.39,292.7,291.39,294.7,294.6,294.29,294.29,294.29,294.29,294.0,293.6,292.89,291.6,290.6,295.2,295.0,294.29,294.1,294.1,294.2,293.79,293.1,291.79,290.79,290.29,295.89,295.29,294.79,294.79,294.29,294.29,293.5,292.0,290.79,290.39,290.39,296.29,295.6,295.6,295.0,294.7,294.2,292.6,290.89,290.89,290.29,290.1
2021-06-04 23:00:00,292.7,292.6,292.6,292.39,292.39,292.6,292.79,292.79,292.7,292.39,292.5,292.7,292.6,292.6,292.39,292.39,292.39,292.39,292.39,292.5,292.5,292.1,292.39,292.39,292.2,292.2,292.29,292.29,292.39,292.5,292.39,292.1,291.7,292.0,292.0,292.29,292.1,292.1,292.0,292.39,292.7,292.2,291.7,291.7,292.2,292.0,292.0,292.0,292.2,292.2,292.2,292.29,292.0,292.0,291.39,292.1,292.1,292.0,292.0,292.1,292.2,291.7,291.89,291.89,291.5,290.79,292.2,292.1,292.0,292.0,292.1,292.2,291.7,291.7,291.89,291.5,290.79,292.2,292.1,292.0,292.0,292.0,292.0,291.89,291.7,291.6,291.0,290.29,292.29,292.2,292.0,291.79,291.79,291.89,291.79,291.5,290.7,290.6,290.0,292.2,292.0,291.89,291.89,291.79,291.89,291.6,291.1,290.6,290.2,290.2,292.1,292.0,292.0,291.7,291.5,291.6,291.1,290.5,290.5,290.2,289.89
2021-08-30 07:00:00,274.79,279.6,276.39,274.6,263.61,260.8,256.5,256.5,249.9,243.61,241.4,274.79,279.6,276.39,274.6,263.61,255.2,255.2,254.11,262.11,265.4,261.61,281.29,282.0,277.5,274.89,267.3,267.3,261.61,260.5,272.5,275.0,269.8,280.0,280.39,277.5,273.29,273.29,270.0,268.9,270.21,276.89,278.79,278.79,273.6,273.79,273.79,272.71,273.6,275.29,275.1,270.8,274.7,274.7,276.6,269.21,269.21,267.21,270.61,275.39,277.6,278.2,274.2,274.2,269.0,267.8,266.61,266.11,265.11,270.71,275.39,277.6,278.2,278.2,274.2,269.0,267.8,266.61,266.11,265.11,270.71,276.0,276.0,277.89,276.29,270.21,263.71,260.5,262.61,260.3,265.5,269.61,269.61,273.5,273.7,270.61,263.71,257.9,253.61,259.11,264.9,267.21,267.21,267.61,267.3,267.9,265.4,259.11,253.9,253.9,254.81,263.8,263.8,268.9,266.9,260.21,263.4,259.71,259.71,251.9,250.61
2021-08-20 00:00:00,231.5,232.81,235.0,237.11,238.7,240.81,242.5,242.5,243.7,244.4,244.61,231.5,232.81,235.0,237.11,238.7,240.61,240.61,242.61,243.9,244.7,245.81,231.61,232.9,234.61,237.4,238.81,238.81,240.11,241.81,244.4,246.7,248.4,231.4,233.2,236.0,237.61,237.61,238.4,240.0,242.4,245.0,248.11,248.11,232.5,234.11,234.11,236.4,237.5,238.9,240.61,242.9,245.7,245.7,248.4,233.5,233.5,235.0,236.0,237.4,239.11,241.11,243.81,243.81,245.81,247.5,232.0,234.0,235.11,235.81,237.4,239.11,241.11,241.11,243.81,245.81,247.5,232.0,234.0,235.11,235.81,237.0,237.0,238.7,241.7,244.2,245.2,245.61,232.5,234.0,234.61,235.61,235.61,236.2,238.31,241.81,243.61,244.11,243.81,232.61,233.5,233.7,233.7,233.7,235.2,238.4,240.31,241.9,242.4,242.4,232.0,231.81,231.81,232.61,232.81,234.4,236.5,238.31,238.31,239.7,240.2
2021-06-11 00:00:00,293.5,293.6,293.89,293.2,291.79,288.89,286.2,286.2,282.1,278.39,280.5,293.5,293.6,293.89,293.2,291.79,290.7,290.7,288.79,287.1,282.89,275.89,293.2,293.6,293.89,293.39,292.5,292.5,291.7,290.29,289.29,287.6,284.29,292.89,293.0,292.79,292.7,292.7,292.79,291.7,290.1,290.0,290.29,290.29,293.0,292.79,292.79,292.39,292.1,292.0,291.6,290.79,290.29,290.29,291.2,292.89,292.89,292.6,292.0,291.7,291.39,291.29,291.2,291.2,290.5,290.6,293.1,292.7,292.0,291.39,291.7,291.39,291.29,291.29,291.2,290.5,290.6,293.1,292.7,292.0,291.39,291.2,291.2,291.0,290.89,290.29,290.29,290.2,293.1,291.89,291.5,290.89,290.89,290.79,290.7,290.29,289.89,289.89,289.89,292.29,291.6,291.1,291.1,290.79,290.5,290.29,290.0,289.79,290.0,290.0,291.7,291.29,291.29,291.1,290.7,290.5,290.1,289.89,289.89,289.89,289.89
2021-06-15 11:00:00,290.29,290.29,290.29,290.29,289.79,290.2,290.0,290.0,289.89,289.89,290.1,290.29,290.29,290.29,290.29,289.79,290.0,290.0,289.7,289.79,289.89,289.7,290.1,290.2,290.0,290.0,289.89,289.89,289.6,289.5,289.6,289.5,289.7,289.89,290.0,289.89,289.89,289.89,289.5,289.5,289.39,289.29,289.6,289.6,289.79,289.7,289.7,289.6,289.7,289.5,289.39,289.2,289.29,289.29,289.39,289.6,289.6,289.5,289.6,289.5,289.29,289.29,289.39,289.39,289.39,289.39,289.5,289.6,289.39,289.29,289.5,289.29,289.29,289.29,289.39,289.39,289.39,289.5,289.6,289.39,289.29,289.5,289.5,289.2,289.2,289.39,289.39,289.5,289.5,289.2,289.39,289.5,289.5,289.29,289.2,289.1,289.39,289.5,289.7,289.39,289.2,289.2,289.2,289.29,289.39,289.29,289.29,289.5,289.6,289.6,289.29,289.2,289.2,289.2,289.1,289.5,289.5,289.5,289.5,289.39,289.5
2021-06-09 22:00:00,215.31,214.5,214.7,222.2,230.7,233.31,233.11,233.11,225.11,221.61,230.9,215.31,214.5,214.7,222.2,230.7,234.31,234.31,231.4,220.61,221.31,229.7,212.5,215.11,217.0,223.2,224.4,224.4,227.0,227.11,220.9,222.5,222.0,215.5,217.81,220.4,224.2,224.2,222.81,219.61,221.0,225.5,223.61,223.61,221.11,221.5,221.5,223.61,226.11,223.81,221.2,223.7,225.9,225.9,222.4,227.11,227.11,226.61,227.0,228.31,225.2,225.11,225.9,225.9,225.0,225.9,237.5,232.61,229.2,233.61,228.31,225.2,225.11,225.11,225.9,225.0,225.9,237.5,232.61,229.2,233.61,231.81,231.81,230.31,233.9,233.11,227.4,230.9,241.4,239.7,233.9,238.0,238.0,238.31,235.7,239.9,242.5,227.9,228.4,241.81,247.9,244.31,244.31,244.11,244.0,238.5,239.9,237.31,229.11,229.11,242.4,253.0,253.0,253.81,247.4,249.0,244.31,237.81,237.81,229.4,229.5
2021-07-09 07:00:00,295.1,294.79,295.1,295.5,295.6,295.1,295.0,295.0,295.0,294.89,294.79,295.1,294.79,295.1,295.5,295.6,295.39,295.39,295.2,295.1,294.7,294.7,295.29,295.0,295.2,295.39,295.6,295.6,295.39,294.89,295.2,295.0,294.6,295.29,295.5,295.39,295.5,295.5,295.29,295.29,295.39,295.0,294.89,294.89,295.6,295.39,295.39,295.29,295.29,295.29,295.29,295.0,294.89,294.89,294.89,295.0,295.0,295.29,295.2,295.0,295.0,295.0,294.79,294.79,294.5,294.2,295.1,294.79,294.89,295.0,295.0,295.0,295.0,295.0,294.79,294.5,294.2,295.1,294.79,294.89,295.0,294.79,294.79,294.6,294.7,294.5,294.0,293.79,295.0,294.89,294.6,294.6,294.6,294.6,294.7,294.39,293.79,293.6,293.6,294.7,294.79,294.7,294.7,294.29,294.6,294.39,293.89,293.2,293.5,293.5,294.29,294.5,294.5,294.7,294.7,294.39,293.7,293.29,293.29,293.1,293.29
2021-08-14 07:00:00,285.6,285.2,284.5,284.1,285.6,289.1,289.7,289.7,290.39,290.39,290.2,285.6,285.2,284.5,284.1,285.6,287.5,287.5,289.5,291.1,291.2,290.79,283.7,278.6,278.1,280.89,285.29,285.29,288.89,290.1,290.6,290.89,290.6,283.0,274.1,272.0,279.1,279.1,288.5,290.29,290.6,290.5,290.6,290.6,285.89,278.6,278.6,277.29,281.1,286.39,289.2,290.5,291.0,291.0,291.1,286.2,286.2,285.5,286.1,284.7,282.1,288.39,290.89,290.89,291.1,292.0,288.89,289.0,288.79,288.0,284.7,282.1,288.39,288.39,290.89,291.1,292.0,288.89,289.0,288.79,288.0,287.7,287.7,287.79,289.1,290.5,291.1,291.5,292.6,292.2,291.5,291.29,291.29,291.39,290.7,290.6,290.29,290.29,291.0,293.0,293.1,292.6,292.6,292.79,292.6,291.0,289.6,289.29,289.6,289.6,291.7,291.5,291.5,291.7,291.79,291.29,290.2,288.79,288.79,287.29,289.2
2021-06-18 04:00:00,259.71,260.0,261.5,261.71,260.5,260.4,260.8,260.8,261.71,262.8,263.9,259.71,260.0,261.5,261.71,260.5,260.3,260.3,262.0,262.71,262.71,264.21,259.4,260.71,262.0,260.9,259.71,259.71,260.71,262.61,263.4,263.11,263.4,259.4,261.4,261.11,260.4,260.4,259.61,261.21,262.8,263.9,263.61,263.61,258.71,259.9,259.9,260.5,260.0,260.0,261.5,262.9,264.3,264.3,264.4,258.4,258.4,258.61,259.11,260.0,261.3,261.71,262.5,262.5,264.61,265.3,258.71,258.21,258.11,258.71,260.0,261.3,261.71,261.71,262.5,264.61,265.3,258.71,258.21,258.11,258.71,259.8,259.8,261.11,261.9,262.71,264.3,265.21,257.71,257.3,257.8,258.71,258.71,259.8,260.0,261.8,263.21,263.5,264.71,257.5,257.11,257.3,257.3,258.5,259.9,260.61,261.11,261.11,262.71,262.71,257.8,257.11,257.11,257.5,258.9,260.3,260.5,260.11,260.11,260.11,260.8
2021-07-21 22:00:00,287.1,288.89,287.39,285.0,281.29,282.39,279.6,279.6,279.89,282.6,280.0,287.1,288.89,287.39,285.0,281.29,274.0,274.0,276.39,282.2,281.89,278.1,284.79,285.89,283.0,279.5,275.5,275.5,275.29,278.29,279.5,276.79,283.1,284.39,282.0,277.1,273.2,273.2,275.5,277.7,279.39,274.79,279.1,279.1,281.6,279.6,279.6,273.0,272.21,277.7,279.2,275.7,278.5,278.5,283.89,278.5,278.5,276.89,272.11,273.7,276.89,278.39,282.89,282.89,283.2,276.79,278.7,279.2,275.89,274.39,273.7,276.89,278.39,278.39,282.89,283.2,276.79,278.7,279.2,275.89,274.39,275.0,275.0,275.2,279.39,283.39,281.2,280.6,277.2,278.89,277.39,272.4,272.4,276.1,284.29,280.79,274.29,280.79,285.79,275.2,277.7,273.7,273.7,273.89,280.6,282.79,283.5,281.7,281.2,281.2,275.29,270.9,270.9,270.71,280.79,281.5,281.39,285.1,285.1,286.0,281.7
2021-07-17 03:00:00,281.29,286.5,288.2,285.6,281.5,280.79,279.2,279.2,279.0,280.6,279.89,281.29,286.5,288.2,285.6,281.5,279.29,279.29,278.5,278.5,278.2,277.0,282.89,285.6,286.2,284.39,281.79,281.79,280.39,278.79,276.79,275.2,275.0,283.39,284.29,284.6,283.29,283.29,282.89,282.2,279.79,275.7,273.89,273.89,281.29,282.0,282.0,282.5,284.2,285.1,283.7,281.1,277.0,277.0,275.6,279.0,279.0,279.2,283.0,285.1,285.29,285.2,281.39,281.39,278.89,278.1,277.5,277.79,280.2,284.2,285.1,285.29,285.2,285.2,281.39,278.89,278.1,277.5,277.79,280.2,284.2,283.6,283.6,284.39,284.79,282.39,280.39,279.6,275.5,278.89,281.2,282.39,282.39,282.5,282.1,283.1,283.39,281.39,277.89,275.89,278.79,278.2,278.2,280.39,281.0,279.79,280.39,280.29,279.7,279.7,276.89,276.7,276.7,275.6,278.2,279.2,277.7,277.0,277.0,276.7,276.7
2021-08-28 02:00:00,254.11,251.61,248.4,242.4,242.4,244.2,246.2,246.2,252.5,259.8,269.9,254.11,251.61,248.4,242.4,242.4,243.7,243.7,246.0,250.11,256.4,267.4,244.4,247.4,246.4,242.5,242.5,242.5,243.7,246.31,248.7,252.5,262.61,239.31,243.4,243.81,242.9,242.9,242.81,243.5,245.11,246.61,249.4,249.4,236.7,240.7,240.7,241.31,242.31,242.61,242.4,242.61,244.81,244.81,248.11,235.4,235.4,238.11,239.4,240.7,241.7,241.0,241.61,241.61,243.5,247.0,237.81,238.2,237.31,237.61,240.7,241.7,241.0,241.0,241.61,243.5,247.0,237.81,238.2,237.31,237.61,239.2,239.2,239.9,240.7,242.11,243.2,244.61,240.61,240.0,238.5,237.61,237.61,238.11,239.31,240.5,241.61,242.5,242.61,240.61,239.11,238.81,238.81,238.5,238.61,239.7,240.4,240.61,240.61,240.61,240.31,239.0,239.0,238.81,239.31,239.7,240.31,239.9,239.9,238.9,237.61
2021-08-20 04:00:00,231.7,228.9,227.7,229.11,229.0,229.2,229.81,229.81,229.61,230.11,230.4,231.7,228.9,227.7,229.11,229.0,230.4,230.4,230.61,229.9,229.2,229.2,231.7,230.2,230.11,229.9,229.31,229.31,229.81,230.11,229.4,230.0,229.5,231.4,231.31,231.2,230.81,230.81,229.31,229.5,229.81,229.9,229.7,229.7,230.61,231.5,231.5,231.61,230.81,229.7,229.5,229.9,230.2,230.2,230.11,230.5,230.5,230.7,230.81,230.5,229.7,229.81,230.11,230.11,231.0,231.7,228.5,229.4,229.4,229.31,230.5,229.7,229.81,229.81,230.11,231.0,231.7,228.5,229.4,229.4,229.31,229.7,229.7,230.11,230.61,231.4,232.61,231.9,227.7,227.7,227.61,228.2,228.2,228.9,229.81,231.11,233.11,233.61,232.0,226.7,226.81,226.7,226.7,227.9,228.5,228.81,230.7,233.11,234.31,234.31,226.11,227.11,227.11,226.11,226.9,228.5,229.2,230.4,230.4,233.2,234.61
2021-07-06 03:00:00,204.61,204.7,205.7,206.11,205.9,205.5,205.0,205.0,205.5,205.7,206.11,204.61,204.7,205.7,206.11,205.9,205.4,205.4,205.4,205.7,205.4,205.7,204.39999999999998,204.5,205.7,206.81,206.9,206.9,206.11,205.81,205.81,206.11,206.4,204.39999999999998,204.61,205.7,207.81,207.81,207.61,207.2,206.4,206.61,206.81,206.81,205.0,205.9,205.9,207.0,208.4,209.11,207.9,207.7,208.2,208.2,207.4,206.9,206.9,207.31,208.61,209.7,209.7,209.2,208.7,208.7,208.9,210.0,208.0,208.0,208.81,209.5,209.7,209.7,209.2,209.2,208.7,208.9,210.0,208.0,208.0,208.81,209.5,210.9,210.9,211.31,210.5,210.0,210.4,210.4,209.4,209.9,210.0,210.4,210.4,211.61,212.81,211.5,212.2,211.11,210.4,211.9,211.81,212.0,212.0,212.2,212.61,213.5,214.5,212.9,211.81,211.81,213.81,213.9,213.9,214.0,213.9,213.5,214.81,216.0,216.0,213.7,211.81
2021-08-26 03:00:00,261.9,262.5,262.71,263.11,263.3,263.0,262.8,262.8,262.8,263.71,263.0,261.9,262.5,262.71,263.11,263.3,263.3,263.3,262.8,262.21,262.71,263.3,261.71,261.3,262.0,262.4,262.4,262.4,262.4,262.3,262.0,261.8,263.21,261.3,261.21,261.3,262.11,262.11,262.0,261.4,261.5,261.71,262.21,262.21,261.71,261.11,261.11,261.4,261.71,261.21,261.3,261.61,261.61,261.61,261.8,261.8,261.8,261.4,261.4,261.3,261.11,261.21,261.4,261.4,261.5,262.21,262.61,262.0,261.8,261.8,261.3,261.11,261.21,261.21,261.4,261.5,262.21,262.61,262.0,261.8,261.8,261.11,261.11,260.8,260.9,261.21,261.71,262.0,263.0,262.21,262.11,262.0,262.0,260.8,260.61,260.71,261.0,262.0,262.0,263.21,262.21,261.8,261.8,261.4,261.0,260.71,260.71,261.11,261.4,261.4,263.0,262.71,262.71,261.61,261.3,261.5,261.21,260.9,260.9,260.71,260.61
2021-08-02 05:00:00,293.0,292.89,292.79,292.89,293.1,292.29,292.6,292.6,292.7,293.1,293.0,293.0,292.89,292.79,292.89,293.1,293.0,293.0,292.5,292.7,293.1,292.79,292.79,293.2,293.29,293.2,293.29,293.29,293.0,292.89,292.89,292.89,292.79,292.79,293.5,293.7,293.79,293.79,293.6,293.1,293.2,293.2,292.79,292.79,292.79,293.6,293.6,294.1,294.0,293.6,293.39,293.2,293.1,293.1,292.89,293.0,293.0,293.39,293.6,293.89,293.6,293.2,292.79,292.79,292.79,292.29,292.2,292.7,293.0,293.5,293.89,293.6,293.2,293.2,292.79,292.79,292.29,292.2,292.7,293.0,293.5,293.79,293.79,293.29,293.1,292.6,292.39,291.89,292.7,293.0,292.89,293.2,293.2,293.79,293.29,292.89,292.39,292.2,291.79,293.29,293.0,293.2,293.2,293.6,293.7,293.39,292.89,292.29,292.0,292.0,293.6,293.2,293.2,293.29,293.6,293.6,293.29,292.79,292.79,292.39,292.0
2021-06-28 06:00:00,290.6,291.79,292.5,292.7,292.89,293.6,293.39,293.39,293.1,292.5,292.2,290.6,291.79,292.5,292.7,292.89,293.1,293.1,293.29,293.0,292.39,292.0,291.1,291.7,292.2,292.39,292.6,292.6,292.7,293.0,293.0,292.7,291.7,290.79,292.0,292.2,292.29,292.29,292.39,292.39,292.79,293.0,292.5,292.5,291.2,292.1,292.1,292.39,292.39,292.5,292.7,292.7,292.39,292.39,291.6,291.5,291.5,292.1,292.39,292.7,292.79,292.7,292.29,292.29,291.6,290.7,292.39,292.0,292.39,292.7,292.7,292.79,292.7,292.7,292.29,291.6,290.7,292.39,292.0,292.39,292.7,293.0,293.0,292.89,292.5,291.7,290.79,290.39,292.89,292.7,292.7,292.89,292.89,293.2,292.89,292.2,291.1,290.2,290.1,293.2,293.1,293.1,293.1,293.1,293.1,292.39,291.5,290.6,290.1,290.1,293.2,293.1,293.1,293.2,293.1,292.7,291.7,290.79,290.79,290.29,290.1
2021-06-05 23:00:00,287.1,292.29,293.6,293.2,291.29,290.0,288.79,288.79,290.1,288.29,286.5,287.1,292.29,293.6,293.2,291.29,289.0,289.0,289.29,290.1,289.89,290.0,290.2,293.6,293.39,292.6,290.79,290.79,291.2,289.89,289.5,290.5,291.1,293.5,294.79,293.89,291.29,291.29,290.89,292.79,291.89,288.6,288.5,288.5,293.6,295.2,295.2,294.79,292.39,292.0,292.79,292.89,290.1,290.1,287.6,294.89,294.89,294.7,294.7,294.1,293.39,292.79,292.2,292.2,291.6,289.6,295.6,295.1,294.79,294.6,294.1,293.39,292.79,292.79,292.2,291.6,289.6,295.6,295.1,294.79,294.6,294.7,294.7,294.2,293.6,292.79,291.39,290.2,294.79,294.7,295.0,295.0,295.0,294.89,295.1,294.29,293.0,291.6,290.7,294.6,294.79,294.6,294.6,294.79,295.0,294.6,293.5,292.2,291.7,291.7,294.6,294.39,294.39,294.2,294.5,294.5,293.29,292.0,292.0,291.7,291.6
2021-08-10 00:00:00,291.6,291.5,291.6,291.79,292.6,293.2,293.29,293.29,292.0,291.89,292.2,291.6,291.5,291.6,291.79,292.6,293.2,293.2,293.2,291.6,291.6,292.1,291.5,290.6,290.39,291.29,292.6,292.6,293.5,293.2,291.89,291.29,292.2,290.5,289.89,289.79,291.0,291.0,292.29,293.79,293.5,292.29,291.1,291.1,289.6,289.5,289.5,289.6,291.0,292.7,293.7,293.6,293.1,293.1,291.6,288.79,288.79,289.5,290.6,291.2,292.6,293.6,293.79,293.79,293.39,292.2,291.5,289.79,290.1,291.1,291.2,292.6,293.6,293.6,293.79,293.39,292.2,291.5,289.79,290.1,291.1,291.79,291.79,292.5,293.6,293.89,293.6,292.5,291.7,291.5,291.1,291.7,291.7,292.39,292.79,293.6,293.7,293.1,291.89,292.89,292.7,292.7,292.7,292.89,293.29,293.6,293.6,293.0,292.0,292.0,293.89,293.6,293.6,293.6,293.89,293.79,293.7,292.89,292.89,291.89,289.79
2021-07-10 09:00:00,290.39,290.6,291.39,292.2,292.6,291.5,291.79,291.79,291.39,291.1,291.5,290.39,290.6,291.39,292.2,292.6,292.29,292.29,291.79,291.1,291.5,290.29,290.6,292.1,292.7,292.6,292.5,292.5,291.79,290.6,290.89,290.6,290.39,291.89,293.29,293.7,292.79,292.79,291.89,291.29,289.79,290.39,290.1,290.1,292.89,293.1,293.1,293.0,293.5,293.2,292.79,291.2,290.5,290.5,290.79,292.5,292.5,292.7,291.39,294.2,294.7,294.39,292.5,292.5,291.1,291.39,290.1,291.5,292.6,293.2,294.2,294.7,294.39,294.39,292.5,291.1,291.39,290.1,291.5,292.6,293.2,293.5,293.5,294.1,293.89,293.5,292.5,292.5,291.0,291.6,292.2,292.5,292.5,292.1,292.5,292.6,293.2,293.2,292.29,291.89,290.79,290.39,290.39,289.89,289.1,289.79,291.0,290.79,290.6,290.6,291.6,290.1,290.1,288.6,285.39,285.29,287.0,287.39,287.39,288.1,287.7
2021-08-20 03:00:00,232.31,232.2,231.5,231.31,231.4,231.11,232.0,232.0,232.31,230.9,229.5,232.31,232.2,231.5,231.31,231.4,232.0,232.0,232.0,231.9,229.9,229.5,234.0,232.11,230.81,232.11,233.11,233.11,232.4,232.2,231.2,230.7,229.5,234.11,232.31,230.9,232.7,232.7,234.31,232.9,231.61,230.9,230.31,230.31,234.31,233.5,233.5,231.81,232.9,234.11,233.11,231.81,231.11,231.11,230.4,235.2,235.2,233.9,231.81,232.4,233.81,232.81,232.0,232.0,231.5,230.2,236.2,235.61,233.5,232.0,232.4,233.81,232.81,232.81,232.0,231.5,230.2,236.2,235.61,233.5,232.0,232.2,232.2,233.4,232.9,232.4,231.61,230.31,235.81,235.4,233.5,231.61,231.61,232.2,233.61,233.11,232.4,231.81,231.2,234.5,234.61,233.9,233.9,232.0,232.2,232.9,233.5,233.5,231.9,231.9,233.2,233.11,233.11,234.0,232.61,232.2,232.61,234.0,234.0,233.5,233.0
2021-06-27 11:00:00,285.39,284.89,284.7,284.29,283.39,285.89,285.79,285.79,285.7,285.0,284.29,285.39,284.89,284.7,284.29,283.39,282.6,282.6,282.2,281.7,280.6,280.29,282.5,283.1,282.7,280.39,277.29,277.29,277.79,277.6,276.39,276.6,277.1,278.7,281.39,282.2,276.1,276.1,271.8,273.5,274.7,273.2,274.29,274.29,275.79,278.0,278.0,277.0,275.39,274.5,274.5,273.89,274.79,274.79,275.6,278.1,278.1,274.29,273.1,275.89,276.89,275.6,278.1,278.1,277.5,274.7,276.29,280.0,278.5,276.1,275.89,276.89,275.6,275.6,278.1,277.5,274.7,276.29,280.0,278.5,276.1,277.0,277.0,276.1,276.0,280.7,280.29,278.79,279.0,282.39,283.39,281.0,281.0,279.2,277.29,278.6,282.5,284.5,285.2,281.79,282.39,283.0,283.0,283.79,281.39,280.1,282.39,284.39,286.39,286.39,284.89,283.39,283.39,283.5,284.29,284.7,284.89,285.5,285.5,286.5,287.39
2021-07-07 08:00:00,242.5,242.9,241.61,239.31,238.7,236.31,233.5,233.5,233.11,232.81,232.2,242.5,242.9,241.61,239.31,238.7,239.0,239.0,238.7,239.11,239.4,237.5,240.81,241.11,241.11,241.0,241.5,241.5,243.31,243.9,244.61,245.81,242.5,240.0,239.11,240.2,242.31,242.31,245.31,247.2,249.0,249.61,249.81,249.81,239.7,241.11,241.11,242.9,245.31,247.61,250.7,253.61,253.9,253.9,250.7,240.61,240.61,243.5,244.11,247.4,252.31,253.4,256.21,256.21,257.9,251.81,240.31,242.81,244.5,246.5,247.4,252.31,253.4,253.4,256.21,257.9,251.81,240.31,242.81,244.5,246.5,250.11,250.11,254.9,256.3,256.5,258.21,256.5,242.11,243.61,246.11,249.4,249.4,252.4,254.9,257.21,257.8,256.11,256.3,242.9,244.0,246.9,246.9,249.4,251.31,254.0,257.71,260.3,255.4,255.4,243.4,245.11,245.11,246.7,248.11,250.5,252.31,257.9,257.9,260.61,254.61
2021-07-09 11:00:00,290.1,287.39,285.2,284.1,284.79,269.3,278.79,278.79,285.1,283.5,273.79,290.1,287.39,285.2,284.1,284.79,286.0,286.0,286.7,287.2,287.1,280.7,292.7,291.89,290.89,290.5,291.2,291.2,291.6,290.5,290.29,290.29,287.5,293.79,294.39,295.1,295.29,295.29,294.79,294.1,293.5,293.1,292.79,292.79,293.89,294.7,294.7,295.39,295.79,295.29,294.5,293.89,293.79,293.79,293.6,293.89,293.89,294.39,295.0,295.1,294.39,293.89,293.7,293.7,293.89,293.5,293.7,293.89,294.1,294.1,295.1,294.39,293.89,293.89,293.7,293.89,293.5,293.7,293.89,294.1,294.1,294.0,294.0,293.7,293.39,293.7,293.5,293.29,293.89,293.79,293.6,293.29,293.29,293.0,292.79,293.2,293.29,293.2,292.89,293.6,293.39,293.2,293.2,292.89,292.7,292.79,293.0,293.0,293.0,293.0,293.39,293.2,293.2,293.0,292.79,292.79,292.89,292.89,292.89,293.1,292.79
2021-06-17 06:00:00,284.0,283.5,282.6,281.39,280.79,280.2,279.6,279.6,279.2,278.79,279.1,284.0,283.5,282.6,281.39,280.79,280.6,280.6,279.89,279.39,279.39,279.5,283.5,282.7,282.0,281.0,280.5,280.5,280.39,280.7,279.7,279.6,280.0,282.7,281.79,281.0,280.5,280.5,280.1,280.0,280.2,279.7,279.6,279.6,281.5,280.89,280.89,280.39,280.29,280.1,280.1,280.2,279.29,279.29,279.2,280.39,280.39,279.89,280.0,280.0,279.89,280.1,280.0,280.0,278.7,279.39,279.6,279.89,279.6,280.1,280.0,279.89,280.1,280.1,280.0,278.7,279.39,279.6,279.89,279.6,280.1,279.7,279.7,279.79,279.79,279.39,278.7,279.6,278.1,279.1,279.7,279.89,279.89,279.6,279.7,279.5,278.79,279.0,279.29,278.1,278.79,279.39,279.39,279.7,279.7,279.7,279.39,279.29,279.0,279.0,278.5,278.79,278.79,279.0,279.39,279.79,279.79,279.6,279.6,279.2,279.1
2021-08-10 02:00:00,294.89,294.89,294.79,295.0,295.29,295.2,295.0,295.0,295.1,295.1,295.0,294.89,294.89,294.79,295.0,295.29,295.39,295.39,295.0,295.0,295.1,295.1,295.0,295.0,294.89,295.2,295.39,295.39,295.39,295.39,295.0,295.2,295.1,295.0,295.1,295.2,295.5,295.5,295.5,295.39,295.29,295.0,295.39,295.39,295.29,295.2,295.2,295.39,295.79,295.7,295.39,295.2,295.2,295.2,295.2,295.29,295.29,295.29,295.5,295.79,295.6,295.2,295.1,295.1,295.1,294.5,295.29,295.5,295.5,295.5,295.79,295.6,295.2,295.2,295.1,295.1,294.5,295.29,295.5,295.5,295.5,295.79,295.79,295.5,295.1,295.2,294.6,294.29,295.79,295.7,295.6,295.6,295.6,295.7,295.39,295.29,294.79,294.29,294.39,296.2,296.1,295.6,295.6,295.6,295.6,295.6,295.1,294.7,294.79,294.79,296.5,295.89,295.89,295.6,295.2,295.2,294.89,294.6,294.6,294.6,294.7
2021-08-08 00:00:00,292.79,293.1,293.5,293.1,293.1,293.0,293.2,293.2,293.2,292.89,293.0,292.79,293.1,293.5,293.1,293.1,293.0,293.0,293.2,293.2,292.6,292.5,292.6,293.2,293.2,293.39,293.1,293.1,293.0,293.2,293.0,292.5,292.7,292.5,293.1,293.2,293.39,293.39,293.2,292.89,292.79,292.7,293.0,293.0,292.6,292.89,292.89,293.2,293.39,293.2,292.89,292.6,293.0,293.0,292.89,292.6,292.6,292.79,293.2,293.39,293.0,292.79,292.79,292.79,293.0,292.89,292.5,292.6,292.79,293.0,293.39,293.0,292.79,292.79,292.79,293.0,292.89,292.5,292.6,292.79,293.0,293.2,293.2,293.1,292.79,292.89,293.1,293.0,292.5,292.5,292.6,292.89,292.89,292.89,292.89,292.79,293.0,293.0,292.89,292.6,292.6,292.5,292.5,292.79,292.79,292.89,292.6,292.79,292.89,292.89,292.6,292.5,292.5,292.6,292.6,292.7,293.0,292.5,292.5,292.7,292.79
2021-08-23 06:00:00,255.0,243.7,232.81,228.81,227.4,223.0,222.61,222.61,222.9,228.2,235.61,255.0,243.7,232.81,228.81,227.4,227.31,227.31,223.11,219.9,221.9,227.7,253.81,245.61,236.9,232.31,230.5,230.5,229.11,221.9,217.31,217.5,222.5,254.11,246.61,238.2,234.11,234.11,233.11,228.9,219.61,216.61,217.0,217.0,251.4,247.0,247.0,233.9,232.81,232.31,225.4,220.2,219.2,219.2,221.2,249.31,249.31,244.9,234.5,231.2,226.7,223.31,222.61,222.61,223.5,226.81,248.7,247.81,242.2,235.61,231.2,226.7,223.31,223.31,222.61,223.5,226.81,248.7,247.81,242.2,235.61,230.0,230.0,225.4,221.9,223.5,229.11,237.7,245.7,246.5,239.7,236.81,236.81,232.5,228.4,225.0,226.61,235.61,244.81,244.61,241.4,239.81,239.81,242.11,240.2,236.61,234.5,238.61,241.0,241.0,244.61,239.4,239.4,242.2,250.5,249.4,244.61,246.31,246.31,246.5,245.0
2021-07-30 23:00:00,276.79,277.6,279.39,284.5,288.29,289.2,289.89,289.89,288.89,285.1,279.2,276.79,277.6,279.39,284.5,288.29,289.6,289.6,290.0,287.7,284.29,278.89,280.0,281.89,283.2,286.1,288.29,288.29,289.39,288.79,286.89,283.7,279.29,283.2,285.2,285.39,286.7,286.7,287.7,288.6,288.2,286.29,282.39,282.39,286.5,285.6,285.6,284.79,285.89,287.5,288.29,287.7,285.6,285.6,283.7,287.39,287.39,285.2,283.1,284.0,287.29,288.0,287.1,287.1,285.0,285.89,287.0,287.7,285.2,279.2,284.0,287.29,288.0,288.0,287.1,285.0,285.89,287.0,287.7,285.2,279.2,282.1,282.1,286.89,287.7,285.89,285.2,286.7,287.39,287.1,283.6,279.1,279.1,279.6,284.6,287.39,286.5,285.79,286.89,286.29,285.0,283.39,283.39,278.79,279.39,283.6,287.6,287.2,285.79,285.79,284.0,282.89,282.89,282.79,279.7,279.5,283.2,287.2,287.2,287.29,286.1
2021-06-23 01:00:00,293.7,293.6,293.6,293.6,293.5,293.39,293.2,293.2,292.79,292.5,292.2,293.7,293.6,293.6,293.6,293.5,293.2,293.2,292.89,292.7,292.1,291.79,293.6,293.5,293.2,293.29,293.29,293.29,292.89,292.6,292.39,292.2,291.5,293.39,293.2,293.0,293.0,293.0,293.0,292.7,292.5,292.2,292.0,292.0,293.2,293.0,293.0,292.79,293.0,292.79,292.6,292.39,292.0,292.0,291.2,292.6,292.6,292.6,292.7,292.7,292.6,292.29,292.0,292.0,291.5,290.6,292.5,292.39,292.29,292.39,292.7,292.6,292.29,292.29,292.0,291.5,290.6,292.5,292.39,292.29,292.39,292.5,292.5,292.29,292.0,291.6,290.7,290.2,292.5,292.5,292.2,292.29,292.29,292.39,292.29,291.7,290.6,290.29,290.0,292.89,292.79,292.39,292.39,292.6,292.39,291.89,291.1,290.5,290.0,290.0,293.2,292.79,292.79,292.6,292.39,292.2,291.29,290.39,290.39,290.1,289.89
2021-07-27 06:00:00,230.11,229.0,225.11,225.61,229.81,233.5,240.7,240.7,241.7,239.5,239.2,230.11,229.0,225.11,225.61,229.81,235.7,235.7,242.0,244.7,245.61,244.2,227.11,230.11,228.61,229.4,232.61,232.61,238.31,242.7,246.5,250.2,249.81,227.7,231.11,230.81,233.0,233.0,237.0,239.81,243.4,248.0,250.4,250.4,231.81,234.4,234.4,235.0,236.31,239.61,242.4,245.2,249.0,249.0,250.2,235.81,235.81,238.2,238.9,239.61,240.81,244.61,247.7,247.7,248.31,249.4,240.5,239.61,240.7,242.7,239.61,240.81,244.61,244.61,247.7,248.31,249.4,240.5,239.61,240.7,242.7,243.31,243.31,242.5,245.2,248.7,248.2,246.2,244.61,242.4,242.31,245.5,245.5,245.5,244.4,245.5,246.61,247.81,245.0,246.2,244.81,244.9,244.9,245.31,245.61,243.4,244.9,246.2,245.4,245.4,245.81,244.4,244.4,245.31,245.4,243.5,242.4,243.7,243.7,244.11,241.9
2021-07-06 01:00:00,212.9,209.9,210.81,213.11,212.61,211.4,210.4,210.4,209.11,207.7,206.5,212.9,209.9,210.81,213.11,212.61,211.5,211.5,210.4,209.5,208.0,206.61,212.61,210.5,210.4,213.31,212.7,212.7,211.5,210.4,208.9,208.5,207.81,211.9,211.4,211.7,212.9,212.9,212.61,211.9,209.31,208.7,209.11,209.11,211.2,210.5,210.5,211.2,213.7,214.4,212.4,209.7,209.2,209.2,208.81,212.4,212.4,210.2,211.9,214.61,214.81,212.9,211.0,211.0,209.9,208.61,221.11,215.5,213.31,214.2,214.61,214.81,212.9,212.9,211.0,209.9,208.61,221.11,215.5,213.31,214.2,214.81,214.81,214.11,212.61,211.2,210.4,210.2,223.81,219.31,216.0,215.9,215.9,214.61,212.9,212.0,212.11,211.4,209.7,227.11,219.81,216.5,216.5,216.31,214.2,213.5,213.0,212.2,211.5,211.5,228.0,219.2,219.2,216.81,214.9,214.4,214.31,214.0,214.0,212.81,211.5
2021-06-20 03:00:00,298.79,299.5,299.6,300.0,300.1,299.89,299.6,299.6,299.0,298.39,297.6,298.79,299.5,299.6,300.0,300.1,300.0,300.0,299.29,298.79,297.7,296.5,299.5,299.6,299.6,299.89,299.79,299.79,299.2,298.7,298.29,298.2,296.5,299.6,299.6,299.6,299.39,299.39,299.29,298.29,298.7,297.89,297.29,297.29,299.39,299.0,299.0,299.29,299.1,298.7,298.39,297.7,297.29,297.29,296.5,298.29,298.29,298.6,298.39,298.7,298.39,297.89,297.2,297.2,296.29,294.2,298.2,298.29,297.79,297.89,298.7,298.39,297.89,297.89,297.2,296.29,294.2,298.2,298.29,297.79,297.89,298.29,298.29,297.79,297.39,296.5,294.29,293.2,298.89,298.5,298.0,297.79,297.79,298.39,298.0,296.89,294.7,293.0,292.5,301.2,300.7,300.1,300.1,299.79,299.6,298.39,295.79,293.5,292.2,292.2,303.5,303.0,303.0,302.1,301.39,300.29,297.0,293.89,293.89,292.1,291.0
2021-07-05 22:00:00,203.2,203.81,203.81,204.31,203.81,203.81,205.11,205.11,205.81,206.4,207.4,203.2,203.81,203.81,204.31,203.81,204.5,204.5,205.7,205.7,205.61,207.5,203.5,203.81,203.7,204.31,204.11,204.11,204.5,205.81,205.5,206.2,207.4,204.39999999999998,204.0,203.7,204.11,204.11,204.81,204.31,205.11,205.9,206.4,206.4,205.0,204.9,204.9,204.5,204.81,205.0,205.4,205.9,206.61,206.61,207.5,206.0,206.0,206.0,205.7,205.7,206.11,206.4,207.2,207.2,207.7,207.7,207.11,207.4,206.9,206.9,205.7,206.11,206.4,206.4,207.2,207.7,207.7,207.11,207.4,206.9,206.9,207.0,207.0,207.4,207.5,207.81,208.7,209.5,208.11,208.0,208.0,208.11,208.11,208.61,209.11,208.5,208.81,210.0,210.9,209.5,209.2,209.4,209.4,209.61,209.81,209.5,210.0,210.0,211.61,211.61,211.2,210.81,210.81,211.2,210.81,211.2,210.7,211.4,211.4,212.61,213.11
2021-06-10 04:00:00,237.11,234.0,236.5,241.2,246.4,246.5,251.61,251.61,257.0,262.11,267.3,237.11,234.0,236.5,241.2,246.4,253.0,253.0,257.4,259.61,263.0,266.71,239.4,236.7,238.0,244.4,249.9,249.9,254.7,260.5,264.21,264.5,264.9,243.0,243.0,246.0,248.5,248.5,251.5,255.81,262.8,266.9,267.21,267.21,245.7,245.2,245.2,247.31,249.5,251.7,256.4,261.3,263.11,263.11,262.4,244.9,244.9,245.81,246.81,247.4,250.4,254.31,257.4,257.4,256.71,256.9,242.9,244.2,246.0,245.9,247.4,250.4,254.31,254.31,257.4,256.71,256.9,242.9,244.2,246.0,245.9,246.0,246.0,248.5,248.7,249.61,252.0,253.11,241.11,243.0,245.11,245.2,245.2,244.61,242.0,242.11,244.31,245.9,247.4,240.5,241.81,241.81,241.81,241.31,240.81,239.61,238.5,238.9,240.5,240.5,239.31,240.11,240.11,237.81,236.81,236.5,236.9,235.5,235.5,237.11,237.31
2021-08-16 01:00:00,277.7,275.1,270.5,263.8,259.21,261.21,262.0,262.0,261.9,264.3,266.5,277.7,275.1,270.5,263.8,259.21,256.71,256.71,258.21,258.4,262.0,263.8,274.29,271.8,269.61,263.21,258.11,258.11,256.21,255.4,255.11,256.71,255.5,270.8,268.11,267.21,262.3,262.3,257.71,256.4,253.11,253.0,250.61,250.61,268.4,266.3,266.3,264.71,261.5,257.5,256.11,252.31,252.7,252.7,251.31,265.61,265.61,264.61,264.4,262.21,258.4,257.8,254.31,254.31,254.31,255.9,261.9,263.9,263.0,263.8,262.21,258.4,257.8,257.8,254.31,254.31,255.9,261.9,263.9,263.0,263.8,263.9,263.9,262.0,260.11,257.11,257.3,260.9,260.5,263.0,261.61,263.3,263.3,264.9,263.4,261.9,261.3,260.21,262.9,262.3,262.4,261.11,261.11,261.61,264.71,263.4,263.71,264.3,261.4,261.4,265.0,264.8,264.8,260.3,260.8,263.4,264.4,264.9,264.9,264.8,261.8
2021-08-12 09:00:00,236.4,236.7,237.5,235.81,235.0,233.5,232.61,232.61,233.11,233.4,234.11,236.4,236.7,237.5,235.81,235.0,232.7,232.7,232.4,234.31,235.0,235.4,238.11,235.31,235.61,238.5,237.7,237.7,236.2,234.9,234.81,237.7,239.11,237.4,235.4,237.31,240.9,240.9,240.9,240.61,236.5,236.7,240.5,240.5,241.0,242.5,242.5,242.4,242.61,242.5,241.61,239.9,241.31,241.31,243.11,248.2,248.2,249.7,247.31,245.2,243.0,242.7,244.11,244.11,245.2,246.9,247.2,252.9,254.5,250.11,245.2,243.0,242.7,242.7,244.11,245.2,246.9,247.2,252.9,254.5,250.11,248.61,248.61,247.5,246.31,247.5,248.0,249.31,250.81,254.7,257.11,253.11,253.11,252.0,250.11,250.9,251.31,251.0,250.61,251.31,253.0,253.9,253.9,256.21,255.2,252.0,254.5,251.9,253.4,253.4,254.2,250.5,250.5,252.11,257.0,257.5,257.9,255.81,255.81,253.11,254.9
2021-07-20 01:00:00,288.1,287.89,288.0,288.2,288.6,289.0,288.6,288.6,288.29,288.2,288.0,288.1,287.89,288.0,288.2,288.6,288.7,288.7,288.5,287.7,286.79,287.1,288.0,287.89,287.79,287.89,288.1,288.1,287.79,287.7,287.29,286.29,286.5,287.89,287.79,287.7,287.39,287.39,287.29,286.79,287.0,286.79,285.29,285.29,287.89,287.39,287.39,287.5,287.1,286.7,286.39,286.5,286.29,286.29,285.5,287.29,287.29,287.1,287.2,286.7,286.2,286.29,285.89,285.89,285.79,286.39,288.29,287.29,286.79,286.5,286.7,286.2,286.29,286.29,285.89,285.79,286.39,288.29,287.29,286.79,286.5,286.29,286.29,286.2,286.0,286.0,286.0,285.7,288.0,287.29,286.2,286.2,286.2,285.79,285.89,285.89,286.1,286.0,285.39,287.6,286.89,286.29,286.29,286.0,285.7,285.89,286.0,286.1,285.79,285.79,287.0,286.6,286.6,286.2,285.89,285.6,286.0,285.89,285.89,285.79,285.39
2021-08-27 02:00:00,252.0,252.31,257.3,259.9,257.11,260.5,264.5,264.5,265.11,266.61,267.21,252.0,252.31,257.3,259.9,257.11,255.2,255.2,260.71,262.71,264.9,264.8,252.81,249.5,253.11,255.2,256.11,256.11,254.11,254.61,259.9,264.9,263.8,254.2,249.7,249.7,252.7,252.7,255.4,253.5,254.7,258.61,261.5,261.5,256.21,255.0,255.0,253.5,254.5,253.81,253.31,255.2,260.4,260.4,265.61,257.5,257.5,259.61,258.11,257.8,254.9,253.7,257.3,257.3,263.8,265.3,255.9,256.71,262.21,262.0,257.8,254.9,253.7,253.7,257.3,263.8,265.3,255.9,256.71,262.21,262.0,260.5,260.5,257.61,255.81,259.11,264.9,267.61,257.0,256.8,261.71,266.5,266.5,262.61,259.11,259.21,261.21,265.61,269.4,259.8,257.9,257.61,257.61,262.5,263.61,262.8,261.4,263.0,265.5,265.5,263.3,258.8,258.8,254.11,257.71,263.61,265.11,262.5,262.5,264.21,264.71
2021-06-28 03:00:00,287.5,287.29,287.7,288.79,289.1,289.1,288.79,288.79,288.1,288.5,288.1,287.5,287.29,287.7,288.79,289.1,289.0,289.0,288.5,287.7,288.29,288.1,287.6,287.39,287.79,288.5,288.2,288.2,288.89,288.29,287.6,287.7,288.1,288.2,287.5,287.7,288.2,288.2,287.6,288.29,288.39,287.39,287.2,287.2,288.0,287.79,287.79,288.0,288.0,287.89,287.7,287.39,287.39,287.39,287.29,287.7,287.7,288.2,288.2,288.1,287.39,287.29,287.29,287.29,287.39,287.39,287.89,288.0,288.6,289.1,288.1,287.39,287.29,287.29,287.29,287.39,287.39,287.89,288.0,288.6,289.1,287.89,287.89,287.2,287.5,287.5,287.29,287.39,287.6,288.1,289.1,288.79,288.79,287.79,287.6,287.7,287.6,287.2,287.29,287.79,288.79,288.89,288.89,288.39,288.0,287.89,287.79,287.6,287.5,287.5,288.0,288.6,288.6,288.6,287.89,288.0,287.89,287.79,287.79,288.0,287.7
2021-08-04 06:00:00,289.7,290.29,290.39,290.6,290.7,290.79,290.89,290.89,290.79,290.7,290.6,289.7,290.29,290.39,290.6,290.7,290.7,290.7,290.7,290.79,290.79,290.5,289.2,289.79,290.29,290.6,290.7,290.7,290.7,290.6,290.7,290.7,290.7,289.1,289.29,290.1,290.6,290.6,290.5,290.7,290.5,290.7,290.89,290.89,289.7,289.6,289.6,290.1,290.6,290.7,290.6,290.6,290.6,290.6,290.5,288.79,288.79,289.7,290.0,290.39,290.6,290.39,290.39,290.39,290.5,290.1,285.39,287.29,288.7,289.5,290.39,290.6,290.39,290.39,290.39,290.5,290.1,285.39,287.29,288.7,289.5,290.39,290.39,290.39,290.29,290.39,290.1,290.0,284.2,286.2,288.2,289.39,289.39,290.29,290.2,290.5,290.0,290.0,289.89,284.89,287.2,289.0,289.0,290.1,289.79,289.89,290.0,289.89,289.89,289.89,286.1,289.5,289.5,290.0,289.89,289.7,289.7,289.6,289.6,289.7,289.89
2021-07-22 07:00:00,289.2,289.2,289.39,290.0,290.7,290.5,290.7,290.7,291.2,291.1,291.29,289.2,289.2,289.39,290.0,290.7,290.5,290.5,290.79,291.1,290.89,291.0,289.6,289.79,290.0,290.2,290.6,290.6,290.79,290.79,291.1,290.89,290.7,290.0,290.0,290.0,290.0,290.0,290.5,290.6,290.79,290.79,290.7,290.7,289.5,289.79,289.79,290.1,290.29,290.5,290.5,290.6,290.6,290.6,290.6,289.39,289.39,289.29,289.79,290.29,290.39,290.2,290.2,290.2,290.29,290.39,289.79,289.7,289.79,289.79,290.29,290.39,290.2,290.2,290.2,290.29,290.39,289.79,289.7,289.79,289.79,290.1,290.1,290.1,289.79,289.89,290.0,290.39,289.89,290.2,290.1,289.89,289.89,289.89,289.7,289.7,289.29,290.0,290.39,290.1,290.2,290.29,290.29,290.0,289.6,289.7,289.6,289.6,290.2,290.2,290.1,290.1,290.1,290.0,289.7,289.5,289.0,289.79,289.79,290.0,290.39
2021-07-21 00:00:00,287.5,287.5,287.2,286.2,285.39,286.29,285.89,285.89,286.1,286.39,286.6,287.5,287.5,287.2,286.2,285.39,285.1,285.1,285.6,286.0,286.0,286.6,286.89,286.0,285.79,284.89,284.7,284.7,284.0,284.79,286.29,286.5,286.39,286.79,284.89,284.79,284.29,284.29,284.0,283.5,285.2,286.5,287.0,287.0,287.1,285.5,285.5,285.6,284.6,284.1,284.6,286.29,287.0,287.0,286.6,287.5,287.5,287.1,286.2,285.7,285.39,286.0,287.0,287.0,287.2,286.7,288.39,288.39,288.0,287.29,285.7,285.39,286.0,286.0,287.0,287.2,286.7,288.39,288.39,288.0,287.29,286.79,286.79,286.7,287.1,287.39,287.39,286.89,289.29,289.39,288.89,288.6,288.6,287.79,287.6,287.7,287.89,287.6,286.5,289.79,289.6,289.1,289.1,288.5,287.6,287.39,287.29,287.2,287.2,287.2,290.0,289.7,289.7,288.89,288.29,287.39,286.79,286.7,286.7,286.79,286.79
2021-07-25 05:00:00,264.11,262.5,263.21,264.0,262.0,261.61,261.0,261.0,260.3,258.0,258.0,264.11,262.5,263.21,264.0,262.0,262.4,262.4,262.4,260.5,258.0,257.8,264.3,263.5,263.4,264.0,263.11,263.11,263.0,263.0,261.4,258.61,257.21,266.8,265.11,264.3,264.21,264.21,263.21,263.61,263.4,262.4,258.8,258.8,269.3,266.5,266.5,266.21,264.9,262.61,262.8,263.5,262.3,262.3,258.9,273.6,273.6,268.21,267.4,265.4,263.21,262.21,263.5,263.5,262.21,259.11,279.1,276.6,271.8,268.4,265.4,263.21,262.21,262.21,263.5,262.21,259.11,279.1,276.6,271.8,268.4,266.11,266.11,264.9,264.4,264.8,262.11,259.61,282.0,279.39,274.0,270.71,270.71,267.5,268.61,268.21,267.21,264.5,263.0,281.2,277.39,274.0,274.0,274.79,272.4,270.11,272.11,272.21,269.3,269.3,279.1,276.2,276.2,272.3,276.6,276.29,273.6,275.1,275.1,275.1,273.7
2021-08-02 08:00:00,294.2,294.89,295.5,295.79,295.89,296.29,295.5,295.5,295.2,294.7,294.39,294.2,294.89,295.5,295.79,295.89,295.7,295.7,295.2,295.0,294.7,294.39,293.39,293.79,294.0,294.6,295.0,295.0,295.0,294.79,294.6,294.39,294.29,292.7,292.7,293.0,293.5,293.5,294.1,294.2,294.2,294.1,294.1,294.1,292.7,292.89,292.89,293.0,293.2,293.7,293.89,293.89,294.0,294.0,293.89,293.2,293.2,293.5,293.39,293.5,293.5,293.89,293.89,293.89,293.89,293.89,293.2,293.39,293.6,293.79,293.5,293.5,293.89,293.89,293.89,293.89,293.89,293.2,293.39,293.6,293.79,293.79,293.79,293.7,293.89,294.1,293.89,293.89,293.0,293.39,293.29,294.0,294.0,294.0,294.0,293.89,294.0,293.89,293.89,292.79,293.1,293.39,293.39,293.89,294.0,294.1,293.7,294.0,293.89,293.89,292.7,293.0,293.0,293.39,294.1,294.1,294.0,293.7,293.7,294.0,294.0
2021-06-17 08:00:00,275.7,275.39,275.0,274.79,276.29,278.5,279.2,279.2,280.1,280.29,280.39,275.7,275.39,275.0,274.79,276.29,278.29,278.29,279.1,280.0,280.5,280.5,273.5,273.5,273.39,274.0,275.2,275.2,277.89,279.6,280.2,280.39,280.5,271.71,271.8,272.61,273.2,273.2,274.39,277.7,280.0,280.1,280.5,280.5,271.21,270.9,270.9,271.5,272.61,275.1,278.0,279.1,279.7,279.7,280.0,270.3,270.3,270.5,271.0,272.3,275.0,278.1,278.79,278.79,278.7,279.29,268.5,269.9,271.0,271.5,272.3,275.0,278.1,278.1,278.79,278.7,279.29,268.5,269.9,271.0,271.5,272.61,272.61,275.39,277.79,277.89,278.2,278.6,268.8,270.9,272.0,272.11,272.11,273.29,276.2,277.39,277.0,278.0,277.6,271.0,272.61,273.39,273.39,273.6,274.7,276.0,276.79,277.29,277.6,277.6,273.6,274.2,274.2,274.39,275.7,275.89,275.79,276.5,276.5,277.2,277.29
2021-07-03 22:00:00,290.5,290.79,290.0,289.39,289.79,291.1,291.7,291.7,292.2,292.29,292.1,290.5,290.79,290.0,289.39,289.79,291.0,291.0,292.2,293.0,292.89,292.39,287.5,287.1,288.5,288.2,289.2,289.2,291.39,292.7,293.2,292.89,292.39,287.29,283.5,284.0,287.29,287.29,288.2,290.39,291.5,292.29,292.0,292.0,287.39,286.1,286.1,282.5,284.39,287.5,287.2,287.0,289.0,289.0,289.2,284.79,284.79,286.79,286.79,281.29,281.0,284.7,285.39,285.39,285.2,286.29,281.39,278.6,282.2,286.29,281.29,281.0,284.7,284.7,285.39,285.2,286.29,281.39,278.6,282.2,286.29,282.1,282.1,277.2,281.79,281.1,280.5,283.5,277.39,274.0,277.0,283.1,283.1,282.0,279.6,278.6,274.79,275.6,281.6,270.61,266.5,276.6,276.6,281.6,278.89,279.0,279.6,277.0,273.2,273.2,265.21,263.9,263.9,276.6,279.0,275.7,278.2,280.6,280.6,277.1,271.5
2021-06-20 01:00:00,285.0,284.2,282.39,279.89,279.1,285.7,293.89,293.89,295.1,294.79,295.29,285.0,284.2,282.39,279.89,279.1,282.89,282.89,291.0,295.5,295.89,296.0,290.39,290.1,288.6,284.79,283.6,283.6,285.1,290.0,293.29,294.6,294.29,294.7,293.89,291.79,289.7,289.7,289.0,288.7,290.1,291.7,292.6,292.6,296.29,295.7,295.7,295.39,293.39,289.5,289.39,288.29,290.0,290.0,291.5,296.7,296.7,296.79,296.0,295.5,292.0,288.1,286.5,286.5,287.6,289.29,296.5,296.29,296.1,296.0,295.5,292.0,288.1,288.1,286.5,287.6,289.29,296.5,296.29,296.1,296.0,295.6,295.6,293.39,289.7,287.0,286.29,286.39,296.29,295.89,295.5,295.29,295.29,294.89,293.6,290.79,286.39,285.6,284.0,297.1,296.7,296.0,296.0,295.29,295.0,294.1,290.1,286.89,286.29,286.29,297.89,297.29,297.29,296.7,296.29,295.39,292.5,290.1,290.1,288.29,287.7
2021-08-11 09:00:00,241.9,243.0,246.4,249.5,248.31,247.0,250.5,250.5,248.9,241.31,247.0,241.9,243.0,246.4,249.5,248.31,242.5,242.5,242.11,242.61,241.9,245.4,241.9,241.5,240.9,242.31,241.31,241.31,235.9,236.0,237.11,238.61,242.9,239.61,240.0,237.11,234.31,234.31,232.9,229.7,230.5,231.81,234.4,234.4,238.4,234.2,234.2,231.7,231.61,231.4,229.2,229.31,229.61,229.61,231.61,238.4,238.4,231.2,230.0,232.0,234.31,231.4,230.0,230.0,230.4,231.0,242.4,243.4,239.7,237.4,232.0,234.31,231.4,231.4,230.0,230.4,231.0,242.4,243.4,239.7,237.4,232.5,232.5,232.61,231.7,231.11,232.7,233.9,242.0,247.81,248.4,244.31,244.31,235.5,233.81,233.61,234.81,236.5,234.9,241.81,245.9,249.2,249.2,247.5,242.61,240.0,242.81,241.11,237.61,237.61,239.81,244.9,244.9,248.5,250.11,250.0,249.4,251.2,251.2,246.31,241.61
2021-08-01 00:00:00,291.1,291.5,291.7,292.1,292.2,291.89,291.7,291.7,291.6,291.7,291.5,291.1,291.5,291.7,292.1,292.2,292.0,292.0,292.0,291.79,291.5,291.5,290.1,291.5,291.7,292.0,292.1,292.1,292.29,291.79,291.7,291.5,291.29,290.6,290.79,291.0,290.79,290.79,291.39,291.29,291.39,290.89,291.1,291.1,290.39,289.7,289.7,289.2,287.79,287.7,288.5,289.29,290.2,290.2,290.5,290.39,290.39,288.5,285.2,282.39,282.2,283.79,286.6,286.6,289.0,289.6,292.7,289.7,285.29,280.5,282.39,282.2,283.79,283.79,286.6,289.0,289.6,292.7,289.7,285.29,280.5,276.29,276.29,279.7,282.89,284.79,286.6,287.29,292.39,291.6,284.1,274.89,274.89,274.5,278.79,282.89,284.2,285.5,286.6,292.0,291.89,289.89,289.89,285.1,276.7,272.0,273.89,286.29,287.89,287.89,291.79,293.5,293.5,295.79,293.39,281.29,268.71,269.4,269.4,283.1,292.1
2021-08-15 00:00:00,290.0,290.2,290.29,290.29,290.2,290.0,290.0,290.0,290.1,289.7,289.2,290.0,290.2,290.29,290.29,290.2,290.0,290.0,290.0,289.89,289.79,289.7,290.2,290.2,290.2,290.29,290.39,290.39,290.1,289.39,289.6,289.79,290.0,290.5,290.1,290.0,290.39,290.39,290.0,290.0,289.6,289.2,289.7,289.7,290.39,290.1,290.1,289.7,290.29,290.29,290.0,289.6,289.5,289.5,289.79,290.2,290.2,289.6,289.7,290.0,289.79,289.79,289.79,289.79,289.6,289.5,290.2,290.0,289.6,289.5,290.0,289.79,289.79,289.79,289.79,289.6,289.5,290.2,290.0,289.6,289.5,289.6,289.6,289.6,289.6,289.5,289.7,289.7,290.2,290.1,289.7,289.2,289.2,289.7,289.2,289.5,289.89,289.5,289.79,290.1,290.2,289.39,289.39,289.6,289.5,289.39,289.39,289.39,289.6,289.6,290.0,289.7,289.7,289.29,289.5,289.39,289.39,289.2,289.2,289.1,289.29
2021-06-25 05:00:00,236.61,231.81,232.31,236.9,246.9,250.0,249.61,249.61,245.81,241.81,236.7,236.61,231.81,232.31,236.9,246.9,253.5,253.5,253.7,251.11,246.5,242.7,240.2,236.31,236.0,240.31,248.7,248.7,255.4,256.8,256.11,251.81,249.7,246.31,242.2,241.7,247.2,247.2,251.31,257.4,258.9,259.5,256.21,256.21,250.81,249.7,249.7,253.0,257.9,255.61,260.71,262.61,262.5,262.5,257.9,255.2,255.2,256.71,263.61,264.8,264.11,261.9,262.8,262.8,263.71,258.11,260.3,259.4,264.5,270.21,264.8,264.11,261.9,261.9,262.8,263.71,258.11,260.3,259.4,264.5,270.21,269.61,269.61,266.9,266.0,264.21,260.4,255.2,261.3,261.0,269.11,273.6,273.6,271.0,268.4,267.71,262.4,255.4,250.7,259.3,260.5,264.61,264.61,273.1,270.5,263.61,262.8,254.2,250.7,250.7,256.61,256.4,256.4,258.5,267.0,267.21,259.3,253.9,253.9,247.0,245.81
2021-07-23 23:00:00,273.39,277.1,280.2,281.2,284.79,288.5,289.5,289.5,289.6,288.1,286.1,273.39,277.1,280.2,281.2,284.79,286.79,286.79,288.79,289.79,289.1,288.0,271.61,273.29,274.5,277.29,280.6,280.6,284.89,288.1,288.5,288.79,288.89,270.4,269.3,270.61,272.71,272.71,276.7,281.6,284.89,286.5,286.89,286.89,268.5,269.61,269.61,269.5,270.8,271.71,274.29,278.0,283.0,283.0,285.7,268.11,268.11,271.11,273.0,270.8,267.9,268.11,270.71,270.71,278.2,284.79,269.3,269.21,272.3,273.29,270.8,267.9,268.11,268.11,270.71,278.2,284.79,269.3,269.21,272.3,273.29,271.71,271.71,268.21,267.5,268.9,273.0,278.5,271.0,270.8,272.3,273.29,273.29,271.61,269.3,268.9,268.4,268.61,275.39,273.1,270.0,271.4,271.4,271.9,272.71,274.0,271.8,268.8,270.61,270.61,273.1,270.0,270.0,269.4,272.4,274.79,273.6,274.7,274.7,275.5,273.39
2021-06-14 03:00:00,223.7,224.0,224.5,224.5,222.7,224.31,223.61,223.61,223.81,224.11,224.5,223.7,224.0,224.5,224.5,222.7,221.5,221.5,221.4,221.81,222.7,223.9,222.61,223.11,223.0,222.4,221.5,221.5,220.5,219.61,220.31,221.81,223.4,222.0,221.7,221.11,220.5,220.5,220.9,220.61,220.0,220.5,222.2,222.2,221.2,221.0,221.0,219.9,220.4,221.81,223.2,225.31,225.9,225.9,225.61,221.5,221.5,220.9,220.5,222.0,223.9,226.7,229.61,229.61,231.4,228.9,222.61,222.9,222.9,222.7,222.0,223.9,226.7,226.7,229.61,231.4,228.9,222.61,222.9,222.9,222.7,223.81,223.81,225.5,228.2,233.11,234.9,232.0,224.2,226.0,226.61,226.11,226.11,226.7,227.31,229.0,235.4,236.61,236.81,228.5,229.9,230.2,230.2,230.0,230.11,228.61,230.7,236.11,236.0,236.0,232.11,232.7,232.7,233.81,233.4,231.9,230.31,231.2,231.2,233.61,235.0
2021-07-21 02:00:00,291.5,292.0,292.0,291.2,290.79,291.0,291.0,291.0,290.6,290.6,291.1,291.5,292.0,292.0,291.2,290.79,290.89,290.89,290.1,289.7,290.0,290.79,291.7,291.39,290.5,291.5,291.39,291.39,290.6,289.7,289.39,289.5,289.1,291.0,290.2,291.1,291.1,291.1,290.89,290.39,290.2,289.5,288.39,288.39,290.7,291.1,291.1,291.1,290.6,289.89,289.7,289.79,289.39,289.39,289.1,291.6,291.6,291.29,290.6,290.2,289.39,289.1,289.0,289.0,289.6,290.5,290.79,290.6,290.39,290.0,290.2,289.39,289.1,289.1,289.0,289.6,290.5,290.79,290.6,290.39,290.0,289.89,289.89,289.6,289.7,290.0,290.1,290.7,290.6,290.29,289.29,289.39,289.39,289.79,290.0,290.6,291.0,291.0,291.0,290.79,290.2,289.5,289.5,289.5,290.0,290.6,291.0,291.39,291.6,291.6,290.7,290.6,290.6,289.89,289.89,290.5,291.1,291.1,291.1,291.39,291.5
2021-08-07 03:00:00,275.6,273.89,276.29,277.79,280.7,277.0,271.9,271.9,262.71,257.21,253.5,275.6,273.89,276.29,277.79,280.7,283.39,283.39,279.5,269.11,256.71,253.61,277.79,274.5,274.89,279.7,283.5,283.5,284.7,281.39,273.5,264.21,259.4,276.29,275.1,275.89,279.79,279.79,282.7,283.5,280.89,276.1,272.21,272.21,277.0,276.29,276.29,275.0,279.0,281.6,280.0,276.39,277.89,277.89,276.79,272.8,272.8,276.2,276.5,278.0,276.0,276.0,276.7,276.7,276.89,276.29,272.4,269.8,271.0,273.7,278.0,276.0,276.0,276.0,276.7,276.89,276.29,272.4,269.8,271.0,273.7,277.5,277.5,275.1,275.2,275.89,275.0,274.39,272.21,268.21,265.4,271.61,271.61,275.6,277.2,275.89,272.5,273.6,277.0,270.5,267.9,267.3,267.3,270.61,273.29,277.0,276.2,275.1,275.1,275.1,269.9,267.3,267.3,270.9,274.1,273.2,271.61,276.7,276.7,276.0,275.39
2021-08-18 02:00:00,282.29,286.0,286.5,289.0,290.6,290.6,290.79,290.79,290.5,290.5,291.2,282.29,286.0,286.5,289.0,290.6,291.5,291.5,291.1,290.29,290.89,291.5,284.29,288.0,289.0,289.39,290.1,290.1,290.6,290.5,290.7,291.29,291.5,287.29,289.79,290.6,290.2,290.2,289.39,289.5,289.89,291.29,291.39,291.39,288.0,289.2,289.2,289.5,290.39,289.6,289.2,290.2,291.2,291.2,291.39,287.79,287.79,287.89,287.89,289.89,289.2,289.0,290.5,290.5,291.29,291.1,284.7,286.5,285.6,288.79,289.89,289.2,289.0,289.0,290.5,291.29,291.1,284.7,286.5,285.6,288.79,288.79,288.79,287.5,288.79,290.6,291.29,291.39,284.1,282.1,285.5,289.39,289.39,288.0,286.7,289.0,290.7,291.39,291.6,279.2,282.6,288.2,288.2,288.39,286.29,287.5,289.2,290.6,291.5,291.5,275.89,285.0,285.0,290.2,287.79,285.7,287.2,289.89,289.89,291.1,291.39
2021-06-30 23:00:00,288.89,289.0,289.39,290.0,290.0,290.29,290.29,290.29,290.1,289.79,289.5,288.89,289.0,289.39,290.0,290.0,289.7,289.7,289.39,289.0,288.1,286.79,287.5,288.39,289.0,289.39,289.2,289.2,288.5,287.7,287.39,286.39,284.89,286.79,287.7,288.79,289.2,289.2,289.0,287.89,286.7,286.0,285.0,285.0,288.39,287.7,287.7,288.89,290.2,289.7,288.2,286.2,285.7,285.7,284.7,288.7,288.7,288.29,289.29,291.0,291.5,288.89,284.79,284.79,285.89,284.2,286.29,286.1,288.89,290.6,291.0,291.5,288.89,288.89,284.79,285.89,284.2,286.29,286.1,288.89,290.6,291.7,291.7,290.89,289.39,287.2,285.0,282.2,286.1,287.2,288.6,289.6,289.6,290.39,290.0,288.0,286.6,282.2,281.5,287.79,287.89,287.79,287.79,286.7,285.5,285.2,284.6,281.2,277.39,277.39,288.29,287.2,287.2,285.5,282.79,280.39,280.0,280.1,280.1,276.29,272.21
2021-07-26 00:00:00,255.2,254.61,253.7,254.11,254.61,254.0,254.61,254.61,257.0,257.8,257.0,255.2,254.61,253.7,254.11,254.61,254.11,254.11,254.2,256.3,258.5,258.11,253.4,254.2,253.81,253.0,253.7,253.7,254.31,254.2,255.11,257.8,259.11,251.31,253.11,253.11,252.2,252.2,253.7,254.9,253.81,254.5,257.3,257.3,249.7,251.2,251.2,252.4,253.9,253.11,254.9,259.11,255.31,255.31,252.5,246.5,246.5,249.11,251.31,254.2,255.81,255.31,258.4,258.4,256.21,251.81,243.7,245.0,247.9,249.61,254.2,255.81,255.31,255.31,258.4,256.21,251.81,243.7,245.0,247.9,249.61,254.5,254.5,258.4,258.3,256.9,255.7,253.4,243.7,245.31,246.5,248.2,248.2,254.2,259.21,259.71,257.8,255.31,253.9,243.2,245.31,246.9,246.9,248.61,253.0,255.81,257.4,257.61,256.71,256.71,243.61,245.4,245.4,247.81,248.4,250.9,253.5,254.31,254.31,256.9,258.3
2021-07-11 08:00:00,253.7,253.5,253.2,252.81,252.81,254.11,254.7,254.7,253.81,253.11,253.5,253.7,253.5,253.2,252.81,252.81,252.7,252.7,253.4,254.2,254.7,253.0,253.4,253.4,253.11,252.61,252.9,252.9,252.9,253.31,254.5,253.81,252.9,252.7,252.9,253.0,252.81,252.81,252.9,253.7,254.5,254.31,253.5,253.5,252.61,252.11,252.11,252.61,253.2,253.61,254.61,255.0,254.9,254.9,254.2,251.9,251.9,251.7,252.0,253.11,255.81,254.7,254.9,254.9,255.61,254.9,252.0,252.11,252.11,252.11,253.11,255.81,254.7,254.7,254.9,255.61,254.9,252.0,252.11,252.11,252.11,253.5,253.5,256.9,253.7,255.2,256.61,254.9,253.31,252.9,253.5,254.4,254.4,255.0,254.61,253.9,255.0,256.4,256.11,256.4,255.9,255.7,255.7,256.4,255.81,254.5,254.4,254.5,255.61,255.61,259.21,258.4,258.4,257.5,256.5,255.9,254.9,254.31,254.31,253.9,254.2
2021-06-22 00:00:00,293.1,293.2,293.0,292.89,293.0,292.7,292.6,292.6,292.6,292.6,292.29,293.1,293.2,293.0,292.89,293.0,292.79,292.79,292.7,292.6,292.6,292.0,292.89,292.89,292.79,293.0,292.89,292.89,292.7,292.7,292.39,292.6,291.89,292.79,292.6,292.79,293.1,293.1,292.7,292.6,292.6,292.5,292.39,292.39,292.7,292.7,292.7,292.79,293.0,292.7,292.7,292.5,292.29,292.29,291.89,292.79,292.79,292.79,292.79,292.79,292.7,292.6,292.2,292.2,291.89,291.2,292.6,292.6,292.7,292.79,292.79,292.7,292.6,292.6,292.2,291.89,291.2,292.6,292.6,292.7,292.79,292.7,292.7,292.39,292.29,291.89,291.2,290.5,292.79,292.89,292.6,292.6,292.6,292.6,292.29,291.89,291.39,290.6,290.29,293.0,292.7,292.6,292.6,292.29,292.39,292.1,291.1,290.6,290.39,290.39,292.7,292.39,292.39,292.1,292.29,291.89,291.2,290.5,290.5,290.1,290.1
2021-06-07 10:00:00,293.1,295.6,296.89,297.6,298.2,298.1,297.6,297.6,296.7,296.2,295.6,293.1,295.6,296.89,297.6,298.2,297.89,297.89,297.0,296.6,296.2,295.39,291.5,293.89,296.6,297.7,298.0,298.0,297.6,296.79,296.5,295.79,294.39,292.7,292.5,296.1,298.0,298.0,297.7,297.29,296.89,296.1,294.79,294.79,293.1,293.79,293.79,296.39,297.6,297.5,296.79,296.1,295.2,295.2,293.7,295.29,295.29,295.39,295.89,297.2,296.89,296.2,295.6,295.6,294.1,292.5,293.0,294.2,295.5,296.2,297.2,296.89,296.2,296.2,295.6,294.1,292.5,293.0,294.2,295.5,296.2,296.6,296.6,296.29,295.39,294.1,292.79,291.6,294.29,293.89,294.6,295.6,295.6,296.0,295.39,294.29,292.79,291.5,290.5,292.1,293.29,294.7,294.7,295.1,295.0,294.0,292.29,290.39,290.2,290.2,288.7,291.39,291.39,294.2,294.6,293.7,292.5,291.1,291.1,286.7,289.5
2021-08-30 10:00:00,197.61,197.5,199.5,202.39999999999998,203.31,202.7,204.11,204.11,205.0,205.2,206.2,197.61,197.5,199.5,202.39999999999998,203.31,204.5,204.5,203.89999999999998,203.89999999999998,203.89999999999998,204.9,201.2,201.7,203.61,204.81,205.2,205.2,205.81,204.61,204.0,203.0,203.39999999999998,204.7,206.0,206.61,207.0,207.0,207.0,206.61,206.5,204.2,203.31,203.31,206.7,207.0,207.0,207.2,207.11,207.4,207.0,206.5,205.4,205.4,204.39999999999998,207.11,207.11,207.2,207.5,207.0,207.11,207.11,207.11,207.11,206.5,206.31,206.9,207.11,206.81,206.81,207.0,207.11,207.11,207.11,207.11,206.5,206.31,206.9,207.11,206.81,206.81,207.2,207.2,207.11,207.7,208.4,207.31,208.11,207.11,206.7,206.0,205.9,205.9,207.4,207.81,208.61,208.9,209.11,209.11,205.7,204.5,205.31,205.31,206.5,207.5,208.61,209.11,209.9,211.2,211.2,206.4,204.7,204.7,205.7,208.0,208.61,209.31,209.7,209.7,211.0,212.0
2021-08-16 05:00:00,243.81,245.11,252.0,256.11,259.11,262.4,261.4,261.4,261.11,257.3,258.71,243.81,245.11,252.0,256.11,259.11,264.21,264.21,262.11,259.0,255.7,251.9,245.31,247.7,250.61,254.31,258.3,258.3,261.21,259.3,257.61,255.9,248.81,246.81,249.81,251.0,251.81,251.81,254.2,256.11,255.5,256.3,254.31,254.31,244.9,247.2,247.2,250.4,250.61,250.4,250.61,251.9,252.2,252.2,250.9,245.9,245.9,243.4,248.31,249.61,246.61,246.11,245.2,245.2,247.7,249.5,247.9,247.0,243.5,244.9,249.61,246.61,246.11,246.11,245.2,247.7,249.5,247.9,247.0,243.5,244.9,247.7,247.7,246.61,243.4,241.5,242.9,246.4,249.0,247.11,244.4,244.7,244.7,245.2,246.0,241.9,239.2,239.31,240.0,247.9,247.11,245.5,245.5,245.2,244.61,243.4,241.9,239.7,238.31,238.31,245.2,246.61,246.61,246.2,245.61,244.81,243.5,242.11,242.11,241.0,239.81
2021-06-19 02:00:00,290.1,292.7,293.79,293.29,292.39,294.79,294.29,294.29,292.6,291.89,291.2,290.1,292.7,293.79,293.29,292.39,292.7,292.7,291.29,289.0,287.89,287.7,283.29,289.39,291.6,292.1,290.79,290.79,288.79,287.39,285.89,286.29,286.1,279.2,286.1,291.2,291.6,291.6,288.79,286.5,285.39,284.39,285.6,285.6,279.5,284.1,284.1,291.6,291.6,291.39,288.79,286.7,285.7,285.7,285.1,282.2,282.2,284.39,291.39,292.89,292.89,291.89,289.89,289.89,287.0,286.0,287.0,287.0,289.0,292.1,292.89,292.89,291.89,291.89,289.89,287.0,286.0,287.0,287.0,289.0,292.1,293.79,293.79,293.6,292.89,291.0,288.7,287.79,292.79,293.7,293.89,294.2,294.2,294.79,294.7,294.0,292.5,291.2,290.5,296.1,295.7,295.7,295.7,295.1,295.39,295.2,293.89,293.1,292.7,292.7,297.79,297.1,297.1,296.2,295.7,295.6,293.89,292.7,292.7,292.39,292.0
2021-07-30 00:00:00,289.6,289.7,289.5,289.7,289.39,289.39,288.89,288.89,288.79,288.7,288.7,289.6,289.7,289.5,289.7,289.39,289.2,289.2,288.79,288.7,288.79,288.6,289.7,289.89,289.89,289.5,289.1,289.1,289.1,288.89,288.79,288.89,288.79,289.89,290.1,289.6,289.39,289.39,288.89,288.89,288.7,288.89,289.0,289.0,289.89,290.0,290.0,289.89,289.39,289.1,288.79,288.7,288.89,288.89,288.79,289.6,289.6,289.79,289.79,289.6,289.1,288.79,288.7,288.7,288.79,289.0,289.79,290.0,289.79,289.5,289.6,289.1,288.79,288.79,288.7,288.79,289.0,289.79,290.0,289.79,289.5,289.7,289.7,289.39,289.1,288.6,288.79,288.89,289.6,289.6,289.6,289.1,289.1,289.5,289.29,289.0,288.89,288.6,288.39,289.39,289.39,289.2,289.2,289.0,289.2,289.5,289.1,289.0,288.5,288.5,289.1,288.89,288.89,288.89,288.89,288.89,289.1,289.1,289.1,288.79,288.5
2021-06-24 10:00:00,288.79,290.1,289.6,283.89,283.6,288.1,287.89,287.89,288.7,289.0,289.7,288.79,290.1,289.6,283.89,283.6,286.29,286.29,290.1,287.79,288.89,290.0,289.89,289.79,288.1,286.2,286.39,286.39,287.2,289.0,288.79,288.39,289.39,290.5,289.2,288.79,288.6,288.6,288.39,288.5,288.7,288.89,288.79,288.79,291.5,290.6,290.6,289.1,289.39,289.1,288.7,288.1,288.2,288.2,288.29,290.79,290.79,290.7,289.2,288.79,287.89,289.0,287.7,287.7,287.0,288.2,290.2,290.0,289.7,288.7,288.79,287.89,289.0,289.0,287.7,287.0,288.2,290.2,290.0,289.7,288.7,287.89,287.89,287.39,288.1,287.89,286.7,286.2,289.7,289.5,288.79,288.2,288.2,287.89,287.39,287.89,287.29,286.7,286.0,290.1,289.6,289.0,289.0,288.89,288.89,289.0,288.5,288.0,287.6,287.6,290.6,289.5,289.5,289.39,289.79,290.39,290.0,289.6,289.6,289.1,288.6
2021-06-08 10:00:00,288.79,289.5,289.5,289.7,289.7,288.7,288.89,288.89,289.1,289.29,289.1,288.79,289.5,289.5,289.7,289.7,289.5,289.5,289.6,290.0,290.1,290.39,288.5,289.0,289.0,289.6,289.7,289.7,289.5,290.0,290.2,290.6,291.0,287.29,288.39,289.2,289.1,289.1,288.39,288.5,289.2,289.0,289.0,289.0,287.1,287.7,287.7,287.79,287.2,285.6,285.1,286.0,286.2,286.2,285.1,285.79,285.79,286.39,286.1,284.29,282.29,282.0,282.2,282.2,282.79,281.39,284.2,286.7,286.1,283.29,284.29,282.29,282.0,282.0,282.2,282.79,281.39,284.2,286.7,286.1,283.29,279.89,279.89,278.2,277.39,278.2,278.0,275.29,280.89,283.1,283.79,282.0,282.0,276.6,271.5,274.1,278.89,274.0,271.8,277.39,279.39,280.7,280.7,277.2,278.5,274.6,271.9,278.7,275.29,275.29,275.89,278.2,278.2,276.7,276.5,281.6,275.2,273.79,273.79,278.6,279.29
2021-06-20 02:00:00,298.6,298.7,298.5,298.5,298.39,298.1,297.79,297.79,297.5,297.0,296.29,298.6,298.7,298.5,298.5,298.39,298.1,298.1,297.79,297.39,296.7,296.2,298.39,298.5,298.39,298.29,298.39,298.39,297.79,297.39,297.2,297.29,296.1,298.1,298.29,298.2,298.1,298.1,298.0,297.5,297.5,296.89,296.6,296.6,297.89,297.7,297.7,297.79,297.89,297.89,297.7,297.2,296.39,296.39,295.29,297.39,297.39,297.39,297.2,297.5,297.6,297.29,296.7,296.7,295.39,293.6,297.39,297.39,297.29,297.1,297.5,297.6,297.29,297.29,296.7,295.39,293.6,297.39,297.39,297.29,297.1,297.29,297.29,296.7,296.2,294.89,293.7,293.2,298.0,297.7,297.39,297.29,297.29,296.89,296.29,294.79,292.89,292.2,292.6,298.79,298.39,297.89,297.89,297.5,297.2,295.89,293.6,292.2,292.1,292.1,299.5,298.79,298.79,298.29,297.79,297.1,294.79,292.6,292.6,292.39,291.89
2021-08-23 07:00:00,247.4,248.7,249.5,250.4,250.61,244.2,242.0,242.0,240.5,246.61,251.4,247.4,248.7,249.5,250.4,250.61,251.9,251.9,252.0,250.4,255.5,258.8,260.21,257.8,256.71,259.8,260.21,260.21,260.5,260.5,259.21,260.71,262.71,267.61,264.0,264.5,265.8,265.8,266.11,266.9,267.3,266.11,263.5,263.5,269.8,268.4,268.4,267.4,268.11,268.8,269.3,269.21,268.71,268.71,267.11,270.3,270.3,270.0,269.11,269.0,269.61,269.9,269.4,269.4,269.11,267.71,269.5,269.3,269.5,269.21,269.0,269.61,269.9,269.9,269.4,269.11,267.71,269.5,269.3,269.5,269.21,269.61,269.61,269.8,269.61,269.0,268.8,267.8,269.0,268.71,268.61,269.11,269.11,269.8,269.11,268.9,268.71,268.21,266.21,270.4,269.8,269.61,269.61,270.0,269.9,269.5,268.4,268.9,267.3,267.3,271.61,271.0,271.0,271.0,271.0,270.3,269.21,268.61,268.61,267.4,265.9
2021-08-24 10:00:00,250.0,251.81,254.0,254.5,253.31,253.11,252.31,252.31,252.81,249.5,248.2,250.0,251.81,254.0,254.5,253.31,252.31,252.31,253.9,253.9,251.61,249.7,250.31,250.9,253.2,253.7,252.61,252.61,252.31,253.2,254.0,253.5,252.81,250.4,250.9,252.7,253.2,253.2,252.31,252.31,253.0,253.61,256.0,256.0,250.0,250.5,250.5,252.5,253.5,253.31,252.7,252.0,253.9,253.9,257.11,249.9,249.9,250.7,252.4,254.11,253.61,252.81,252.5,252.5,253.9,256.3,250.9,251.7,253.11,253.5,254.11,253.61,252.81,252.81,252.5,253.9,256.3,250.9,251.7,253.11,253.5,253.11,253.11,253.81,253.5,253.4,253.61,255.11,253.11,254.5,255.0,253.4,253.4,252.31,253.0,253.81,253.61,252.81,253.81,255.81,253.5,254.4,254.4,253.2,251.9,251.9,252.2,251.81,253.11,253.11,256.21,254.2,254.2,252.31,251.0,251.0,251.11,250.0,250.0,249.5,253.7
2021-08-30 08:00:00,254.4,254.5,254.4,254.61,249.7,251.11,242.7,242.7,225.9,209.0,204.39999999999998,254.4,254.5,254.4,254.61,249.7,238.5,238.5,225.2,217.31,209.11,202.61,260.5,260.11,259.61,249.7,233.31,233.31,223.2,216.31,210.0,204.81,200.5,265.3,263.4,257.8,243.11,243.11,220.61,208.31,208.5,209.5,205.31,205.31,264.5,262.3,262.3,249.11,239.61,228.31,219.2,215.9,212.5,212.5,211.11,257.3,257.3,256.0,246.31,232.9,241.81,234.61,222.31,222.31,223.81,223.5,248.61,247.4,247.9,247.81,232.9,241.81,234.61,234.61,222.31,223.81,223.5,248.61,247.4,247.9,247.81,235.61,235.61,236.0,234.31,231.81,235.61,241.31,236.11,238.7,241.81,243.81,243.81,241.11,233.7,229.9,234.0,243.61,252.7,229.9,233.2,234.11,234.11,234.81,239.61,234.61,229.9,235.5,243.9,243.9,224.11,225.5,225.5,226.31,228.5,233.7,232.31,228.5,228.5,232.7,238.4
2021-06-27 06:00:00,288.6,288.7,288.79,288.7,288.29,286.6,286.79,286.79,287.79,288.0,287.7,288.6,288.7,288.79,288.7,288.29,286.29,286.29,286.1,288.2,288.7,288.6,288.79,289.6,289.5,289.29,288.89,288.89,287.0,287.39,288.1,288.5,288.7,289.2,289.79,289.89,289.7,289.7,289.29,288.6,288.2,288.29,288.29,288.29,288.0,289.1,289.1,289.2,289.6,289.5,289.29,288.89,288.79,288.79,288.79,284.79,284.79,286.5,287.5,288.0,288.6,288.79,288.7,288.7,289.0,288.7,280.89,281.0,283.1,285.29,288.0,288.6,288.79,288.79,288.7,289.0,288.7,280.89,281.0,283.1,285.29,285.89,285.89,286.5,287.79,288.29,288.79,288.2,277.29,277.5,280.0,281.39,281.39,284.0,285.1,286.0,287.29,287.89,287.1,273.5,275.0,277.29,277.29,277.5,280.5,281.89,283.0,284.39,285.1,285.1,269.3,270.9,270.9,273.6,274.2,275.7,277.89,279.2,279.2,280.89,281.29
2021-08-06 08:00:00,289.2,288.89,288.6,288.39,286.79,277.2,272.8,272.8,268.8,263.4,261.4,289.2,288.89,288.6,288.39,286.79,282.5,282.5,278.6,276.5,274.1,268.4,290.1,289.79,290.1,290.39,289.1,289.1,287.39,286.0,283.2,277.89,273.89,290.1,289.89,290.0,289.89,289.89,289.5,289.39,290.2,287.79,282.1,282.1,288.29,289.0,289.0,288.7,288.1,287.39,287.7,289.0,289.5,289.5,288.0,285.7,285.7,287.29,286.39,285.6,284.89,285.1,288.39,288.39,290.39,289.6,283.2,280.7,282.39,283.29,285.6,284.89,285.1,285.1,288.39,290.39,289.6,283.2,280.7,282.39,283.29,282.0,282.0,282.2,285.6,288.89,289.5,289.6,281.39,279.29,277.89,277.7,277.7,278.39,282.79,285.1,286.29,287.89,287.79,282.39,280.7,278.79,278.79,277.2,277.2,278.2,280.6,283.0,285.6,285.6,284.39,284.0,284.0,280.7,276.79,276.6,275.1,275.29,275.29,279.5,282.6
2021-07-31 01:00:00,291.1,290.5,290.2,290.0,290.1,287.5,284.29,284.29,281.2,283.1,281.2,291.1,290.5,290.2,290.0,290.1,289.89,289.89,288.1,283.5,280.7,279.79,291.2,290.89,290.7,290.7,290.7,290.7,290.39,288.79,286.6,283.39,278.39,291.2,291.39,291.39,291.39,291.39,291.2,290.29,290.0,289.1,285.89,285.89,291.2,291.29,291.29,291.29,291.5,291.29,291.2,290.6,290.1,290.1,287.0,291.2,291.2,291.1,291.2,291.2,291.29,291.39,291.29,291.29,290.89,285.5,291.29,291.29,291.1,291.1,291.2,291.29,291.39,291.39,291.29,290.89,285.5,291.29,291.29,291.1,291.1,291.1,291.1,290.79,290.79,290.5,289.89,287.79,291.39,291.29,291.29,291.1,291.1,291.1,290.79,290.1,289.7,289.29,289.1,291.29,291.2,291.2,291.2,291.1,291.0,290.7,290.1,289.5,289.1,289.1,291.39,291.1,291.1,291.0,291.0,291.1,290.5,290.2,290.2,289.7,289.29
2021-07-02 03:00:00,275.89,278.0,280.5,276.39,275.0,272.8,271.3,271.3,270.61,274.89,277.5,275.89,278.0,280.5,276.39,275.0,271.61,271.61,270.61,276.6,280.5,285.29,282.29,282.89,281.1,275.1,270.9,270.9,273.89,276.39,280.1,283.29,287.0,285.89,286.29,284.1,273.6,273.6,269.5,277.2,280.7,283.29,285.79,285.79,282.2,281.89,281.89,281.39,276.39,278.6,281.29,283.2,285.39,285.39,287.29,276.0,276.0,277.39,279.5,280.6,285.0,285.39,285.0,285.0,286.79,287.79,275.6,272.5,282.2,284.79,280.6,285.0,285.39,285.39,285.0,286.79,287.79,275.6,272.5,282.2,284.79,283.39,283.39,284.29,286.7,287.2,287.7,288.39,270.8,282.2,285.2,285.29,285.29,286.0,286.29,286.39,287.7,288.39,289.0,274.29,279.6,284.6,284.6,286.5,288.1,288.5,288.7,288.5,288.7,288.7,280.1,281.39,281.39,283.39,286.1,288.89,290.1,289.89,289.89,289.5,288.6
2021-08-04 02:00:00,289.29,288.6,288.5,288.0,288.1,287.2,287.2,287.2,285.79,286.79,287.7,289.29,288.6,288.5,288.0,288.1,288.2,288.2,287.39,285.2,286.1,289.5,289.39,288.89,288.6,288.29,288.39,288.39,288.1,286.7,286.0,286.89,289.2,289.6,289.1,288.7,288.29,288.29,288.7,287.5,285.6,287.1,288.39,288.39,289.7,289.7,289.7,288.79,288.7,288.29,286.89,286.5,288.2,288.2,288.79,289.89,289.89,290.0,289.5,289.0,287.0,286.79,288.5,288.5,288.89,288.89,290.0,290.0,289.7,289.7,289.0,287.0,286.79,286.79,288.5,288.89,288.89,290.0,290.0,289.7,289.7,288.5,288.5,286.39,288.2,289.1,289.39,289.2,289.7,289.5,289.29,288.89,288.89,287.79,287.39,289.1,289.5,289.5,289.1,288.79,288.2,288.39,288.39,287.79,287.6,288.79,289.6,289.5,289.39,289.39,287.79,287.89,287.89,287.2,286.2,287.79,289.89,289.7,289.7,289.5,289.2
2021-07-05 02:00:00,222.9,221.7,220.31,219.61,219.11,217.11,216.31,216.31,215.0,213.61,213.4,222.9,221.7,220.31,219.61,219.11,217.11,217.11,216.31,215.7,214.81,214.7,224.4,223.2,221.11,220.5,219.11,219.11,217.5,217.4,216.5,215.7,215.7,225.5,224.4,223.11,220.7,220.7,219.4,218.2,217.81,217.2,216.9,216.9,225.81,225.5,225.5,224.4,221.81,220.0,219.2,218.61,218.11,218.11,217.81,225.9,225.9,225.61,224.4,222.7,221.11,220.31,220.11,220.11,219.11,218.0,227.4,225.81,224.2,222.7,222.7,221.11,220.31,220.31,220.11,219.11,218.0,227.4,225.81,224.2,222.7,223.81,223.81,223.31,222.31,220.81,219.2,218.9,228.5,225.11,223.31,221.81,221.81,224.61,225.5,223.81,220.5,219.61,219.61,228.9,226.5,223.81,223.81,221.9,224.7,225.61,223.61,220.5,220.2,220.2,230.11,226.7,226.7,225.61,223.9,225.2,224.31,222.4,222.4,220.81,220.31
2021-06-20 06:00:00,279.7,280.2,281.79,282.0,279.1,287.6,281.89,281.89,279.7,280.6,284.79,279.7,280.2,281.79,282.0,279.1,279.79,279.79,275.6,274.1,278.5,285.1,278.89,273.0,271.4,272.61,272.8,272.8,271.4,265.8,270.21,279.0,288.1,274.0,268.21,265.0,265.0,265.0,264.0,264.21,263.8,267.9,283.29,283.29,274.79,268.8,268.8,261.9,264.9,267.9,263.4,263.11,275.0,275.0,288.29,276.29,276.29,271.3,268.5,270.5,269.21,267.4,276.6,276.6,282.2,287.5,277.89,280.0,274.6,273.29,270.5,269.21,267.4,267.4,276.6,282.2,287.5,277.89,280.0,274.6,273.29,276.29,276.29,276.0,279.7,286.7,286.89,288.2,281.6,284.89,278.6,276.6,276.6,280.79,287.1,290.0,290.6,291.0,291.2,283.39,288.29,282.79,282.79,281.6,284.89,290.5,289.0,290.39,292.7,292.7,287.5,291.29,291.29,288.2,287.6,289.79,289.0,286.1,286.1,290.29,292.39
2021-06-26 01:00:00,274.89,274.6,274.29,274.5,275.0,275.5,274.39,274.39,273.5,272.0,272.0,274.89,274.6,274.29,274.5,275.0,276.39,276.39,275.29,273.7,272.61,272.21,274.1,274.5,274.79,275.1,275.5,275.5,276.0,275.79,274.29,272.8,272.8,274.1,274.0,274.89,275.5,275.5,275.5,275.39,275.2,274.79,274.0,274.0,273.89,274.0,274.0,274.7,275.2,275.1,275.1,274.89,274.7,274.7,273.6,273.79,273.79,274.0,274.6,274.6,274.7,274.6,274.5,274.5,274.2,273.0,274.0,274.1,274.2,274.39,274.6,274.7,274.6,274.6,274.5,274.2,273.0,274.0,274.1,274.2,274.39,274.5,274.5,274.2,274.1,274.0,273.6,272.9,274.29,274.7,274.5,274.39,274.39,274.39,274.2,273.89,273.6,273.39,272.71,274.89,275.2,275.1,275.1,274.89,274.6,274.5,274.6,274.0,273.5,273.5,275.29,275.5,275.5,275.6,275.29,274.89,274.79,275.0,275.0,274.6,273.5
2021-08-23 01:00:00,211.0,209.5,208.31,209.11,208.81,208.7,208.81,208.81,209.11,209.7,210.0,211.0,209.5,208.31,209.11,208.81,208.81,208.81,208.5,209.4,209.61,209.5,211.5,209.5,209.5,209.31,210.5,210.5,209.5,208.61,209.31,209.5,208.81,213.4,210.7,210.81,210.5,210.5,211.2,210.4,209.2,209.31,209.2,209.2,214.61,212.0,212.0,212.5,211.61,211.31,210.31,209.61,209.61,209.61,209.5,215.9,215.9,213.9,214.5,212.61,210.0,210.11,210.11,210.11,209.9,210.0,218.7,216.81,216.7,216.5,212.61,210.0,210.11,210.11,210.11,209.9,210.0,218.7,216.81,216.7,216.5,212.11,212.11,209.31,209.7,209.81,209.9,210.4,219.31,218.5,218.4,216.7,216.7,211.81,208.61,209.4,210.4,209.5,210.11,219.61,217.5,217.31,217.31,214.5,211.5,210.31,209.5,209.61,209.7,209.7,218.9,216.81,216.81,215.11,213.2,211.31,211.0,210.0,210.0,209.4,209.61
2021-07-19 08:00:00,291.7,292.0,292.6,293.2,293.5,293.2,292.7,292.7,292.2,292.0,291.29,291.7,292.0,292.6,293.2,293.5,293.29,293.29,292.6,292.29,291.89,291.39,291.29,292.29,292.5,292.2,292.0,292.0,292.39,292.1,291.7,291.29,291.5,291.39,292.1,292.0,291.39,291.39,290.6,291.29,291.1,290.89,291.2,291.2,292.29,292.1,292.1,291.79,291.0,290.89,290.89,290.39,291.1,291.1,290.89,292.39,292.39,292.39,292.0,291.2,291.1,291.0,291.1,291.1,291.2,291.1,292.2,292.5,292.2,292.0,291.2,291.1,291.0,291.0,291.1,291.2,291.1,292.2,292.5,292.2,292.0,291.6,291.6,291.1,291.6,291.7,291.29,290.89,292.0,291.79,291.89,292.0,292.0,291.7,291.7,292.0,291.79,291.39,291.2,291.6,292.0,292.1,292.1,291.7,291.79,291.89,291.79,291.7,291.6,291.6,291.29,291.79,291.79,292.29,292.0,291.7,291.5,291.5,291.5,291.7,291.6
2021-07-26 03:00:00,236.4,237.4,240.7,245.31,248.4,253.2,252.81,252.81,254.81,255.11,257.5,236.4,237.4,240.7,245.31,248.4,249.81,249.81,248.61,247.61,248.61,252.9,234.4,235.0,237.5,239.5,240.7,240.7,241.7,241.5,242.4,242.11,247.2,234.0,234.31,234.11,234.81,234.81,234.4,232.7,234.0,235.9,238.4,238.4,231.2,231.4,231.4,231.2,231.61,230.9,230.2,230.11,232.7,232.7,235.2,229.4,229.4,228.81,228.9,230.11,230.7,230.61,230.2,230.2,231.5,234.2,228.5,228.2,228.81,229.2,230.11,230.7,230.61,230.61,230.2,231.5,234.2,228.5,228.2,228.81,229.2,230.0,230.0,231.2,231.4,231.31,231.9,233.81,228.31,228.61,229.4,229.9,229.9,230.2,230.61,231.7,232.11,232.11,232.7,229.0,229.81,230.2,230.2,229.2,229.81,230.0,230.61,230.5,230.7,230.7,230.11,230.81,230.81,230.4,229.31,229.2,228.9,229.0,229.0,229.11,228.9
2021-06-01 05:00:00,295.79,295.29,293.89,285.6,275.1,279.0,271.61,271.61,272.11,274.0,282.1,295.79,295.29,293.89,285.6,275.1,268.9,268.9,268.5,276.1,281.89,285.6,292.1,290.79,288.1,281.89,275.7,275.7,275.29,277.5,278.89,280.5,288.29,289.79,284.0,275.1,277.0,277.0,286.1,285.2,277.0,283.2,288.39,288.39,283.6,281.1,281.1,278.89,276.2,282.29,286.39,287.1,287.79,287.79,287.79,279.79,279.79,278.39,278.29,279.0,283.0,287.0,290.2,290.2,290.6,288.79,276.7,271.71,270.21,272.8,279.0,283.0,287.0,287.0,290.2,290.6,288.79,276.7,271.71,270.21,272.8,283.1,283.1,288.1,290.7,291.6,290.6,290.0,271.4,263.0,262.5,272.9,272.9,286.1,290.79,293.6,291.7,289.89,289.6,266.71,263.21,264.8,264.8,279.7,287.89,289.6,291.7,290.7,290.2,290.2,265.21,263.5,263.5,273.79,284.2,289.29,289.1,288.0,288.0,289.7,290.39
2021-07-05 03:00:00,249.31,248.7,242.7,233.61,227.9,226.11,223.81,223.81,223.9,223.4,223.81,249.31,248.7,242.7,233.61,227.9,224.7,224.7,224.4,223.7,223.9,223.5,252.61,247.81,240.61,233.4,228.0,228.0,225.9,224.5,224.0,223.81,222.7,252.5,247.0,240.81,233.2,233.2,229.4,227.2,225.4,224.2,223.81,223.81,255.11,249.2,249.2,241.7,233.9,230.0,228.11,226.7,225.0,225.0,223.11,257.71,257.71,251.0,241.5,236.0,232.0,229.5,227.31,227.31,226.0,224.4,259.3,255.61,249.61,243.61,236.0,232.0,229.5,229.5,227.31,226.0,224.4,259.3,255.61,249.61,243.61,238.9,238.9,234.5,231.5,227.5,227.5,226.61,258.61,252.5,247.81,244.31,244.31,240.61,236.81,232.9,228.5,228.9,227.4,256.4,250.9,247.31,247.31,243.81,239.9,236.5,233.2,229.7,228.31,228.31,253.5,248.7,248.7,246.31,242.81,238.61,235.4,233.11,233.11,230.4,228.0
2021-06-28 05:00:00,287.89,287.7,288.79,289.89,289.2,288.7,288.5,288.5,289.0,289.39,288.79,287.89,287.7,288.79,289.89,289.2,290.2,290.2,289.6,288.5,289.0,289.2,288.89,289.0,290.1,289.79,290.2,290.2,289.7,288.89,288.89,289.79,290.0,290.29,290.6,291.0,290.0,290.0,290.0,288.79,288.6,289.5,289.7,289.7,291.1,291.0,291.0,291.2,290.0,289.7,288.1,288.7,289.89,289.89,290.0,291.1,291.1,291.39,290.79,290.0,288.89,287.6,288.79,288.79,290.29,289.79,290.7,290.79,291.2,291.1,290.0,288.89,287.6,287.6,288.79,290.29,289.79,290.7,290.79,291.2,291.1,289.1,289.1,288.0,288.29,289.7,290.0,289.79,290.6,290.0,291.0,290.6,290.6,288.2,287.89,289.29,290.0,289.79,289.6,290.7,291.1,290.7,290.7,289.5,288.1,288.39,289.6,290.0,289.39,289.39,291.1,291.1,291.1,290.6,288.79,288.2,289.2,289.5,289.5,289.2,288.79
2021-07-02 11:00:00,254.5,254.0,257.61,257.8,259.4,255.4,254.2,254.2,254.5,253.31,254.0,254.5,254.0,257.61,257.8,259.4,261.71,261.71,254.11,254.2,254.2,252.2,257.21,256.61,257.11,257.61,256.9,256.9,260.0,255.61,254.5,252.31,251.9,259.11,258.8,257.0,256.21,256.21,255.4,256.3,255.0,254.4,252.7,252.7,257.71,256.9,256.9,256.0,255.61,255.11,255.2,254.61,253.4,253.4,252.9,255.7,255.7,254.0,254.4,254.61,254.5,253.61,252.9,252.9,252.2,252.31,255.11,254.0,252.9,254.0,254.61,254.5,253.61,253.61,252.9,252.2,252.31,255.11,254.0,252.9,254.0,254.4,254.4,253.11,252.5,251.9,251.0,251.61,254.11,252.9,252.9,253.81,253.81,254.0,251.61,251.81,251.9,251.7,252.4,253.0,253.0,253.5,253.5,254.0,253.31,248.0,249.4,253.31,254.4,254.4,252.4,253.9,253.9,255.0,254.7,252.61,244.9,246.81,246.81,256.0,256.9
2021-08-14 00:00:00,275.39,275.39,275.2,275.39,274.39,275.5,274.2,274.2,275.29,278.5,278.0,275.39,275.39,275.2,275.39,274.39,274.89,274.89,273.89,274.2,276.2,275.6,273.89,272.61,272.61,272.9,272.5,272.5,274.0,273.79,273.1,273.29,272.8,271.3,270.11,270.3,270.9,270.9,272.0,273.2,273.1,272.3,270.9,270.9,269.21,268.5,268.5,268.8,269.21,270.3,271.21,271.5,271.5,271.5,270.71,267.3,267.3,267.11,267.61,268.11,268.4,269.21,270.21,270.21,270.11,270.3,265.4,265.9,266.0,266.61,268.11,268.4,269.21,269.21,270.21,270.11,270.3,265.4,265.9,266.0,266.61,267.3,267.3,267.61,268.4,268.61,269.21,269.3,265.8,266.5,266.9,266.61,266.61,266.9,267.61,267.71,268.11,268.11,269.5,270.61,270.9,270.5,270.5,268.9,268.0,268.5,268.4,268.21,268.5,268.5,276.2,276.0,276.0,274.89,272.4,269.9,269.11,269.3,269.3,268.8,268.8
2021-07-20 09:00:00,275.6,280.1,279.2,275.2,264.71,269.61,273.0,273.0,277.79,281.79,284.7,275.6,280.1,279.2,275.2,264.71,266.8,266.8,274.2,276.7,282.39,284.2,276.0,275.89,274.89,272.21,272.4,272.4,277.1,277.79,277.2,276.0,269.61,270.8,272.5,267.9,271.11,271.11,281.1,285.2,284.1,279.7,266.11,266.11,273.29,265.71,265.71,265.21,274.89,280.0,282.89,283.79,277.29,277.29,268.3,266.9,266.9,264.21,270.61,276.29,280.79,278.5,275.0,275.0,276.0,275.7,271.9,270.0,276.89,277.89,276.29,280.79,278.5,278.5,275.0,276.0,275.7,271.9,270.0,276.89,277.89,275.7,275.7,275.0,270.8,273.5,278.79,281.2,268.3,274.6,285.7,287.0,287.0,275.6,261.11,267.11,279.5,281.79,283.5,269.71,276.89,279.89,279.89,277.5,273.7,275.6,277.6,280.5,282.5,282.5,274.7,280.6,280.6,273.0,262.71,275.5,286.7,288.2,288.2,286.0,282.79
2021-07-31 08:00:00,292.89,292.5,291.89,291.39,291.5,291.1,291.2,291.2,291.6,290.2,288.89,292.89,292.5,291.89,291.39,291.5,291.79,291.79,291.89,291.79,290.2,287.2,292.89,292.6,291.79,291.29,291.7,291.7,291.5,291.29,291.2,291.5,287.29,292.7,292.39,292.1,291.5,291.5,291.39,291.39,291.39,291.2,290.6,290.6,292.7,292.29,292.29,291.79,291.39,291.6,291.2,291.7,291.29,291.29,289.89,292.0,292.0,291.6,291.39,291.5,291.7,291.5,291.39,291.39,291.2,290.89,292.1,290.5,289.89,291.0,291.5,291.7,291.5,291.5,291.39,291.2,290.89,292.1,290.5,289.89,291.0,292.1,292.1,292.2,291.79,291.89,291.39,291.2,292.39,289.2,288.39,291.7,291.7,292.5,292.5,292.2,292.0,291.7,291.39,292.39,291.1,289.39,289.39,293.0,292.5,292.1,292.1,291.79,291.79,291.79,292.5,292.29,292.29,292.0,292.39,292.89,292.2,291.7,291.7,291.6,291.89
2021-06-25 08:00:00,245.4,240.7,235.2,226.2,222.7,221.31,219.2,219.2,219.9,221.4,222.0,245.4,240.7,235.2,226.2,222.7,222.31,222.31,220.9,221.0,221.2,221.4,243.11,239.9,234.2,226.2,222.11,222.11,223.9,222.9,223.31,222.9,222.9,240.31,239.4,232.4,226.7,226.7,226.0,226.7,226.31,226.2,225.4,225.4,241.9,238.9,238.9,230.0,228.5,231.5,234.61,230.0,228.61,228.61,230.0,244.0,244.0,236.81,230.11,230.2,237.7,240.81,235.0,235.0,231.5,231.9,242.81,241.81,231.81,230.9,230.2,237.7,240.81,240.81,235.0,231.5,231.9,242.81,241.81,231.81,230.9,235.81,235.81,242.4,243.4,240.61,234.11,236.9,244.9,235.81,230.11,233.11,233.11,240.61,244.0,245.31,243.31,237.2,241.7,242.61,234.81,236.61,236.61,239.5,239.5,240.31,245.9,243.61,241.5,241.5,240.61,239.5,239.5,243.61,241.81,237.9,239.7,244.61,244.61,243.7,245.0
2021-07-17 09:00:00,234.2,237.7,242.61,246.31,247.31,240.5,245.61,245.61,253.9,262.21,272.3,234.2,237.7,242.61,246.31,247.31,252.0,252.0,257.3,264.21,276.89,282.0,233.11,240.5,251.31,259.21,260.3,260.3,266.61,273.0,275.5,282.2,285.5,237.9,245.2,260.21,269.9,269.9,271.21,278.6,285.29,284.29,285.6,285.6,250.9,259.11,259.11,268.0,275.79,278.79,284.1,287.79,289.1,289.1,288.39,262.0,262.0,270.9,274.89,280.0,284.39,286.2,288.89,288.89,290.0,290.1,261.8,267.61,273.29,279.29,280.0,284.39,286.2,286.2,288.89,290.0,290.1,261.8,267.61,273.29,279.29,285.2,285.2,287.0,288.79,289.5,289.79,289.79,270.0,272.4,274.7,281.7,281.7,288.1,289.0,289.6,289.29,289.2,289.39,273.5,276.29,280.1,280.1,284.2,288.79,289.6,289.39,289.1,289.2,289.2,275.1,280.1,280.1,283.6,286.89,288.5,289.0,289.1,289.1,289.29,289.5
2021-08-27 04:00:00,273.79,274.79,272.0,270.0,268.71,271.0,273.7,273.7,275.7,277.89,278.5,273.79,274.79,272.0,270.0,268.71,265.9,265.9,267.4,271.11,274.1,276.2,271.71,273.5,273.0,267.9,264.5,264.5,261.5,262.0,267.21,270.8,272.5,270.0,271.61,272.71,267.21,267.21,261.11,260.0,259.4,265.21,268.11,268.11,269.61,269.3,269.3,269.0,266.71,265.8,263.8,262.4,265.21,265.21,270.0,268.9,268.9,267.21,265.8,267.3,270.5,269.61,264.8,264.8,267.4,271.21,267.9,268.21,266.8,266.9,267.3,270.5,269.61,269.61,264.8,267.4,271.21,267.9,268.21,266.8,266.9,268.9,268.9,270.61,270.9,271.3,270.9,271.9,267.0,267.11,266.8,267.4,267.4,269.3,270.61,270.71,272.0,273.5,274.29,264.3,264.4,265.21,265.21,265.8,267.4,268.11,269.0,270.8,271.21,271.21,261.3,260.9,260.9,263.0,264.0,264.11,264.9,266.21,266.21,267.61,267.3
2021-07-21 23:00:00,286.2,286.5,281.6,283.1,283.2,281.2,279.2,279.2,281.1,283.79,285.1,286.2,286.5,281.6,283.1,283.2,279.2,279.2,278.39,280.7,281.39,287.0,285.2,284.39,283.7,285.1,280.2,280.2,277.7,279.0,278.6,283.0,289.5,280.39,281.89,285.1,286.39,286.39,280.2,277.29,276.79,278.5,286.29,286.29,271.5,276.6,276.6,285.2,287.1,281.89,277.29,277.1,281.6,281.6,288.79,268.11,268.11,270.8,285.5,287.39,281.89,277.89,281.79,281.79,284.1,288.79,284.0,277.0,271.4,281.6,287.39,281.89,277.89,277.89,281.79,284.1,288.79,284.0,277.0,271.4,281.6,287.0,287.0,280.7,282.29,286.39,286.29,286.2,287.1,281.0,275.39,279.29,279.29,284.7,281.5,285.79,286.2,286.2,287.2,287.39,281.89,277.6,277.6,277.79,282.29,284.5,285.29,283.89,283.0,283.0,286.29,282.29,282.29,279.89,278.2,281.29,281.7,281.89,281.89,283.29,277.39
2021-07-18 09:00:00,292.0,292.29,292.0,291.89,291.89,291.7,291.2,291.2,291.39,291.39,291.29,292.0,292.29,292.0,291.89,291.89,291.79,291.79,291.5,291.29,291.0,291.1,292.1,292.0,292.2,292.0,292.0,292.0,292.0,291.7,291.1,291.29,291.29,291.7,291.89,291.89,292.0,292.0,292.2,291.89,291.2,291.1,291.5,291.5,291.89,291.89,291.89,292.1,291.89,291.79,291.5,291.2,291.5,291.5,291.29,291.89,291.89,291.89,291.89,291.79,291.39,290.89,291.2,291.2,291.39,291.1,291.79,291.7,291.79,291.79,291.79,291.39,290.89,290.89,291.2,291.39,291.1,291.79,291.7,291.79,291.79,291.6,291.6,291.0,291.1,291.29,291.2,290.79,291.7,291.6,291.5,291.29,291.29,291.2,291.0,291.1,291.0,290.89,290.89,291.5,291.6,291.39,291.39,291.29,291.0,290.89,290.89,290.7,290.79,290.79,291.29,291.5,291.5,291.29,291.0,291.0,290.79,290.5,290.5,290.79,290.7
2021-06-06 09:00:00,298.29,297.89,297.79,297.89,297.89,298.29,298.0,298.0,297.79,297.29,296.7,298.29,297.89,297.79,297.89,297.89,298.2,298.2,297.6,297.2,296.79,296.39,297.5,297.29,297.39,297.5,297.89,297.89,297.6,297.29,296.79,296.6,295.6,297.1,297.1,297.39,297.6,297.6,297.5,297.5,297.2,296.7,295.89,295.89,297.2,297.1,297.1,297.39,297.6,297.6,297.39,296.89,296.2,296.2,294.79,297.39,297.39,297.29,297.29,297.6,297.39,297.1,296.89,296.89,295.2,293.1,297.5,297.39,297.29,297.2,297.6,297.39,297.1,297.1,296.89,295.2,293.1,297.5,297.39,297.29,297.2,297.6,297.6,297.0,296.79,295.6,293.7,292.79,297.89,297.39,297.29,297.5,297.5,297.2,297.1,296.2,293.79,292.89,292.7,298.29,298.0,297.39,297.39,297.29,297.0,296.29,294.39,292.7,292.79,292.79,298.6,297.89,297.89,297.6,297.1,296.7,294.39,292.7,292.7,292.79,292.7
2021-08-10 04:00:00,295.0,294.79,294.29,294.2,293.79,293.89,292.89,292.89,293.0,294.29,296.5,295.0,294.79,294.29,294.2,293.79,294.1,294.1,294.5,294.89,295.5,295.89,294.1,294.39,294.7,294.5,295.7,295.7,295.29,295.6,295.89,296.29,296.1,293.29,294.1,294.39,295.0,295.0,295.79,296.29,296.5,296.0,296.6,296.6,294.0,295.0,295.0,294.79,295.0,295.5,296.0,296.0,295.79,295.79,295.6,295.79,295.79,295.5,295.2,294.7,295.0,295.29,295.29,295.29,295.1,294.29,294.89,295.6,295.89,296.1,294.7,295.0,295.29,295.29,295.29,295.1,294.29,294.89,295.6,295.89,296.1,294.5,294.5,293.5,295.29,295.29,293.89,292.89,294.29,294.6,295.29,295.5,295.5,294.0,291.89,295.0,294.7,293.1,292.0,294.29,293.89,293.29,293.29,293.2,293.0,292.7,292.7,293.1,293.89,293.89,293.2,291.5,291.5,290.39,291.29,291.6,291.39,291.1,291.1,292.79,294.29
2021-07-30 05:00:00,292.79,293.0,292.89,293.0,293.2,292.89,293.0,293.0,292.89,292.89,292.7,292.79,293.0,292.89,293.0,293.2,293.1,293.1,293.1,293.1,293.0,292.6,292.89,292.79,293.0,293.2,293.39,293.39,293.1,293.1,293.1,293.39,292.7,292.7,292.79,292.79,293.6,293.6,293.39,293.29,293.39,293.2,293.1,293.1,292.89,292.79,292.79,292.89,293.5,293.2,293.39,293.39,293.1,293.1,292.79,292.79,292.79,292.89,292.79,293.2,293.29,293.2,293.2,293.2,292.79,292.29,292.79,292.7,292.79,293.1,293.2,293.29,293.2,293.2,293.2,292.79,292.29,292.79,292.7,292.79,293.1,293.0,293.0,293.1,293.0,292.7,292.39,292.0,293.0,292.89,292.79,292.79,292.79,293.1,292.79,292.6,292.6,291.89,292.0,293.2,293.1,292.89,292.89,293.2,293.1,292.89,292.5,292.2,292.1,292.1,293.29,293.1,293.1,293.2,293.0,293.1,292.6,292.29,292.29,292.1,292.0
2021-08-06 02:00:00,289.39,289.7,289.89,290.0,289.89,290.1,289.5,289.5,289.89,290.0,290.0,289.39,289.7,289.89,290.0,289.89,289.5,289.5,289.7,290.1,290.5,288.7,289.6,289.7,289.2,288.89,288.79,288.79,289.2,289.5,289.7,289.7,289.1,288.89,289.1,289.39,287.6,287.6,287.1,288.79,288.89,289.1,289.89,289.89,289.2,288.29,288.29,287.29,287.6,288.29,287.89,288.2,289.39,289.39,289.89,289.2,289.2,287.6,285.29,288.0,288.2,287.0,288.0,288.0,289.39,289.89,289.2,288.39,285.79,285.7,288.0,288.2,287.0,287.0,288.0,289.39,289.89,289.2,288.39,285.79,285.7,287.39,287.39,286.7,287.2,289.1,289.29,289.29,288.6,286.39,284.5,286.5,286.5,286.2,286.6,287.6,288.6,289.1,289.2,287.39,286.39,285.5,285.5,284.79,285.6,286.39,287.29,288.79,288.7,288.7,285.89,286.5,286.5,285.39,284.89,284.29,285.6,287.2,287.2,288.79,288.29
2021-07-18 03:00:00,290.2,290.0,290.29,291.0,291.0,290.79,290.79,290.79,290.29,290.39,290.5,290.2,290.0,290.29,291.0,291.0,291.0,291.0,290.7,290.6,290.6,290.6,290.29,290.2,290.2,290.6,290.79,290.79,290.79,290.6,290.7,291.1,291.1,290.39,290.6,290.5,290.29,290.29,290.89,290.6,290.6,290.79,291.5,291.5,290.5,290.79,290.79,290.5,290.89,291.2,291.1,291.0,291.2,291.2,291.2,290.79,290.79,290.79,290.7,291.2,291.39,291.39,291.2,291.2,291.2,291.1,290.7,290.7,291.1,291.39,291.2,291.39,291.39,291.39,291.2,291.2,291.1,290.7,290.7,291.1,291.39,291.5,291.5,291.39,291.5,291.39,291.1,291.0,291.1,291.1,291.29,291.79,291.79,291.7,291.89,291.5,291.29,291.1,290.7,291.2,291.5,291.6,291.6,291.89,292.1,291.89,291.5,291.0,291.0,291.0,291.29,291.6,291.6,291.79,292.0,292.29,291.79,291.29,291.29,290.89,290.79
2021-06-07 06:00:00,278.29,275.2,274.7,278.5,270.3,258.9,261.9,261.9,269.21,276.79,286.79,278.29,275.2,274.7,278.5,270.3,265.4,265.4,268.61,270.9,273.79,283.1,284.89,286.6,289.79,286.39,277.79,277.79,271.71,268.11,270.11,274.0,284.1,289.39,294.39,294.79,289.39,289.39,286.2,274.5,265.5,265.71,275.7,275.7,289.5,294.2,294.2,291.29,286.29,282.0,274.29,263.21,266.9,266.9,273.5,287.2,287.2,288.29,286.7,279.1,272.71,271.0,268.11,268.11,266.3,267.0,278.0,275.89,276.29,277.29,279.1,272.71,271.0,271.0,268.11,266.3,267.0,278.0,275.89,276.29,277.29,268.3,268.3,275.0,276.89,267.71,263.3,255.7,276.1,269.4,267.9,262.5,262.5,262.8,278.39,279.6,266.3,259.11,249.11,277.39,281.29,275.39,275.39,270.3,270.8,269.8,271.21,264.5,261.4,261.4,281.0,288.39,288.39,286.7,286.6,280.7,264.8,263.5,263.5,265.71,266.3
2021-06-14 11:00:00,247.7,243.5,242.11,244.0,244.61,244.7,243.81,243.81,242.4,241.81,241.11,247.7,243.5,242.11,244.0,244.61,243.61,243.61,241.7,241.2,240.61,241.7,244.7,244.81,245.5,245.4,244.4,244.4,241.81,240.7,240.5,240.11,241.4,242.81,246.0,247.81,247.2,247.2,242.61,241.2,240.61,240.9,241.11,241.11,243.2,245.7,245.7,247.31,246.7,243.0,240.9,241.7,242.2,242.2,242.5,240.9,240.9,244.9,250.0,244.5,240.7,241.61,243.5,243.5,244.11,245.0,241.81,241.31,245.81,247.11,244.5,240.7,241.61,241.61,243.5,244.11,245.0,241.81,241.31,245.81,247.11,243.11,243.11,241.31,241.61,243.7,247.4,248.7,241.31,243.0,245.0,243.4,243.4,241.81,241.0,241.7,245.61,249.81,250.7,242.11,243.9,242.9,242.9,241.61,241.5,241.4,244.0,247.4,250.2,250.2,243.2,241.9,241.9,241.4,241.0,241.31,242.9,246.11,246.11,248.81,249.7
2021-06-29 08:00:00,289.89,289.29,288.29,288.0,287.6,289.1,288.29,288.29,288.1,288.39,288.2,289.89,289.29,288.29,288.0,287.6,286.29,286.29,285.2,284.79,285.79,287.89,289.89,288.7,287.2,286.39,285.1,285.1,283.1,281.7,281.39,283.39,286.79,288.39,287.0,285.5,285.1,285.1,281.79,280.0,278.1,278.1,280.5,280.5,285.39,284.6,284.6,283.7,283.2,279.0,276.5,276.6,275.6,275.6,276.6,280.89,280.89,281.79,281.1,280.7,276.6,273.6,273.0,273.0,273.6,274.79,275.89,277.1,279.2,279.39,280.7,276.6,273.6,273.6,273.0,273.6,274.79,275.89,277.1,279.2,279.39,277.5,277.5,272.61,271.11,271.61,270.8,272.21,271.9,271.71,276.79,278.39,278.39,274.0,271.5,269.71,270.0,269.3,270.9,270.21,271.71,273.79,273.79,273.89,273.1,271.9,270.21,269.9,269.5,269.5,270.3,270.8,270.8,271.11,271.5,271.71,271.11,270.4,270.4,269.8,269.21
2021-06-24 07:00:00,247.7,241.0,240.7,243.9,244.4,246.9,248.7,248.7,251.9,256.0,260.5,247.7,241.0,240.7,243.9,244.4,244.31,244.31,248.31,254.31,258.9,263.0,241.11,241.7,243.5,244.9,244.61,244.61,249.7,254.7,254.4,254.4,261.0,240.7,245.0,248.9,246.2,246.2,246.81,255.0,256.61,253.7,254.7,254.7,247.9,248.0,248.0,248.81,251.5,253.81,254.4,252.0,252.7,252.7,254.7,254.61,254.61,251.61,251.5,258.3,260.21,254.11,249.61,249.61,252.2,252.61,259.3,257.0,260.3,264.8,258.3,260.21,254.11,254.11,249.61,252.2,252.61,259.3,257.0,260.3,264.8,261.8,261.8,258.11,256.4,253.2,250.9,252.5,264.9,269.4,268.9,270.61,270.61,265.71,262.0,258.8,253.2,252.81,252.5,274.0,274.1,276.0,276.0,276.29,271.3,271.61,258.3,252.31,255.81,255.81,280.7,279.29,279.29,280.5,277.6,279.0,272.21,260.4,260.4,256.9,257.61
2021-08-17 07:00:00,292.39,292.79,293.0,293.2,293.7,293.79,293.7,293.7,293.79,293.7,293.79,292.39,292.79,293.0,293.2,293.7,293.89,293.89,293.79,293.7,293.6,293.7,292.7,293.0,293.0,293.5,294.1,294.1,293.89,293.79,293.79,293.7,293.5,293.1,293.0,293.39,293.89,293.89,294.0,293.89,293.6,293.7,293.79,293.79,292.5,292.5,292.5,293.2,293.7,293.6,293.7,293.6,293.5,293.5,293.29,291.6,291.6,291.89,292.5,293.1,293.29,293.2,293.1,293.1,293.1,292.7,291.5,291.39,291.6,292.2,293.1,293.29,293.2,293.2,293.1,293.1,292.7,291.5,291.39,291.6,292.2,292.7,292.7,292.7,292.79,292.79,292.6,292.7,291.89,291.7,292.0,292.1,292.1,292.79,292.79,292.7,292.5,292.5,292.39,294.0,293.5,293.79,293.79,293.89,293.89,293.7,293.5,293.29,293.1,293.1,295.79,295.39,295.39,295.5,295.29,295.2,294.6,294.2,294.2,294.0,293.5
2021-08-23 04:00:00,207.31,207.5,208.7,210.9,214.81,219.0,226.9,226.9,234.31,233.81,226.61,207.31,207.5,208.7,210.9,214.81,222.0,222.0,231.61,234.9,233.31,230.11,206.61,208.4,209.9,210.4,215.0,215.0,223.5,232.9,236.31,235.2,229.5,206.61,209.5,210.61,211.5,211.5,215.7,224.0,233.11,235.5,234.31,234.31,207.5,209.61,209.61,211.4,214.31,219.81,227.11,232.5,231.4,231.4,230.2,208.11,208.11,210.0,213.2,217.9,225.4,229.31,227.9,227.9,226.11,226.11,207.9,209.5,211.9,214.9,217.9,225.4,229.31,229.31,227.9,226.11,226.11,207.9,209.5,211.9,214.9,223.11,223.11,229.81,225.61,220.7,221.11,221.5,208.61,210.0,213.61,220.9,220.9,226.31,227.5,220.0,215.81,215.0,216.2,207.5,211.9,218.4,218.4,224.7,226.31,221.0,215.61,211.5,210.5,210.5,207.0,211.9,211.9,222.7,227.9,223.11,213.61,211.0,211.0,207.7,207.7
2021-07-31 22:00:00,292.5,292.6,292.39,292.39,292.39,292.1,292.1,292.1,292.2,292.6,293.2,292.5,292.6,292.39,292.39,292.39,292.2,292.2,292.1,292.2,292.79,293.2,292.5,292.5,292.5,292.39,292.29,292.29,292.2,292.2,292.29,292.29,292.7,292.79,292.39,292.2,292.5,292.5,292.39,292.1,292.2,292.39,292.1,292.1,292.79,292.5,292.5,292.5,292.39,292.29,292.2,292.1,292.29,292.29,292.2,292.89,292.89,292.7,292.6,292.39,292.39,292.29,292.39,292.39,292.39,292.29,293.1,292.89,293.0,292.7,292.39,292.39,292.29,292.29,292.39,292.39,292.29,293.1,292.89,293.0,292.7,292.5,292.5,292.39,292.39,292.5,292.29,292.39,293.1,293.1,293.0,292.89,292.89,292.7,292.6,292.6,292.5,292.5,292.39,293.2,293.1,293.1,293.1,293.0,292.79,292.7,292.7,292.5,292.6,292.6,293.29,293.1,293.1,293.2,293.1,293.0,292.79,292.79,292.79,292.7,292.7
2021-07-07 11:00:00,242.4,241.9,241.31,241.11,241.7,243.7,243.0,243.0,241.2,240.7,240.2,242.4,241.9,241.31,241.11,241.7,243.31,243.31,243.7,242.4,242.0,242.2,245.0,243.0,241.5,241.31,242.31,242.31,243.5,244.31,243.9,243.7,242.81,244.9,244.81,242.5,242.11,242.11,243.61,244.31,245.81,245.61,244.9,244.9,248.0,244.5,244.5,242.81,244.2,245.4,246.7,248.0,246.61,246.61,245.31,251.5,251.5,245.9,244.2,246.9,248.2,249.11,249.5,249.5,248.31,247.81,259.11,255.9,251.0,249.4,246.9,248.2,249.11,249.11,249.5,248.31,247.81,259.11,255.9,251.0,249.4,249.5,249.5,249.9,250.61,251.4,251.2,251.31,259.3,259.8,255.61,255.7,255.7,252.61,250.81,252.11,254.81,254.2,255.2,259.0,260.0,257.9,257.9,258.61,257.61,254.61,253.5,257.5,258.9,258.9,258.4,259.61,259.61,259.21,261.71,263.21,259.5,256.21,256.21,261.11,262.11
2021-06-10 09:00:00,221.7,221.9,226.9,229.81,227.2,227.5,229.11,229.11,230.0,229.81,229.5,221.7,221.9,226.9,229.81,227.2,224.9,224.9,226.11,228.2,229.4,229.4,222.0,221.7,223.0,227.11,229.11,229.11,225.61,223.61,226.4,227.31,227.2,225.0,224.0,224.0,226.4,226.4,228.61,227.5,225.4,224.5,224.61,224.61,230.5,231.9,231.9,233.0,232.4,230.81,229.7,229.4,229.61,229.61,227.2,239.81,239.81,240.2,241.9,240.9,238.5,236.31,236.5,236.5,238.11,235.7,247.2,246.61,242.61,244.4,240.9,238.5,236.31,236.31,236.5,238.11,235.7,247.2,246.61,242.61,244.4,248.2,248.2,248.7,248.4,246.61,243.0,241.4,252.81,249.11,244.11,242.9,242.9,252.4,257.4,258.21,253.2,248.4,245.9,255.31,245.11,248.7,248.7,248.0,246.61,260.0,260.0,259.3,255.5,255.5,255.5,252.0,252.0,250.31,247.9,244.5,251.0,261.61,261.61,263.21,260.5
2021-08-10 09:00:00,226.5,225.11,224.11,225.81,225.5,223.9,225.4,225.4,229.4,232.81,232.81,226.5,225.11,224.11,225.81,225.5,224.11,224.11,225.0,230.4,234.9,235.2,226.11,224.7,224.0,226.81,225.61,225.61,224.9,226.61,232.11,235.0,235.5,225.4,224.7,224.31,227.11,227.11,225.2,225.81,228.81,233.7,235.2,235.2,225.9,225.9,225.9,224.5,226.11,225.0,227.5,232.2,234.7,234.7,235.4,227.11,227.11,226.7,224.9,224.5,225.61,229.11,233.61,233.61,235.31,235.5,227.4,226.9,227.81,226.31,224.5,225.61,229.11,229.11,233.61,235.31,235.5,227.4,226.9,227.81,226.31,223.61,223.61,224.81,228.81,233.5,235.0,234.9,230.11,227.5,228.81,226.61,226.61,223.11,223.7,228.0,232.2,234.5,235.2,234.0,230.4,229.11,229.11,226.4,223.11,223.7,227.2,229.7,233.0,233.0,239.7,234.9,234.9,230.7,226.5,224.2,225.2,227.11,227.11,228.61,231.61
2021-07-13 03:00:00,238.4,238.7,242.61,246.5,248.0,252.7,256.11,256.11,262.5,267.9,270.61,238.4,238.7,242.61,246.5,248.0,251.11,251.11,255.7,261.4,267.3,269.0,237.11,238.5,242.11,244.5,247.4,247.4,251.0,255.9,260.0,263.4,266.71,236.7,238.9,239.81,242.11,242.11,248.0,251.11,254.81,258.3,259.8,259.8,236.9,238.9,238.9,239.0,240.7,246.11,250.31,253.81,256.3,256.3,256.9,237.7,237.7,238.9,238.5,240.31,245.2,249.7,253.0,253.0,254.31,254.2,236.11,238.31,238.31,237.7,240.31,245.2,249.7,249.7,253.0,254.31,254.2,236.11,238.31,238.31,237.7,240.31,240.31,244.4,249.7,252.31,252.7,250.4,237.2,238.31,237.7,237.2,237.2,239.9,243.5,249.4,252.61,251.4,246.9,239.0,239.0,236.9,236.9,236.2,239.61,243.4,249.9,252.31,248.0,248.0,240.61,239.31,239.31,236.81,236.2,239.4,244.11,250.4,250.4,250.4,245.61
2021-08-06 22:00:00,288.39,287.7,287.0,286.6,286.6,285.6,285.7,285.7,285.5,285.0,284.89,288.39,287.7,287.0,286.6,286.6,286.39,286.39,286.1,284.2,283.5,283.79,288.79,288.1,287.7,287.7,287.7,287.7,287.29,285.7,284.2,283.1,281.39,288.5,288.29,288.7,288.2,288.2,288.2,287.5,286.7,285.1,279.2,279.2,286.29,287.1,287.1,288.6,288.5,288.7,288.79,288.79,284.39,284.39,277.79,283.79,283.79,286.39,288.1,288.79,289.2,289.7,288.79,288.79,282.0,283.2,283.6,286.6,288.39,288.79,288.79,289.2,289.7,289.7,288.79,282.0,283.2,283.6,286.6,288.39,288.79,288.89,288.89,288.6,289.2,286.6,283.79,287.0,283.79,289.0,290.1,289.89,289.89,288.79,287.7,287.89,286.79,286.6,287.5,286.0,288.2,289.39,289.39,289.6,288.89,288.2,288.5,288.1,287.89,287.89,288.2,287.7,287.7,287.7,288.29,289.2,289.0,289.39,289.39,288.7,288.5
2021-08-28 06:00:00,272.11,271.11,275.89,276.7,279.29,283.29,283.6,283.6,283.29,283.39,283.7,272.11,271.11,275.89,276.7,279.29,281.1,281.1,282.39,283.1,283.79,283.6,266.9,269.5,270.21,271.9,278.5,278.5,279.2,281.1,282.2,282.89,283.0,267.61,267.4,264.71,268.9,268.9,274.7,278.29,280.7,280.29,281.1,281.1,269.0,267.3,267.3,265.8,267.11,272.11,277.7,278.89,278.5,278.5,278.5,271.0,271.0,269.8,267.9,266.8,271.0,275.89,277.0,277.0,275.7,275.89,278.2,273.7,271.61,270.21,266.8,271.0,275.89,275.89,277.0,275.7,275.89,278.2,273.7,271.61,270.21,268.0,268.0,270.8,272.61,274.6,273.0,274.29,279.1,276.5,274.0,269.71,269.71,271.3,270.9,270.9,273.39,271.71,272.11,275.1,276.1,274.5,274.5,272.21,271.4,267.5,271.5,273.29,270.61,270.61,267.9,272.11,272.11,273.7,271.4,268.8,267.3,271.61,271.61,271.3,270.8
2021-06-24 11:00:00,265.61,266.61,262.8,266.21,266.71,269.9,276.29,276.29,274.1,272.71,279.0,265.61,266.61,262.8,266.21,266.71,266.3,266.3,268.4,270.71,272.0,272.4,262.9,263.11,263.3,264.0,261.4,261.4,264.5,264.61,266.3,271.21,270.8,264.4,261.9,261.4,264.71,264.71,264.21,263.8,262.8,264.3,272.4,272.4,266.5,269.21,269.21,269.3,270.8,270.61,270.21,271.71,268.5,268.5,270.61,274.89,274.89,275.7,277.7,277.6,279.2,279.5,277.89,277.89,275.39,275.0,280.1,282.0,283.29,283.89,277.6,279.2,279.5,279.5,277.89,275.39,275.0,280.1,282.0,283.29,283.89,283.89,283.89,284.39,284.89,282.89,280.89,280.79,284.5,289.6,290.5,290.6,290.6,289.6,289.1,289.29,288.1,286.0,285.29,286.1,293.0,291.7,291.7,291.7,291.79,291.29,290.89,289.79,288.6,288.6,287.5,289.29,289.29,290.6,291.29,291.2,291.0,290.39,290.39,289.79,289.2
2021-08-10 23:00:00,285.7,287.39,287.2,286.5,287.7,285.1,284.39,284.39,284.89,287.1,288.6,285.7,287.39,287.2,286.5,287.7,287.89,287.89,287.1,287.29,288.29,289.5,287.29,288.5,289.1,290.0,290.2,290.2,289.6,289.39,288.0,287.5,289.79,289.1,290.0,291.29,291.6,291.6,291.6,290.6,289.0,288.29,288.29,288.29,291.0,291.5,291.5,291.1,289.89,289.7,289.2,288.29,287.89,287.89,289.2,292.2,292.2,293.0,290.89,287.5,286.5,288.2,287.1,287.1,287.89,290.29,290.1,291.79,293.0,291.5,287.5,286.5,288.2,288.2,287.1,287.89,290.29,290.1,291.79,293.0,291.5,285.0,285.0,280.1,287.1,290.6,288.1,290.29,290.29,291.39,292.39,291.79,291.79,283.29,278.1,286.39,291.5,289.7,288.89,289.6,290.6,292.29,292.29,290.89,285.89,281.79,285.7,290.6,291.2,291.2,289.7,290.6,290.6,292.2,292.39,290.6,282.79,287.29,287.29,292.1,292.89
2021-06-29 01:00:00,270.21,269.5,266.8,263.11,260.21,260.4,265.8,265.8,267.8,268.0,267.4,270.21,269.5,266.8,263.11,260.21,258.61,258.61,261.8,270.5,272.71,270.5,268.21,265.61,262.4,262.3,262.21,262.21,261.8,266.8,272.4,270.9,269.21,263.11,260.5,261.61,261.0,261.0,264.9,266.3,267.9,273.6,273.29,273.29,261.21,261.4,261.4,261.8,260.71,264.11,268.5,271.61,274.89,274.89,273.89,260.61,260.61,262.4,262.21,262.3,265.11,271.5,273.39,273.39,275.6,273.2,253.81,256.0,256.71,262.3,262.3,265.11,271.5,271.5,273.39,275.6,273.2,253.81,256.0,256.71,262.3,267.61,267.61,271.61,273.89,271.4,275.6,273.29,254.7,250.2,252.7,265.8,265.8,272.3,273.1,273.7,272.0,273.29,269.0,259.11,257.61,261.61,261.61,268.8,272.9,272.0,269.9,269.11,267.3,267.3,265.0,267.11,267.11,270.9,271.4,272.4,269.21,265.5,265.5,261.71,260.61
2021-08-06 01:00:00,290.79,290.89,290.2,289.2,289.0,289.5,289.0,289.0,289.29,289.2,289.89,290.79,290.89,290.2,289.2,289.0,289.0,289.0,289.29,289.1,289.2,289.6,289.29,290.1,289.7,289.2,288.79,288.79,289.0,289.2,289.29,289.39,289.7,287.7,288.89,289.2,289.2,289.2,288.89,289.0,289.0,289.39,289.5,289.5,287.79,288.5,288.5,288.7,288.89,289.39,289.1,289.0,289.2,289.2,289.1,288.39,288.39,288.6,288.5,288.89,289.1,289.39,289.29,289.29,289.0,289.1,289.1,288.89,288.89,289.0,288.89,289.1,289.39,289.39,289.29,289.0,289.1,289.1,288.89,288.89,289.0,289.0,289.0,288.6,288.6,289.29,289.29,289.39,289.29,289.0,289.29,289.2,289.2,288.79,288.7,287.79,289.0,289.7,289.5,289.5,289.39,289.2,289.2,288.89,288.7,288.6,288.6,289.1,289.5,289.5,289.39,289.5,289.5,289.0,288.7,288.39,289.0,289.29,289.29,289.2,289.2
2021-07-15 02:00:00,249.4,251.31,245.2,244.11,247.2,248.31,243.0,243.0,238.5,234.4,229.9,249.4,251.31,245.2,244.11,247.2,248.81,248.81,247.0,240.0,234.81,229.11,246.61,254.5,249.0,244.2,246.9,246.9,246.9,246.0,242.5,238.0,232.11,247.11,255.5,250.4,244.2,244.2,242.81,243.5,244.7,243.4,239.2,239.2,246.9,252.0,252.0,251.31,242.0,237.61,240.11,242.31,240.5,240.5,236.31,246.9,246.9,247.81,245.61,238.5,236.11,236.0,236.31,236.31,236.11,234.11,246.61,244.81,245.4,241.61,238.5,236.11,236.0,236.0,236.31,236.11,234.11,246.61,244.81,245.4,241.61,234.2,234.2,233.11,234.0,232.2,231.31,228.61,246.31,244.31,243.81,236.4,236.4,231.0,231.5,231.81,227.9,225.7,222.81,246.0,242.4,239.9,239.9,236.61,230.7,229.81,228.7,225.81,222.5,222.5,245.5,240.7,240.7,237.9,234.61,232.61,229.9,226.61,226.61,223.31,221.81
2021-07-15 01:00:00,245.61,244.5,241.2,238.4,238.81,241.31,249.9,249.9,254.9,258.61,255.2,245.61,244.5,241.2,238.4,238.81,241.5,241.5,246.9,252.9,250.2,244.4,252.31,249.81,244.81,239.9,239.81,239.81,240.7,244.7,246.4,242.31,238.81,258.3,254.11,248.2,240.81,240.81,240.11,240.31,237.81,238.7,234.81,234.81,261.4,258.8,258.8,249.7,240.2,236.7,240.9,237.5,234.2,234.2,229.7,262.4,262.4,261.11,246.61,238.61,237.4,240.2,236.5,236.5,232.4,230.2,256.11,258.0,255.11,241.11,238.61,237.4,240.2,240.2,236.5,232.4,230.2,256.11,258.0,255.11,241.11,238.7,238.7,238.31,239.11,237.5,232.61,230.9,254.11,252.7,246.4,238.11,238.11,237.31,237.9,237.4,236.11,233.31,229.2,250.61,248.0,244.0,244.0,238.31,233.11,234.11,234.11,232.61,230.5,230.5,247.0,247.31,247.31,242.81,235.7,230.11,228.61,229.2,229.2,227.61,225.5
2021-07-20 07:00:00,275.0,278.0,286.5,289.79,290.6,292.39,292.1,292.1,292.29,291.89,291.5,275.0,278.0,286.5,289.79,290.6,291.5,291.5,292.1,292.7,291.79,291.1,282.39,284.89,288.5,290.6,291.1,291.1,291.1,291.7,291.5,291.6,291.5,288.2,291.39,291.7,291.0,291.0,291.1,291.1,291.1,290.7,290.7,290.7,283.6,288.89,288.89,291.0,292.7,292.89,291.89,291.39,291.2,291.2,290.7,281.79,281.79,284.79,289.5,293.0,293.2,292.29,291.7,291.7,291.1,289.6,287.0,288.79,289.0,289.6,293.0,293.2,292.29,292.29,291.7,291.1,289.6,287.0,288.79,289.0,289.6,290.5,290.5,290.5,291.5,291.5,289.79,287.2,290.79,292.79,292.79,290.7,290.7,286.79,288.1,289.7,288.5,287.1,286.0,291.29,290.6,288.2,288.2,284.89,285.89,288.7,287.2,285.2,283.2,283.2,290.79,286.5,286.5,282.29,280.79,284.1,285.39,283.7,283.7,281.5,279.29
2021-07-04 09:00:00,222.2,223.11,222.9,224.7,226.81,226.61,226.61,226.61,228.0,228.31,228.0,222.2,223.11,222.9,224.7,226.81,227.11,227.11,226.4,227.31,228.0,228.9,221.81,221.9,223.11,223.11,224.7,224.7,226.4,227.2,227.31,227.5,228.2,220.31,221.11,221.5,221.81,221.81,223.31,225.5,226.31,227.2,226.9,226.9,218.9,219.81,219.81,220.5,221.31,222.11,224.9,226.11,226.11,226.11,226.31,218.5,218.5,218.4,219.2,220.5,221.5,224.11,224.5,224.5,224.7,224.9,218.31,218.5,218.7,218.7,220.5,221.5,224.11,224.11,224.5,224.7,224.9,218.31,218.5,218.7,218.7,219.31,219.31,221.9,222.5,223.11,223.5,224.0,218.61,219.2,219.11,219.4,219.4,218.7,220.4,221.4,221.7,221.9,223.0,219.31,219.81,220.4,220.4,219.7,218.81,218.7,219.61,220.31,220.5,220.5,220.2,221.5,221.5,221.11,220.0,218.7,218.2,218.11,218.11,218.4,219.61
2021-08-12 08:00:00,236.2,236.7,235.31,234.4,233.4,231.9,231.7,231.7,231.81,233.7,234.9,236.2,236.7,235.31,234.4,233.4,232.31,232.31,233.0,235.11,235.31,236.0,237.11,238.31,237.7,236.2,236.31,236.31,235.4,234.2,236.81,237.5,239.5,239.5,239.5,240.4,238.61,238.61,238.11,239.61,238.9,238.61,241.9,241.9,245.7,244.4,244.4,242.0,242.2,243.9,244.81,243.2,243.4,243.4,246.9,249.81,249.81,248.61,246.31,245.5,247.31,249.31,247.0,247.0,248.2,251.0,247.7,250.61,250.9,249.7,245.5,247.31,249.31,249.31,247.0,248.2,251.0,247.7,250.61,250.9,249.7,249.7,249.7,250.4,250.9,251.0,253.4,255.2,249.9,251.0,251.9,254.0,254.0,253.11,252.2,251.7,254.5,256.71,258.11,252.11,251.9,253.31,253.31,255.0,253.4,251.81,252.61,254.9,257.21,257.21,254.5,255.81,255.81,255.0,253.2,253.11,252.31,252.7,252.7,255.0,257.21
2021-08-10 01:00:00,292.6,293.1,294.0,294.29,294.1,294.2,294.0,294.0,294.1,294.39,294.6,292.6,293.1,294.0,294.29,294.1,293.89,293.89,293.1,293.7,293.89,294.29,290.0,292.6,294.0,294.29,294.2,294.2,293.39,291.89,292.5,293.5,294.0,287.1,292.1,293.6,293.89,293.89,293.89,292.5,291.7,291.0,292.0,292.0,286.5,292.2,292.2,292.89,292.1,292.7,291.7,291.0,290.6,290.6,288.39,287.7,287.7,292.1,291.0,290.39,290.1,289.7,292.0,292.0,289.39,284.79,280.89,289.2,291.2,288.79,290.39,290.1,289.7,289.7,292.0,289.39,284.79,280.89,289.2,291.2,288.79,290.0,290.0,287.0,288.0,290.1,288.1,283.2,280.39,289.1,290.0,289.79,289.79,289.0,284.89,286.29,287.0,286.5,285.5,282.7,288.5,290.0,290.0,292.1,288.79,285.1,286.29,286.2,287.5,287.5,284.79,288.2,288.2,290.2,292.7,288.7,287.6,285.39,285.39,286.1,289.29
2021-07-21 01:00:00,289.2,289.29,289.5,289.6,289.89,290.6,290.79,290.79,290.79,290.39,290.29,289.2,289.29,289.5,289.6,289.89,290.2,290.2,290.29,290.5,290.0,289.39,288.7,288.89,289.2,289.6,289.39,289.39,290.2,289.79,289.79,289.6,288.6,288.6,288.79,289.6,289.5,289.5,289.7,290.1,290.1,289.7,288.1,288.1,289.1,289.0,289.0,289.39,289.79,290.2,290.29,290.1,289.39,289.39,288.79,289.79,289.79,289.1,289.29,290.0,290.39,290.29,290.2,290.2,289.5,289.0,289.79,289.79,289.7,289.79,290.0,290.39,290.29,290.29,290.2,289.5,289.0,289.79,289.79,289.7,289.79,290.2,290.2,290.29,290.39,290.1,289.79,289.39,289.29,289.39,289.79,290.0,290.0,290.5,290.5,290.6,290.39,290.29,289.89,288.0,288.1,288.6,288.6,289.5,290.5,291.0,290.79,290.7,290.5,290.5,286.6,286.89,286.89,287.5,288.79,290.39,291.0,290.89,290.89,290.79,290.6
2021-08-16 00:00:00,256.11,260.4,267.3,270.3,271.8,273.6,279.89,279.89,283.0,284.39,285.29,256.11,260.4,267.3,270.3,271.8,275.6,275.6,279.7,282.6,285.6,286.2,259.3,263.21,267.4,270.61,274.5,274.5,276.6,278.89,282.39,284.89,284.2,261.61,265.61,270.0,270.8,270.8,271.61,275.89,278.89,280.39,280.89,280.89,263.21,265.8,265.8,267.21,269.8,270.5,272.3,275.6,276.89,276.89,277.89,258.8,258.8,264.5,267.3,266.61,266.21,268.8,271.8,271.8,273.7,275.5,255.9,258.21,262.8,264.71,266.61,266.21,268.8,268.8,271.8,273.7,275.5,255.9,258.21,262.8,264.71,263.8,263.8,262.8,265.4,268.21,270.5,271.4,253.9,259.0,261.21,262.71,262.71,263.0,261.9,263.11,265.0,267.61,266.8,254.31,257.21,260.0,260.0,263.21,264.61,265.3,265.21,263.71,266.61,266.61,256.5,258.11,258.11,259.11,263.61,266.8,268.11,267.8,267.8,265.0,266.21
2021-08-08 07:00:00,294.29,294.6,295.0,294.79,294.0,294.7,295.0,295.0,294.89,294.89,295.0,294.29,294.6,295.0,294.79,294.0,294.89,294.89,295.39,295.29,295.0,295.0,294.89,295.2,295.0,294.79,295.2,295.2,295.1,295.1,295.5,295.6,295.2,295.29,295.29,295.29,294.7,294.7,295.0,295.29,295.29,295.5,295.79,295.79,295.1,294.89,294.89,294.5,294.89,295.1,295.39,295.29,295.6,295.6,295.5,293.79,293.79,294.2,294.39,294.7,295.0,295.1,295.39,295.39,295.6,294.5,293.39,293.1,293.7,294.1,294.7,295.0,295.1,295.1,295.39,295.6,294.5,293.39,293.1,293.7,294.1,294.6,294.6,294.89,295.1,295.2,294.89,294.6,293.29,292.89,293.2,294.0,294.0,294.39,294.89,295.1,294.7,294.39,294.39,293.5,294.2,293.89,293.89,294.1,294.6,294.89,294.79,294.6,294.39,294.39,294.0,294.6,294.6,294.79,295.0,294.7,294.6,294.5,294.5,294.29,294.29
2021-08-13 00:00:00,263.0,266.4,265.71,263.71,263.11,263.61,266.61,266.61,264.71,263.0,259.8,263.0,266.4,265.71,263.71,263.11,263.21,263.21,264.4,263.3,260.61,258.0,261.0,264.0,262.61,262.71,262.61,262.61,262.71,263.5,261.61,257.5,254.9,260.3,260.8,259.61,261.11,261.11,263.8,261.5,262.3,260.3,254.5,254.5,257.5,256.8,256.8,256.8,261.4,263.61,260.9,260.61,259.8,259.8,256.11,253.9,253.9,253.5,256.9,261.5,262.8,260.9,257.8,257.8,259.4,260.5,251.0,253.61,255.2,259.11,261.5,262.8,260.9,260.9,257.8,259.4,260.5,251.0,253.61,255.2,259.11,260.8,260.8,259.11,259.9,262.61,259.9,259.71,249.5,253.61,257.8,259.8,259.8,259.9,257.11,260.0,262.61,260.9,260.8,250.0,252.5,257.0,257.0,258.8,259.3,258.71,260.3,259.9,259.71,259.71,250.9,252.61,252.61,255.4,258.5,259.5,259.71,260.9,260.9,258.8,258.11
2021-07-31 04:00:00,293.0,293.0,292.6,292.7,292.5,291.0,291.0,291.0,291.2,291.29,291.2,293.0,293.0,292.6,292.7,292.5,291.79,291.79,291.39,291.29,291.39,291.39,292.89,292.89,292.79,292.6,292.5,292.5,291.7,291.89,292.0,290.79,291.29,292.89,292.79,292.7,292.79,292.79,292.1,291.89,291.89,292.39,291.2,291.2,293.29,293.0,293.0,293.0,292.79,292.5,292.2,291.7,292.1,292.1,291.89,293.6,293.6,293.29,293.2,292.7,292.39,292.29,291.5,291.5,291.7,291.6,293.79,293.79,293.6,293.2,292.7,292.39,292.29,292.29,291.5,291.7,291.6,293.79,293.79,293.6,293.2,292.79,292.79,292.29,292.0,291.6,291.39,291.2,293.7,293.79,293.7,293.5,293.5,293.0,292.29,291.79,291.39,291.39,291.29,293.5,293.6,293.5,293.5,293.6,293.1,292.2,291.7,291.6,291.39,291.39,292.89,293.0,293.0,293.1,293.2,293.1,292.0,291.79,291.79,291.7,291.5
2021-08-02 10:00:00,292.89,293.2,293.6,293.79,294.2,294.39,294.1,294.1,294.0,294.1,294.2,292.89,293.2,293.6,293.79,294.2,294.1,294.1,294.0,293.89,293.79,294.1,292.79,292.79,293.1,293.6,293.7,293.7,293.79,293.6,293.89,293.89,294.1,292.39,292.5,293.1,293.1,293.1,293.0,293.2,293.39,293.7,293.89,293.89,292.6,292.7,292.7,292.79,292.89,293.0,293.0,293.29,293.6,293.6,293.89,292.7,292.7,292.7,292.79,292.7,292.7,293.0,293.2,293.2,293.6,293.5,292.1,292.29,292.6,292.7,292.7,292.7,293.0,293.0,293.2,293.6,293.5,292.1,292.29,292.6,292.7,292.6,292.6,292.79,292.79,293.2,293.29,293.29,292.0,292.39,292.5,292.5,292.5,292.79,292.39,293.0,293.0,293.2,293.2,292.1,292.29,292.6,292.6,292.5,292.79,292.7,292.89,292.89,293.2,293.2,292.1,292.39,292.39,292.5,292.6,292.6,292.79,292.79,292.79,292.79,293.1
2021-06-28 00:00:00,288.6,288.7,288.5,288.1,287.6,287.7,287.6,287.6,287.39,287.5,287.6,288.6,288.7,288.5,288.1,287.6,287.5,287.5,287.29,287.39,287.39,287.7,288.89,288.79,288.5,288.0,287.89,287.89,287.5,287.39,287.29,287.6,287.7,288.79,288.7,288.6,287.89,287.89,287.89,287.6,287.6,287.39,287.29,287.29,288.89,288.39,288.39,288.7,288.0,287.79,287.89,287.5,287.6,287.6,287.5,288.5,288.5,288.39,288.39,288.2,287.79,287.79,287.7,287.7,287.6,287.6,288.6,288.39,288.29,288.2,288.2,287.79,287.79,287.79,287.7,287.6,287.6,288.6,288.39,288.29,288.2,288.1,288.1,288.1,287.89,287.5,287.7,287.7,288.39,288.5,288.2,288.1,288.1,288.1,288.0,287.89,287.7,287.7,287.7,288.0,288.29,288.0,288.0,288.2,288.1,288.0,287.7,287.79,287.6,287.6,288.1,288.1,288.1,288.1,288.2,288.1,287.79,287.7,287.7,287.6,287.79
2021-06-17 05:00:00,279.5,279.5,280.2,280.5,280.2,278.79,277.79,277.79,277.2,278.29,279.6,279.5,279.5,280.2,280.5,280.2,279.29,279.29,278.5,278.29,278.89,279.79,279.39,279.1,279.7,280.5,280.79,280.79,280.2,279.7,279.29,279.89,280.5,279.0,278.6,279.79,280.5,280.5,280.5,280.89,280.5,279.6,280.1,280.1,279.1,279.29,279.29,280.39,280.6,280.79,280.79,280.39,280.2,280.2,280.39,279.39,279.39,280.0,280.5,280.79,280.6,280.5,280.7,280.7,280.7,280.39,281.2,280.6,280.39,280.6,280.79,280.6,280.5,280.5,280.7,280.7,280.39,281.2,280.6,280.39,280.6,280.79,280.79,280.89,281.0,280.7,281.2,280.6,281.39,280.79,280.7,280.7,280.7,280.5,280.79,280.89,280.89,280.89,280.7,281.39,280.5,280.2,280.2,280.0,280.2,280.6,280.6,280.6,280.6,280.6,281.1,279.7,279.7,279.29,280.2,279.5,280.2,280.2,280.2,280.1,279.89
2021-06-11 07:00:00,289.79,290.29,290.0,290.0,290.7,292.79,293.0,293.0,292.89,291.89,291.39,289.79,290.29,290.0,290.0,290.7,291.7,291.7,292.39,292.79,292.1,291.39,286.89,285.7,286.1,287.6,288.29,288.29,290.5,291.79,292.39,292.0,291.0,283.29,281.29,283.6,285.6,285.6,285.0,289.1,291.39,291.5,291.29,291.29,282.29,280.89,280.89,283.2,283.89,283.79,287.5,289.79,290.29,290.29,290.89,283.0,283.0,282.39,282.7,283.39,284.2,286.39,287.7,287.7,289.5,290.0,282.6,283.29,283.39,283.39,283.39,284.2,286.39,286.39,287.7,289.5,290.0,282.6,283.29,283.39,283.39,284.29,284.29,284.0,285.1,286.0,288.79,290.1,282.1,281.79,284.7,286.1,286.1,285.7,284.1,284.5,286.29,288.29,289.39,281.7,282.29,284.2,284.2,286.5,286.1,286.79,286.79,287.7,288.0,288.0,282.29,285.1,285.1,284.6,284.6,287.2,290.29,289.7,289.7,288.79,288.5
2021-07-29 23:00:00,288.1,288.1,287.89,287.79,287.6,287.6,287.6,287.6,287.5,287.89,287.7,288.1,288.1,287.89,287.79,287.6,287.5,287.5,287.6,287.6,287.6,287.7,288.0,287.89,287.79,287.7,287.89,287.89,287.6,287.5,287.7,287.6,287.6,288.1,287.7,287.6,287.79,287.79,287.7,287.6,287.79,287.7,287.39,287.39,288.2,287.89,287.89,287.6,287.7,287.79,287.7,287.6,287.6,287.6,287.5,288.1,288.1,288.1,287.79,287.7,287.79,287.7,287.79,287.79,287.39,287.5,288.39,288.29,288.0,287.79,287.7,287.79,287.7,287.7,287.79,287.39,287.5,288.39,288.29,288.0,287.79,287.79,287.79,287.7,287.7,287.5,287.39,287.29,288.39,288.2,287.89,288.1,288.1,287.7,287.79,287.5,287.7,287.2,287.39,288.29,288.29,288.2,288.2,287.89,287.89,287.7,287.6,287.5,287.39,287.39,288.2,288.29,288.29,288.2,288.0,287.79,287.6,287.6,287.6,287.5,287.5
2021-06-24 06:00:00,292.6,291.6,291.29,291.89,293.5,291.29,293.29,293.29,293.2,289.79,285.5,292.6,291.6,291.29,291.89,293.5,295.0,295.0,295.6,294.7,290.79,285.39,292.2,291.79,291.7,292.39,293.39,293.39,293.79,294.1,293.6,292.2,287.39,292.29,292.39,292.7,293.1,293.1,292.39,291.6,291.39,290.29,289.1,289.1,293.39,293.1,293.1,292.7,292.0,291.1,289.79,286.5,283.79,283.79,279.79,293.2,293.2,292.0,290.6,289.1,287.5,285.39,282.2,282.2,275.7,262.3,293.89,291.5,287.79,286.0,289.1,287.5,285.39,285.39,282.2,275.7,262.3,293.89,291.5,287.79,286.0,286.39,286.39,283.39,278.39,276.0,262.9,251.0,290.5,287.29,281.2,280.29,280.29,282.7,276.0,272.61,268.61,250.9,243.81,279.79,273.79,275.6,275.6,276.29,275.1,265.3,267.61,261.11,248.81,248.81,266.9,260.8,260.8,268.9,270.0,265.4,261.9,262.61,262.61,255.31,251.4
2021-07-22 02:00:00,291.6,290.6,289.29,286.2,284.0,286.6,287.79,287.79,288.89,288.0,288.1,291.6,290.6,289.29,286.2,284.0,283.5,283.5,287.29,289.7,287.79,286.1,290.7,289.89,288.39,282.89,280.79,280.79,285.1,288.7,288.5,286.2,286.39,290.1,289.5,286.1,279.39,279.39,283.7,286.79,286.79,287.39,287.39,287.39,290.7,288.7,288.7,284.2,282.29,285.6,286.6,286.7,287.39,287.39,288.0,289.1,289.1,287.6,286.39,285.89,286.2,287.29,288.7,288.7,288.89,286.7,290.6,289.79,288.6,288.29,285.89,286.2,287.29,287.29,288.7,288.89,286.7,290.6,289.79,288.6,288.29,288.39,288.39,288.2,288.39,289.39,289.5,289.5,290.29,290.1,290.2,290.39,290.39,290.1,289.29,289.2,289.6,289.5,289.89,290.2,290.1,290.1,290.1,290.2,290.0,290.2,290.6,290.6,290.39,290.39,290.1,290.0,290.0,289.39,289.0,289.39,290.5,291.79,291.79,292.1,291.1
2021-06-07 08:00:00,292.0,291.79,289.89,293.6,293.89,290.6,290.0,290.0,291.6,289.1,281.6,292.0,291.79,289.89,293.6,293.89,290.29,290.29,292.1,293.2,288.29,278.39,291.29,290.0,287.7,295.7,294.2,294.2,291.6,293.7,293.2,287.1,283.6,286.2,288.39,294.7,294.89,294.89,294.29,292.79,293.89,292.29,289.89,289.89,289.1,294.2,294.2,296.29,296.6,293.0,291.29,292.2,292.29,292.29,290.79,297.2,297.2,298.2,297.39,296.2,293.7,287.6,290.5,290.5,291.0,290.39,296.29,298.29,300.0,298.79,296.2,293.7,287.6,287.6,290.5,291.0,290.39,296.29,298.29,300.0,298.79,296.6,296.6,294.5,289.5,288.79,288.29,290.1,299.29,299.6,300.39,299.2,299.2,296.5,294.79,292.2,287.1,286.29,289.5,300.39,301.0,300.7,300.7,299.1,296.6,294.79,290.29,287.39,286.79,286.79,300.29,301.0,301.0,300.79,299.1,296.7,293.1,289.1,289.1,288.2,289.1
2021-07-05 10:00:00,242.81,241.11,243.7,244.61,245.9,245.81,245.81,245.81,244.81,244.61,244.2,242.81,241.11,243.7,244.61,245.9,246.4,246.4,245.4,246.0,246.2,244.81,238.9,239.9,242.9,244.61,244.7,244.7,245.31,246.81,246.11,244.31,244.2,236.9,238.31,240.31,242.7,242.7,243.81,244.4,243.81,244.7,244.11,244.11,237.61,237.11,237.11,235.7,237.9,242.0,243.4,240.9,242.4,242.4,243.5,237.4,237.4,235.81,233.61,233.11,238.31,242.9,239.9,239.9,239.4,242.2,239.61,238.5,234.81,231.81,233.11,238.31,242.9,242.9,239.9,239.4,242.2,239.61,238.5,234.81,231.81,231.2,231.2,234.7,240.81,240.61,237.7,237.81,243.5,239.2,232.61,228.61,228.61,229.11,234.4,237.4,239.4,235.2,234.11,242.61,238.61,228.7,228.7,222.81,227.0,240.2,237.61,232.4,232.31,232.31,241.61,238.11,238.11,227.5,221.11,227.11,241.31,236.7,236.7,229.81,228.31
2021-08-17 00:00:00,288.2,288.5,290.5,290.89,291.1,291.0,290.79,290.79,290.0,289.2,288.89,288.2,288.5,290.5,290.89,291.1,291.29,291.29,291.0,290.2,288.2,289.1,289.5,289.39,290.79,291.1,291.0,291.0,291.1,290.39,290.0,289.7,289.79,289.89,290.1,290.89,290.7,290.7,291.1,290.29,289.6,289.6,290.2,290.2,289.7,290.5,290.5,290.79,290.79,290.6,290.2,289.6,289.89,289.89,290.0,289.7,289.7,290.39,290.6,290.6,290.29,289.89,290.1,290.1,289.89,290.1,289.6,290.0,290.6,290.7,290.6,290.29,289.89,289.89,290.1,289.89,290.1,289.6,290.0,290.6,290.7,290.39,290.39,290.0,290.1,290.2,290.0,290.0,289.79,290.5,290.5,290.2,290.2,290.0,290.2,290.2,289.89,290.1,289.89,290.1,290.39,290.39,290.39,290.1,290.2,290.29,290.6,290.29,290.29,290.29,290.0,290.1,290.1,290.2,290.1,290.39,290.5,290.6,290.6,290.5,290.29
2021-07-14 11:00:00,274.0,272.11,271.9,276.1,277.0,267.3,247.2,247.2,233.2,230.2,231.9,274.0,272.11,271.9,276.1,277.0,260.5,260.5,229.11,222.31,219.7,218.31,271.8,269.9,271.0,273.1,266.71,266.71,243.81,216.5,213.5,211.7,210.4,271.11,266.4,267.3,266.9,266.9,252.4,222.7,209.7,206.81,206.4,206.4,264.3,259.5,259.5,257.5,253.0,238.0,218.4,209.0,203.81,203.81,202.81,259.5,259.5,250.61,241.7,235.7,229.31,217.4,208.61,208.61,202.7,200.81,256.61,251.5,236.2,224.4,235.7,229.31,217.4,217.4,208.61,202.7,200.81,256.61,251.5,236.2,224.4,221.4,221.4,217.0,211.2,207.11,204.61,203.31,247.7,234.81,220.31,212.5,212.5,206.61,206.4,206.7,206.61,207.4,206.4,237.11,226.4,215.7,215.7,205.7,200.61,201.81,204.0,206.11,208.4,208.4,225.11,220.5,220.5,214.5,207.5,201.39999999999998,201.7,202.89999999999998,202.89999999999998,206.2,208.61
2021-07-10 06:00:00,285.1,285.89,288.0,289.0,289.7,288.39,289.0,289.0,289.79,290.2,290.6,285.1,285.89,288.0,289.0,289.7,289.6,289.6,290.0,291.0,291.7,292.6,288.79,289.1,289.29,290.7,291.2,291.2,291.2,291.7,292.6,293.2,293.39,290.0,292.0,292.1,291.89,291.89,292.5,292.7,292.89,293.6,293.39,293.39,290.2,291.79,291.79,292.79,293.1,292.7,293.6,293.79,293.5,293.5,293.89,290.1,290.1,291.29,292.6,293.39,293.29,293.6,293.79,293.79,293.29,293.39,292.39,292.6,292.7,293.2,293.39,293.29,293.6,293.6,293.79,293.29,293.39,292.39,292.6,292.7,293.2,293.29,293.29,293.2,293.39,293.5,293.1,293.29,293.89,294.29,294.0,293.6,293.6,293.1,293.2,293.29,292.79,293.2,293.29,293.89,294.6,294.5,294.5,294.1,293.6,293.2,293.2,292.89,293.29,293.29,293.6,294.29,294.29,294.6,294.6,293.89,293.2,293.0,293.0,293.1,293.29
2021-08-07 22:00:00,292.2,292.0,291.89,291.89,291.7,291.89,292.1,292.1,292.39,292.39,292.6,292.2,292.0,291.89,291.89,291.7,291.79,291.79,291.89,292.29,292.5,292.6,291.89,292.0,292.0,291.79,291.79,291.79,291.89,292.1,292.39,292.29,292.5,291.79,291.89,291.89,291.6,291.6,291.89,291.89,292.0,292.2,292.39,292.39,292.0,291.89,291.89,292.0,291.79,291.79,291.89,292.0,292.29,292.29,292.29,291.89,291.89,292.0,292.1,291.89,291.79,291.7,292.0,292.0,292.29,292.5,292.0,292.0,292.0,292.1,291.89,291.79,291.7,291.7,292.0,292.29,292.5,292.0,292.0,292.0,292.1,292.0,292.0,291.89,291.79,292.2,292.39,292.5,291.7,292.0,291.79,292.0,292.0,292.0,291.7,292.0,292.1,292.5,292.39,291.5,291.6,291.7,291.7,291.79,291.89,292.1,292.0,292.29,292.29,292.29,291.39,291.39,291.39,291.5,291.79,291.7,292.2,292.1,292.1,292.1,292.39
2021-06-13 04:00:00,273.0,272.11,272.4,275.2,276.2,276.0,274.1,274.1,265.71,258.8,257.0,273.0,272.11,272.4,275.2,276.2,278.89,278.89,277.2,275.79,271.0,267.5,273.1,271.3,270.9,272.21,276.0,276.0,278.6,280.5,281.7,279.1,276.2,274.5,267.3,267.11,268.5,268.5,271.5,278.2,282.2,284.39,283.79,283.79,268.21,260.3,260.3,260.0,267.61,276.29,279.89,283.5,284.29,284.29,283.7,262.21,262.21,255.2,258.8,269.0,277.7,283.0,282.7,282.7,282.0,281.39,257.8,259.9,261.21,265.11,269.0,277.7,283.0,283.0,282.7,282.0,281.39,257.8,259.9,261.21,265.11,269.8,269.8,277.7,281.39,279.5,278.7,280.0,254.31,262.8,269.3,272.11,272.11,273.2,275.89,277.79,277.29,275.2,276.1,264.9,267.9,272.9,272.9,275.29,279.1,277.2,273.5,272.8,274.5,274.5,278.5,275.7,275.7,275.7,278.5,282.2,277.0,268.5,268.5,270.3,273.2
2021-06-12 22:00:00,282.7,280.29,280.39,284.6,284.1,278.1,275.79,275.79,273.0,269.11,263.21,282.7,280.29,280.39,284.6,284.1,277.2,277.2,278.1,277.29,278.7,272.5,286.39,285.79,287.0,287.79,286.5,286.5,283.39,284.6,283.29,281.89,279.5,289.1,289.79,290.39,290.0,290.0,290.1,289.6,289.1,288.0,286.2,286.2,289.0,290.5,290.5,290.5,290.6,291.2,290.79,290.2,289.5,289.5,287.5,288.89,288.89,288.5,288.89,289.2,289.39,289.5,289.2,289.2,288.6,287.6,286.79,286.79,287.5,287.79,289.2,289.39,289.5,289.5,289.2,288.6,287.6,286.79,286.79,287.5,287.79,287.0,287.0,286.2,285.89,286.29,286.5,285.79,284.7,284.89,285.39,285.5,285.5,283.89,282.5,281.79,282.5,283.79,282.7,282.5,281.7,280.7,280.7,281.0,281.39,282.1,281.39,281.0,279.1,279.1,279.0,279.5,279.5,275.79,276.39,279.79,282.0,282.1,282.1,279.29,275.7
2021-06-04 10:00:00,277.1,283.5,285.5,283.29,284.39,280.0,276.29,276.29,275.1,261.71,265.4,277.1,283.5,285.5,283.29,284.39,284.2,284.2,284.2,281.2,268.5,274.6,270.5,275.0,277.79,281.39,286.0,286.0,288.79,289.7,286.79,277.89,282.0,272.61,266.9,270.0,280.2,280.2,287.89,289.79,291.0,289.79,284.29,284.29,277.2,269.9,269.9,272.4,279.0,283.0,284.1,286.29,286.89,286.89,287.1,282.5,282.5,278.1,277.89,279.29,276.39,277.0,283.79,283.79,282.89,282.89,286.1,285.79,286.0,282.7,279.29,276.39,277.0,277.0,283.79,282.89,282.89,286.1,285.79,286.0,282.7,281.0,281.0,275.1,273.5,275.89,278.89,278.89,289.2,290.39,290.7,288.6,288.6,282.7,274.89,271.5,274.39,275.7,271.21,291.1,292.2,291.79,291.79,289.89,285.6,278.6,278.0,275.79,274.5,274.5,292.7,292.79,292.79,291.6,289.5,287.6,285.79,284.6,284.6,280.89,276.79
2021-08-21 06:00:00,289.39,289.1,289.1,289.29,289.2,288.89,287.89,287.89,288.2,288.2,289.1,289.39,289.1,289.1,289.29,289.2,289.2,289.2,289.1,288.2,288.5,289.39,289.5,289.39,289.39,289.29,289.0,289.0,289.29,289.6,288.89,288.79,289.7,289.7,289.5,289.5,289.2,289.2,289.29,289.1,289.5,289.2,289.89,289.89,289.39,289.6,289.6,289.6,289.0,289.2,289.29,289.2,289.7,289.7,290.2,289.29,289.29,289.5,289.29,289.1,288.89,289.29,289.5,289.5,289.79,290.79,288.5,289.1,289.5,289.29,289.1,288.89,289.29,289.29,289.5,289.79,290.79,288.5,289.1,289.5,289.29,289.2,289.2,289.1,289.1,290.0,290.39,290.7,288.39,289.0,289.29,289.2,289.2,289.5,289.79,289.6,290.0,291.29,291.1,289.29,289.29,289.29,289.29,289.5,290.39,290.89,290.6,291.1,291.79,291.79,290.2,289.7,289.7,289.79,290.29,291.6,292.0,291.89,291.89,292.29,292.39
2021-08-05 01:00:00,292.79,293.0,293.29,293.5,293.5,293.5,293.29,293.29,293.39,293.5,293.1,292.79,293.0,293.29,293.5,293.5,293.2,293.2,293.29,293.2,292.7,292.7,292.7,292.79,293.2,293.1,293.2,293.2,293.0,292.6,292.39,293.1,292.6,292.6,292.79,293.2,292.7,292.7,292.7,292.7,292.2,292.1,292.6,292.6,292.5,292.5,292.5,292.5,292.5,292.6,292.2,291.89,292.39,292.39,292.5,292.2,292.2,292.1,292.29,292.2,292.0,291.89,292.0,292.0,292.6,292.39,292.6,292.39,292.29,292.2,292.2,292.0,291.89,291.89,292.0,292.6,292.39,292.6,292.39,292.29,292.2,291.6,291.6,291.1,291.89,292.5,292.39,292.1,292.5,292.6,292.29,291.7,291.7,291.1,291.1,292.0,292.1,292.1,291.79,292.2,292.1,291.7,291.7,291.0,290.89,291.5,291.7,291.6,291.6,291.6,292.0,291.79,291.79,291.0,290.2,291.2,291.79,291.5,291.5,291.39,291.29
2021-07-14 08:00:00,293.29,292.79,292.39,292.39,292.0,292.89,293.0,293.0,292.7,291.7,291.0,293.29,292.79,292.39,292.39,292.0,292.7,292.7,292.5,292.39,291.79,291.29,293.29,292.89,292.0,291.89,291.79,291.79,292.1,292.39,292.2,291.39,290.7,293.1,292.89,292.7,291.5,291.5,290.1,291.89,292.6,292.0,290.7,290.7,293.2,292.79,292.79,292.39,291.0,289.6,291.7,291.89,291.39,291.39,291.1,293.2,293.2,292.6,292.1,290.2,289.7,290.79,290.7,290.7,290.79,290.89,293.6,293.2,292.79,292.29,290.2,289.7,290.79,290.79,290.7,290.79,290.89,293.6,293.2,292.79,292.29,290.7,290.7,288.29,288.6,289.1,291.1,290.7,292.29,292.5,291.89,291.39,291.39,291.0,287.29,285.79,289.7,290.7,290.7,290.39,290.29,289.89,289.89,289.39,290.29,289.2,286.89,289.79,290.0,290.0,288.5,287.89,287.89,287.7,288.29,289.79,289.7,289.0,289.0,289.29,289.2
2021-06-23 09:00:00,292.6,290.89,291.39,292.5,291.89,289.0,289.1,289.1,285.89,276.7,271.5,292.6,290.89,291.39,292.5,291.89,291.5,291.5,291.79,290.0,279.2,270.4,292.29,292.0,292.39,293.1,293.29,293.29,292.6,291.7,290.89,287.0,279.29,292.39,292.79,292.5,292.6,292.6,292.2,291.79,291.7,291.2,290.79,290.79,292.39,291.7,291.7,290.7,289.6,289.0,288.89,289.6,290.29,290.29,290.79,291.7,291.7,290.5,288.6,284.7,283.79,284.29,286.29,286.29,288.29,289.29,292.29,291.7,290.5,285.79,284.7,283.79,284.29,284.29,286.29,288.29,289.29,292.29,291.7,290.5,285.79,277.5,277.5,276.6,278.39,279.7,284.29,286.7,292.0,291.5,290.7,282.29,282.29,269.3,268.5,269.0,273.6,277.79,278.79,292.0,291.6,290.0,290.0,279.6,264.21,257.9,258.5,264.71,269.61,269.61,291.89,291.39,291.39,289.1,276.29,261.21,251.0,251.0,251.0,255.7,261.5
2021-06-24 00:00:00,271.4,270.8,270.8,269.0,267.4,265.61,267.11,267.11,272.0,274.2,277.0,271.4,270.8,270.8,269.0,267.4,270.21,270.21,274.2,278.1,281.5,283.2,270.3,273.0,273.1,272.71,274.5,274.5,279.89,280.29,284.0,285.39,284.6,272.3,275.7,274.89,276.39,276.39,281.89,286.79,287.39,287.89,286.1,286.1,278.29,279.39,279.39,279.6,280.5,285.2,287.29,288.5,288.79,288.79,287.0,283.0,283.0,283.79,284.5,284.79,285.5,286.5,287.39,287.39,287.7,287.6,285.1,286.0,286.79,286.7,284.79,285.5,286.5,286.5,287.39,287.7,287.6,285.1,286.0,286.79,286.7,286.7,286.7,286.39,286.0,286.39,286.29,286.39,288.89,288.7,288.5,288.29,288.29,287.79,285.5,285.89,286.6,285.2,284.79,290.2,289.7,289.39,289.39,288.6,286.79,286.29,286.39,286.2,285.1,285.1,290.1,290.0,290.0,289.79,287.39,286.1,286.89,287.1,287.1,285.39,284.79
2021-07-15 00:00:00,234.5,230.7,230.4,231.11,231.81,229.7,232.61,232.61,231.61,229.11,228.5,234.5,230.7,230.4,231.11,231.81,232.2,232.2,234.5,233.4,231.81,230.11,235.0,233.11,232.4,232.5,233.7,233.7,233.9,235.4,235.4,232.81,233.4,234.61,235.2,234.11,233.7,233.7,233.7,233.9,237.0,235.5,233.81,233.81,235.11,234.5,234.5,234.61,235.7,235.7,233.5,231.31,234.4,234.4,241.5,234.5,234.5,233.5,236.9,237.61,235.5,232.81,229.7,229.7,233.7,242.2,238.61,234.9,235.9,237.7,237.61,235.5,232.81,232.81,229.7,233.7,242.2,238.61,234.9,235.9,237.7,237.11,237.11,235.4,233.4,230.11,233.11,240.4,240.9,237.31,238.11,238.2,238.2,235.61,234.81,233.0,230.0,231.81,238.81,245.61,241.11,238.7,238.7,237.2,235.9,233.0,231.11,230.11,231.61,231.61,248.7,243.5,243.5,238.0,236.31,235.2,233.11,229.31,229.31,228.31,232.2
2021-06-10 01:00:00,279.89,278.89,275.7,276.2,279.39,278.39,278.6,278.6,280.0,280.2,279.39,279.89,278.89,275.7,276.2,279.39,281.29,281.29,281.7,280.7,280.6,279.5,280.1,280.6,280.2,280.1,280.7,280.7,281.89,282.2,281.2,279.1,279.6,281.0,280.1,279.29,281.79,281.79,282.0,279.29,282.1,277.79,275.89,275.89,276.39,276.39,276.39,275.39,278.0,279.39,279.29,277.79,272.61,272.61,265.5,271.3,271.3,270.11,268.21,270.61,273.5,276.39,273.29,273.29,264.8,249.31,261.8,262.0,263.4,265.11,270.61,273.5,276.39,276.39,273.29,264.8,249.31,261.8,262.0,263.4,265.11,260.21,260.21,261.4,269.8,266.8,251.81,237.11,253.9,254.9,256.5,254.9,254.9,248.9,253.5,262.0,251.5,242.0,232.7,247.81,249.61,246.9,246.9,244.2,239.31,246.0,248.9,243.81,237.5,237.5,243.9,242.81,242.81,238.5,236.31,234.4,234.4,238.11,238.11,239.81,237.5
2021-06-03 23:00:00,287.0,287.5,288.1,288.2,289.2,288.79,288.7,288.7,289.1,289.89,290.6,287.0,287.5,288.1,288.2,289.2,288.5,288.5,287.7,288.7,289.39,290.5,287.7,288.0,288.29,288.79,289.0,289.0,289.2,289.1,288.89,286.89,287.6,288.39,288.39,288.79,289.0,289.0,289.5,289.6,289.2,288.7,287.1,287.1,288.5,288.7,288.7,288.79,289.1,289.0,288.79,288.29,288.2,288.2,287.1,288.2,288.2,288.5,288.79,288.79,288.29,288.0,287.79,287.79,288.1,288.6,287.89,287.89,288.0,288.2,288.79,288.29,288.0,288.0,287.79,288.1,288.6,287.89,287.89,288.0,288.2,288.29,288.29,288.0,287.89,288.2,288.2,288.79,287.7,287.5,287.6,287.7,287.7,287.89,287.7,288.0,288.2,288.29,288.5,287.6,287.39,287.5,287.5,287.6,287.7,287.7,288.2,288.0,288.0,288.0,287.5,287.29,287.29,287.5,287.5,287.6,288.1,288.2,288.2,287.89,288.0
2021-08-26 09:00:00,264.21,267.8,266.5,261.61,262.8,260.9,258.8,258.8,255.4,254.5,258.3,264.21,267.8,266.5,261.61,262.8,264.5,264.5,259.11,258.3,261.0,260.9,264.11,268.4,266.5,264.61,268.61,268.61,268.9,264.21,260.3,261.61,263.3,264.71,267.4,264.71,265.9,265.9,272.0,272.11,268.21,262.71,260.8,260.8,259.9,261.8,261.8,264.71,265.8,270.3,274.79,271.21,265.61,265.61,262.9,254.7,254.7,256.8,260.71,264.21,269.71,273.7,272.71,272.71,268.0,262.3,251.0,252.61,255.61,259.5,264.21,269.71,273.7,273.7,272.71,268.0,262.3,251.0,252.61,255.61,259.5,261.3,261.3,263.3,268.5,269.61,268.71,266.21,250.11,251.0,256.3,258.9,258.9,257.8,257.0,261.8,264.11,268.0,270.11,251.4,253.2,255.5,255.5,257.3,255.2,252.4,255.61,260.71,265.0,265.0,253.4,255.2,255.2,254.11,254.4,251.9,250.31,249.81,249.81,256.21,261.4
2021-07-18 05:00:00,292.79,293.1,292.89,292.79,292.79,292.6,293.0,293.0,292.79,292.6,292.5,292.79,293.1,292.89,292.79,292.79,292.7,292.7,292.6,292.6,292.39,292.1,292.7,292.89,292.89,292.89,292.7,292.7,292.5,292.39,292.39,292.39,292.1,292.5,292.6,293.2,292.89,292.89,292.7,292.29,292.5,292.0,292.39,292.39,292.5,292.79,292.79,292.89,293.0,292.6,292.6,292.6,291.79,291.79,291.39,292.89,292.89,292.79,292.29,292.7,292.79,292.7,292.0,292.0,291.5,290.79,292.29,292.29,292.5,292.6,292.7,292.79,292.7,292.7,292.0,291.5,290.79,292.29,292.29,292.5,292.6,292.29,292.29,292.2,292.1,291.6,290.89,290.6,292.39,292.39,292.39,292.39,292.39,292.29,291.89,291.5,291.29,290.6,290.39,292.6,292.7,292.29,292.29,292.1,291.89,291.5,291.1,290.7,290.5,290.5,292.79,292.5,292.5,292.2,291.79,291.5,291.1,290.6,290.6,290.29,290.39
2021-06-30 02:00:00,293.89,293.2,292.79,292.5,292.6,293.0,293.6,293.6,294.0,292.89,291.79,293.89,293.2,292.79,292.5,292.6,293.0,293.0,293.29,293.5,292.7,291.89,294.6,293.79,293.1,292.79,292.79,292.79,292.7,292.6,292.6,291.89,291.0,293.89,293.5,293.0,292.89,292.89,292.7,292.2,291.89,291.5,290.89,290.89,292.2,292.39,292.39,292.79,293.0,292.5,291.7,291.29,290.6,290.6,290.0,289.79,289.79,290.79,291.79,292.5,292.0,291.2,290.5,290.5,289.6,289.29,285.29,287.1,289.6,291.1,292.5,292.0,291.2,291.2,290.5,289.6,289.29,285.29,287.1,289.6,291.1,291.7,291.7,291.6,291.1,290.2,288.6,286.89,281.39,284.5,287.2,289.7,289.7,290.7,291.0,290.79,289.79,287.7,284.6,280.39,281.79,284.1,284.1,287.7,290.0,290.39,289.0,287.6,285.89,285.89,280.89,276.6,276.6,282.29,287.1,289.29,288.79,287.2,287.2,285.89,284.6
2021-08-18 09:00:00,294.6,294.2,294.2,293.89,293.79,294.0,294.29,294.29,294.79,294.79,295.0,294.6,294.2,294.2,293.89,293.79,294.29,294.29,294.29,294.7,295.0,294.89,294.39,294.2,293.79,293.79,293.89,293.89,294.29,294.39,294.6,294.79,294.89,294.1,294.0,293.79,293.5,293.5,293.79,294.0,294.5,294.5,294.29,294.29,294.2,294.0,294.0,293.79,293.5,293.7,294.29,294.2,294.39,294.39,294.39,294.2,294.2,293.89,293.6,293.39,294.0,294.1,294.2,294.2,294.39,294.1,294.1,294.1,293.89,293.5,293.39,294.0,294.1,294.1,294.2,294.39,294.1,294.1,294.1,293.89,293.5,293.6,293.6,294.1,294.29,294.0,294.29,294.29,294.0,294.0,293.79,293.29,293.29,293.89,294.2,294.39,293.89,294.1,294.29,294.0,293.89,293.7,293.7,293.7,293.89,294.29,294.39,294.1,294.2,294.2,294.1,293.5,293.5,293.7,293.89,293.89,294.2,294.2,294.2,294.1,294.0
2021-06-25 23:00:00,272.3,272.0,271.61,271.3,270.9,270.8,270.3,270.3,269.9,268.8,268.4,272.3,272.0,271.61,271.3,270.9,270.5,270.5,270.0,269.8,270.0,270.0,270.21,271.21,271.0,271.0,270.3,270.3,270.11,269.8,269.8,270.0,270.21,267.4,268.9,269.9,270.11,270.11,269.71,269.8,269.9,269.61,269.3,269.3,265.21,264.71,264.71,268.9,269.61,270.0,270.3,269.9,269.21,269.21,269.3,266.9,266.9,261.4,266.11,269.8,270.3,270.61,270.0,270.0,269.11,269.3,267.8,269.9,264.3,263.21,269.8,270.3,270.61,270.61,270.0,269.11,269.3,267.8,269.9,264.3,263.21,269.61,269.61,270.3,269.61,269.5,269.61,269.61,266.8,269.4,267.3,265.9,265.9,268.3,268.71,268.61,269.71,270.21,269.8,267.4,267.5,268.11,268.11,268.11,268.3,269.11,269.21,269.8,270.61,270.61,268.3,268.11,268.11,268.5,269.21,269.4,269.9,270.11,270.11,270.21,270.8
2021-06-03 10:00:00,239.61,241.81,243.31,243.9,245.4,248.61,250.4,250.4,253.2,255.2,254.4,239.61,241.81,243.31,243.9,245.4,246.9,246.9,248.7,251.5,254.4,255.9,239.11,240.9,242.7,243.31,244.61,244.61,245.5,247.2,250.31,254.2,255.5,237.9,240.2,243.5,243.5,243.5,243.9,245.0,246.31,249.9,253.7,253.7,238.81,241.7,241.7,243.7,244.11,244.0,244.9,247.5,250.2,250.2,252.5,241.11,241.11,243.2,244.5,244.9,244.81,246.0,248.4,248.4,251.5,251.7,240.31,243.2,244.9,245.5,244.9,244.81,246.0,246.0,248.4,251.5,251.7,240.31,243.2,244.9,245.5,245.9,245.9,246.0,247.4,249.4,252.2,252.4,242.0,243.9,246.2,247.11,247.11,246.31,247.4,248.81,250.2,252.61,252.4,243.2,245.11,246.2,246.2,247.2,246.9,248.61,249.81,250.61,252.31,252.31,244.2,245.0,245.0,246.4,247.7,247.9,248.61,250.31,250.31,251.61,251.7
2021-06-21 23:00:00,290.6,291.0,291.29,291.5,291.5,291.6,291.39,291.39,291.79,291.6,291.79,290.6,291.0,291.29,291.5,291.5,291.5,291.5,291.7,291.79,291.6,291.6,290.89,291.0,291.2,291.5,291.7,291.7,291.79,291.7,291.7,291.79,291.5,291.0,291.1,291.29,291.5,291.5,291.7,292.0,292.0,291.5,291.79,291.79,291.29,291.29,291.29,291.5,291.5,291.79,291.79,291.39,291.6,291.6,291.5,291.5,291.5,291.5,291.7,291.79,291.6,291.5,291.29,291.29,291.5,291.2,291.7,291.79,291.6,291.7,291.79,291.6,291.5,291.5,291.29,291.5,291.2,291.7,291.79,291.6,291.7,291.6,291.6,291.5,291.39,291.39,291.0,290.79,291.7,292.0,291.79,291.29,291.29,291.5,291.29,291.29,291.2,290.6,290.39,292.0,291.7,291.5,291.5,291.6,291.29,291.2,291.1,290.7,290.5,290.5,292.0,291.7,291.7,291.2,291.39,291.39,291.1,290.6,290.6,290.5,290.5
2021-07-17 10:00:00,279.6,280.79,282.39,284.0,285.7,283.7,281.39,281.39,280.39,279.79,283.1,279.6,280.79,282.39,284.0,285.7,285.6,285.6,282.7,280.6,280.6,286.2,277.6,278.89,280.1,282.39,284.39,284.39,284.5,281.39,280.29,283.89,287.79,276.29,277.5,279.89,281.89,281.89,284.1,283.79,280.89,281.39,286.89,286.89,273.7,278.5,278.5,280.89,282.1,284.79,281.79,279.2,286.0,286.0,290.29,275.6,275.6,278.39,280.79,283.7,282.39,279.5,283.5,283.5,288.7,290.0,272.3,274.29,276.7,282.89,283.7,282.39,279.5,279.5,283.5,288.7,290.0,272.3,274.29,276.7,282.89,284.39,284.39,283.39,283.79,287.29,288.79,289.6,275.79,273.29,277.2,283.0,283.0,285.6,287.29,288.79,289.1,289.1,289.39,278.39,277.2,280.2,280.2,285.5,287.5,288.7,290.0,290.0,289.89,289.89,282.2,279.79,279.79,284.79,288.39,289.5,289.5,290.0,290.0,290.2,290.1
2021-07-30 08:00:00,293.0,292.89,292.79,292.79,293.2,293.2,293.2,293.2,293.1,293.1,292.79,293.0,292.89,292.79,292.79,293.2,293.2,293.2,293.2,292.89,293.1,292.79,292.79,292.79,292.7,292.79,293.1,293.1,293.1,293.0,293.0,293.0,292.79,293.0,292.6,292.7,293.1,293.1,292.79,293.1,293.1,293.2,292.79,292.79,292.89,292.79,292.79,292.79,292.89,293.1,293.0,293.0,293.0,293.0,292.79,293.0,293.0,293.0,292.89,292.79,292.79,293.0,293.0,293.0,292.79,292.29,292.89,293.0,292.79,292.7,292.79,292.79,293.0,293.0,293.0,292.79,292.29,292.89,293.0,292.79,292.7,292.89,292.89,292.7,292.89,292.79,292.5,292.39,293.0,293.0,292.5,293.0,293.0,292.79,292.79,293.0,292.5,292.39,292.29,293.0,293.0,292.79,292.79,292.79,292.79,292.79,292.6,292.29,292.29,292.29,292.79,292.79,292.79,292.89,292.7,292.7,292.6,292.2,292.2,292.1,292.2
2021-07-29 04:00:00,288.0,288.5,288.5,287.29,287.39,288.39,287.6,287.6,287.6,288.7,288.6,288.0,288.5,288.5,287.29,287.39,288.39,288.39,287.1,286.7,288.39,288.2,288.1,288.5,288.5,287.1,287.1,287.1,287.79,286.5,285.89,287.89,288.6,287.79,288.5,288.2,287.0,287.0,287.0,287.0,286.2,285.0,287.2,287.2,287.2,288.1,288.1,288.2,287.39,286.89,287.0,286.5,284.7,284.7,286.7,286.89,286.89,287.6,287.89,287.6,287.29,287.1,286.89,286.89,285.1,285.39,287.89,287.39,287.39,287.7,287.6,287.29,287.1,287.1,286.89,285.1,285.39,287.89,287.39,287.39,287.7,287.89,287.89,287.39,287.2,287.0,285.5,284.6,287.7,287.79,287.29,287.6,287.6,288.0,287.39,287.29,286.7,285.39,285.7,287.5,287.39,287.2,287.2,287.7,288.1,287.39,287.2,286.7,285.79,285.79,287.2,287.29,287.29,287.1,287.39,288.1,287.2,287.1,287.1,286.79,286.29
2021-06-15 09:00:00,289.89,289.89,290.1,290.2,290.39,290.2,290.1,290.1,290.2,290.1,290.29,289.89,289.89,290.1,290.2,290.39,290.2,290.2,290.1,290.2,290.1,290.1,290.0,290.1,290.1,290.39,290.29,290.29,290.29,290.1,290.2,290.1,290.29,290.29,290.1,290.2,290.29,290.29,290.2,290.29,290.0,290.1,290.29,290.29,290.1,290.0,290.0,290.2,290.2,290.29,290.29,290.1,290.2,290.2,290.39,290.0,290.0,290.0,290.0,290.2,290.2,290.2,290.29,290.29,290.39,290.29,289.7,289.89,290.0,289.89,290.2,290.2,290.2,290.2,290.29,290.39,290.29,289.7,289.89,290.0,289.89,290.0,290.0,290.29,290.29,290.29,290.5,290.39,289.39,289.89,290.0,289.89,289.89,290.0,290.0,290.29,290.39,290.39,290.7,289.6,289.79,290.0,290.0,290.0,290.0,290.2,290.29,290.2,290.6,290.6,290.0,290.0,290.0,290.0,289.89,290.2,290.2,290.2,290.2,290.29,290.5
2021-08-18 05:00:00,292.29,293.39,293.79,294.0,293.2,292.79,293.0,293.0,293.79,292.29,292.0,292.29,293.39,293.79,294.0,293.2,292.5,292.5,293.1,293.1,293.39,293.1,292.89,293.7,293.7,294.2,292.89,292.89,292.29,292.7,293.29,293.79,293.6,293.39,293.7,293.79,294.1,294.1,292.29,292.1,293.0,293.29,294.2,294.2,293.5,293.7,293.7,294.29,293.39,291.6,293.29,293.7,293.79,293.79,293.79,293.39,293.39,293.89,294.0,292.39,292.39,294.0,294.1,294.1,294.1,293.0,293.2,293.5,293.89,293.29,292.39,292.39,294.0,294.0,294.1,294.1,293.0,293.2,293.5,293.89,293.29,292.0,292.0,292.89,293.79,293.89,293.6,293.39,293.2,293.6,293.79,292.6,292.6,292.0,293.2,293.5,293.39,293.0,293.2,292.89,293.39,293.29,293.29,292.29,292.1,292.89,293.7,292.79,292.7,292.7,293.0,293.39,293.39,293.1,292.39,292.29,293.29,293.29,293.29,292.39,292.29
2021-07-29 09:00:00,286.5,286.5,286.6,286.39,286.29,286.29,286.7,286.7,287.29,288.1,287.2,286.5,286.5,286.6,286.39,286.29,286.5,286.5,286.5,287.29,288.1,287.39,286.7,286.39,286.39,286.39,286.39,286.39,286.5,286.6,287.1,288.0,287.79,286.7,286.39,286.29,286.29,286.29,286.6,286.6,286.7,287.2,288.29,288.29,286.7,286.5,286.5,286.6,286.39,286.6,286.6,286.79,287.89,287.89,288.39,286.7,286.7,286.6,286.39,286.5,286.5,286.5,287.2,287.2,288.2,288.6,286.7,286.7,286.5,286.29,286.5,286.5,286.5,286.5,287.2,288.2,288.6,286.7,286.7,286.5,286.29,286.39,286.39,286.89,287.2,288.0,288.39,288.29,286.7,286.5,286.39,286.5,286.5,286.2,287.2,288.1,288.2,288.39,287.89,286.7,286.6,286.6,286.6,286.39,286.39,287.39,288.29,288.0,288.0,288.0,286.6,286.79,286.79,286.6,285.6,286.6,287.79,287.89,287.89,287.6,287.1
2021-08-19 09:00:00,290.5,291.1,291.79,292.1,292.1,292.1,292.0,292.0,291.89,292.0,291.6,290.5,291.1,291.79,292.1,292.1,292.0,292.0,292.0,292.0,292.0,292.1,288.89,290.7,291.79,291.7,292.0,292.0,292.0,292.0,292.0,292.1,292.2,289.2,290.2,290.89,291.7,291.7,291.89,291.89,292.1,292.1,292.39,292.39,289.79,289.89,289.89,290.79,291.5,291.5,291.89,291.89,292.2,292.2,292.2,289.5,289.5,290.0,290.79,291.2,291.2,291.6,291.79,291.79,292.2,292.0,290.0,289.89,290.7,290.89,291.2,291.2,291.6,291.6,291.79,292.2,292.0,290.0,289.89,290.7,290.89,290.7,290.7,291.0,291.29,291.79,291.89,291.89,289.7,290.7,291.0,290.89,290.89,290.6,290.79,291.5,291.89,291.79,292.0,288.5,289.5,290.5,290.5,290.7,291.1,291.39,292.0,292.1,292.2,292.2,287.6,289.1,289.1,289.89,290.7,291.6,292.0,292.29,292.29,292.5,292.39
2021-08-22 05:00:00,230.7,229.5,229.7,231.7,237.0,237.2,244.5,244.5,247.61,252.7,255.31,230.7,229.5,229.7,231.7,237.0,239.0,239.0,239.11,244.31,252.81,253.61,230.81,229.5,229.7,232.2,236.4,236.4,238.5,239.5,242.61,247.2,247.7,229.81,229.4,230.0,231.9,231.9,234.31,236.81,236.11,239.61,241.9,241.9,228.9,228.9,228.9,229.5,229.9,232.5,233.0,232.7,234.61,234.61,237.5,228.81,228.81,227.9,227.5,228.0,229.4,230.11,229.11,229.11,230.9,233.9,227.7,226.31,225.9,226.7,228.0,229.4,230.11,230.11,229.11,230.9,233.9,227.7,226.31,225.9,226.7,227.2,227.2,227.9,228.9,229.0,229.2,231.4,227.2,224.7,224.61,225.7,225.7,227.0,227.9,229.5,231.4,231.61,231.4,229.2,226.9,227.11,227.11,227.0,227.61,229.81,230.81,234.61,237.31,237.31,231.7,230.0,230.0,229.9,228.81,229.7,232.11,234.9,234.9,239.31,244.31
2021-07-12 23:00:00,222.0,223.11,223.7,224.4,225.11,225.11,225.7,225.7,227.0,228.5,229.31,222.0,223.11,223.7,224.4,225.11,226.11,226.11,227.11,228.2,229.31,230.2,222.11,223.4,223.9,224.9,226.31,226.31,227.2,228.4,228.9,230.4,231.7,222.5,224.0,224.7,225.61,225.61,226.7,228.4,229.11,229.81,231.2,231.2,223.31,224.4,224.4,225.31,226.0,227.0,228.2,228.9,229.61,229.61,231.11,224.61,224.61,224.81,225.9,226.61,227.4,228.0,228.81,228.81,229.7,231.2,225.2,225.4,225.81,226.7,226.61,227.4,228.0,228.0,228.81,229.7,231.2,225.2,225.4,225.81,226.7,227.11,227.11,227.7,228.0,228.2,230.11,231.81,226.61,226.31,227.11,227.31,227.31,227.9,228.5,228.61,229.11,231.11,233.5,227.61,227.11,227.5,227.5,227.7,229.0,230.4,232.2,233.0,234.31,234.31,228.5,227.81,227.81,227.9,228.31,230.11,232.81,235.61,235.61,237.11,238.11
2021-08-28 23:00:00,252.2,250.5,242.9,238.4,237.11,236.31,240.9,240.9,244.11,242.7,245.61,252.2,250.5,242.9,238.4,237.11,235.5,235.5,235.2,239.9,242.5,247.81,256.9,255.4,251.5,244.81,240.0,240.0,235.2,236.7,240.61,237.5,242.0,261.71,257.4,256.4,250.5,250.5,246.0,236.61,239.61,242.61,241.4,241.4,261.0,256.0,256.0,256.21,254.11,255.4,241.4,240.31,246.11,246.11,248.11,260.71,260.71,254.7,254.5,259.0,257.8,247.9,247.31,247.31,249.7,252.0,254.7,261.8,259.5,255.0,259.0,257.8,247.9,247.9,247.31,249.7,252.0,254.7,261.8,259.5,255.0,259.5,259.5,258.3,252.81,254.5,255.0,253.5,249.61,259.3,263.4,260.3,260.3,257.11,257.61,257.3,259.9,260.11,258.0,258.8,258.11,264.9,264.9,263.3,258.3,257.8,259.8,264.5,265.9,265.9,267.5,263.5,263.5,265.8,264.8,261.4,260.3,260.71,260.71,265.5,269.21
2021-07-11 05:00:00,249.31,249.31,251.4,254.2,251.4,252.11,251.4,251.4,251.0,250.4,249.9,249.31,249.31,251.4,254.2,251.4,250.5,250.5,250.2,250.4,250.31,249.9,249.5,250.0,252.11,252.5,250.81,250.81,249.61,249.5,249.61,249.5,248.9,249.9,250.5,252.0,250.61,250.61,249.81,249.61,249.7,249.31,248.4,248.4,249.61,250.5,250.5,250.5,249.9,250.0,249.61,249.31,249.4,249.4,248.61,249.4,249.4,250.0,250.2,249.9,249.61,249.9,249.7,249.7,249.5,249.4,248.7,249.31,249.81,250.0,249.9,249.61,249.9,249.9,249.7,249.5,249.4,248.7,249.31,249.81,250.0,250.2,250.2,250.2,250.0,250.0,250.5,250.11,248.9,249.81,249.81,250.31,250.31,250.7,250.9,249.9,250.0,251.31,253.11,250.4,251.2,250.9,250.9,250.7,251.61,251.61,250.2,250.0,254.0,254.0,251.5,253.31,253.31,251.7,251.31,252.31,252.0,250.0,250.0,251.11,255.81
2021-06-24 23:00:00,250.5,251.9,253.11,253.61,253.0,253.9,257.0,257.0,261.61,262.21,261.61,250.5,251.9,253.11,253.61,253.0,253.4,253.4,255.81,258.11,259.11,257.9,252.7,254.4,253.9,253.11,253.61,253.61,254.9,253.31,253.31,254.4,254.5,254.9,255.81,254.11,253.11,253.11,253.61,257.9,252.31,249.5,251.11,251.11,255.31,254.61,254.61,253.5,254.11,256.21,260.9,253.9,249.4,249.4,249.4,254.5,254.5,253.2,253.0,254.31,260.5,262.21,255.2,255.2,252.11,248.31,255.0,253.9,253.31,253.61,254.31,260.5,262.21,262.21,255.2,252.11,248.31,255.0,253.9,253.31,253.61,256.5,256.5,259.71,258.11,253.61,252.5,256.0,253.81,252.9,253.5,255.31,255.31,257.9,255.5,253.4,252.31,253.81,258.5,253.0,252.9,254.7,254.7,257.3,254.2,251.81,251.5,251.81,252.81,252.81,252.61,253.5,253.5,256.3,255.0,250.0,249.7,249.9,249.9,250.2,251.11
2021-06-04 05:00:00,300.7,300.39,300.29,300.6,301.39,301.2,300.7,300.7,300.0,299.0,297.39,300.7,300.39,300.29,300.6,301.39,301.5,301.5,300.5,300.0,298.79,297.29,300.2,300.39,300.29,300.6,301.2,301.2,300.79,300.29,299.89,299.29,297.39,300.0,300.2,300.29,301.0,301.0,300.6,300.2,300.5,299.6,298.5,298.5,299.79,299.79,299.79,300.29,300.79,300.79,300.39,300.0,298.39,298.39,296.79,299.5,299.5,299.7,299.79,300.5,301.0,300.2,299.2,299.2,297.0,294.0,299.6,299.39,299.5,299.7,300.5,301.0,300.2,300.2,299.2,297.0,294.0,299.6,299.39,299.5,299.7,300.29,300.29,300.1,299.2,297.2,294.7,293.29,299.6,299.7,299.2,299.6,299.6,300.0,299.5,297.89,294.39,293.0,292.79,299.89,299.7,299.39,299.39,299.39,299.5,298.5,295.6,293.2,292.7,292.7,300.29,299.6,299.6,299.5,299.5,298.89,296.0,293.7,293.7,292.89,292.39
2021-07-09 03:00:00,293.0,292.6,292.79,293.0,293.39,293.29,293.5,293.5,293.6,293.2,292.79,293.0,292.6,292.79,293.0,293.39,293.39,293.39,293.29,293.6,293.1,292.79,292.79,292.6,293.0,293.1,293.29,293.29,293.39,293.39,293.39,293.2,292.79,292.6,292.79,293.1,293.1,293.1,293.1,293.39,293.39,293.2,293.0,293.0,292.79,293.0,293.0,293.2,293.29,293.39,293.79,293.5,293.29,293.29,292.79,292.89,292.89,293.1,293.1,293.5,293.89,293.89,293.6,293.6,293.29,292.79,293.2,293.2,293.1,293.0,293.5,293.89,293.89,293.89,293.6,293.29,292.79,293.2,293.2,293.1,293.0,293.6,293.6,293.79,294.1,293.6,293.1,292.7,293.6,293.6,293.2,293.1,293.1,293.7,294.2,294.1,293.2,293.0,292.7,294.1,294.0,293.79,293.79,293.5,293.79,293.89,293.39,293.2,292.79,292.79,294.29,294.39,294.39,294.1,294.1,293.79,292.89,292.79,292.79,292.79,292.7
2021-07-08 11:00:00,247.5,247.0,247.0,249.5,249.61,246.31,245.4,245.4,244.31,243.11,243.0,247.5,247.0,247.0,249.5,249.61,247.61,247.61,246.61,243.81,242.9,242.81,249.7,249.81,250.11,252.2,251.61,251.61,247.7,246.0,243.81,244.11,244.31,249.7,252.31,255.11,254.4,254.4,251.11,248.7,245.81,245.0,245.81,245.81,249.7,251.11,251.11,256.3,256.11,250.5,249.9,247.4,248.2,248.2,248.11,249.5,249.5,250.11,253.61,256.5,251.11,249.5,249.81,249.81,251.0,249.7,248.81,248.7,249.81,252.7,256.5,251.11,249.5,249.5,249.81,251.0,249.7,248.81,248.7,249.81,252.7,254.81,254.81,250.7,250.7,252.9,253.11,251.11,248.11,248.5,250.7,251.31,251.31,253.7,254.31,252.11,253.7,254.5,251.9,252.2,251.0,253.11,253.11,256.71,256.4,254.0,252.61,252.9,253.5,253.5,255.81,255.5,255.5,256.4,258.4,260.5,258.3,252.9,252.9,251.2,253.11
2021-08-25 10:00:00,286.0,284.79,284.89,284.1,284.29,279.79,280.6,280.6,279.6,277.0,274.6,286.0,284.79,284.89,284.1,284.29,282.6,282.6,281.6,282.2,281.7,279.5,282.79,285.0,285.79,283.89,282.2,282.2,283.1,285.29,285.1,284.1,283.2,281.2,283.89,285.6,283.29,283.29,280.2,282.1,285.89,287.29,286.79,286.79,280.29,282.7,282.7,284.29,282.1,280.6,281.0,283.89,286.5,286.5,286.79,278.5,278.5,281.5,279.39,281.0,281.39,279.29,281.5,281.5,284.5,286.0,266.9,274.6,279.1,278.7,281.0,281.39,279.29,279.29,281.5,284.5,286.0,266.9,274.6,279.1,278.7,279.39,279.39,279.2,276.79,278.29,282.6,285.7,262.0,268.61,275.89,277.5,277.5,277.79,276.1,274.89,277.39,280.89,285.7,260.11,264.8,270.21,270.21,273.1,274.29,274.39,276.29,278.7,282.2,282.2,260.0,262.9,262.9,265.21,267.4,270.3,273.1,278.1,278.1,280.89,284.6
2021-06-01 08:00:00,273.5,266.3,263.4,265.4,274.29,273.29,274.6,274.6,272.71,272.0,271.71,273.5,266.3,263.4,265.4,274.29,279.2,279.2,279.0,272.71,266.9,273.29,270.5,268.71,268.4,267.9,275.0,275.0,279.1,273.5,273.7,276.89,269.11,272.0,272.8,271.61,271.71,271.71,272.71,275.7,277.0,275.7,272.71,272.71,272.8,274.2,274.2,274.0,273.0,274.6,277.0,281.1,275.89,275.89,269.3,275.5,275.5,275.2,276.1,273.39,275.0,280.79,277.89,277.89,276.1,273.29,280.7,280.0,275.5,273.6,273.39,275.0,280.79,280.79,277.89,276.1,273.29,280.7,280.0,275.5,273.6,275.5,275.5,278.5,279.1,277.79,276.29,272.4,284.5,280.39,275.79,276.1,276.1,277.2,277.79,277.79,275.39,275.5,275.89,282.29,279.1,275.5,275.5,273.79,276.29,277.79,276.7,275.1,274.7,274.7,278.6,274.0,274.0,274.89,271.8,274.29,276.7,276.0,276.0,274.1,274.1
2021-08-02 04:00:00,292.1,292.5,292.79,293.1,293.29,293.1,293.1,293.1,293.2,292.89,292.89,292.1,292.5,292.79,293.1,293.29,292.89,292.89,293.0,293.0,293.1,292.6,292.39,292.29,292.89,293.39,293.5,293.5,293.2,293.1,293.0,292.89,292.39,292.0,292.2,292.79,293.6,293.6,293.29,293.39,293.1,292.79,292.6,292.6,292.5,292.39,292.39,292.6,293.39,293.39,293.2,292.79,292.6,292.6,292.6,292.29,292.29,292.39,292.5,292.89,293.2,292.79,292.5,292.5,292.39,292.39,292.5,292.1,292.5,292.6,292.89,293.2,292.79,292.79,292.5,292.39,292.39,292.5,292.1,292.5,292.6,292.6,292.6,292.79,292.79,292.5,292.29,292.2,292.6,292.5,292.39,292.39,292.39,292.6,292.5,292.79,292.7,292.0,292.29,292.79,292.39,292.6,292.6,292.7,292.79,292.7,292.7,292.6,292.29,292.29,292.89,292.5,292.5,292.79,292.79,293.1,292.79,292.5,292.5,292.6,292.39
2021-07-04 03:00:00,228.11,226.4,225.31,224.61,223.4,221.5,220.9,220.9,219.2,218.0,218.31,228.11,226.4,225.31,224.61,223.4,223.11,223.11,221.11,219.5,217.61,217.0,234.31,227.81,226.4,227.7,225.11,225.11,223.61,221.9,220.5,218.11,216.4,234.61,230.2,235.7,229.4,229.4,225.31,224.4,223.31,221.31,219.81,219.81,237.61,236.9,236.9,241.31,229.7,225.31,223.5,222.31,222.0,222.0,221.7,237.31,237.31,244.61,245.81,233.31,227.7,225.11,222.7,222.7,224.2,225.2,242.61,234.9,244.9,249.5,233.31,227.7,225.11,225.11,222.7,224.2,225.2,242.61,234.9,244.9,249.5,238.61,238.61,235.2,231.0,228.5,228.61,226.5,248.61,240.7,245.11,250.4,250.4,246.4,241.9,240.11,236.4,236.4,230.9,255.81,249.0,251.7,251.7,254.61,255.61,248.61,246.61,243.81,247.5,247.5,265.4,255.81,255.81,259.71,262.11,262.11,258.11,252.31,252.31,249.0,257.8
2021-06-13 02:00:00,273.89,278.1,282.1,283.0,286.29,283.6,283.7,283.7,286.0,285.89,285.29,273.89,278.1,282.1,283.0,286.29,287.5,287.5,287.6,287.89,287.6,286.39,282.0,285.1,287.0,287.0,288.5,288.5,288.79,290.0,290.79,288.79,288.0,287.1,289.89,290.7,289.89,289.89,288.79,288.5,289.79,291.79,290.29,290.29,290.39,290.7,290.7,291.1,290.79,290.0,289.0,289.5,290.7,290.7,290.29,291.39,291.39,290.5,290.0,290.6,290.7,288.89,288.1,288.1,289.29,289.89,292.29,291.1,290.5,290.89,290.6,290.7,288.89,288.89,288.1,289.29,289.89,292.29,291.1,290.5,290.89,289.89,289.89,288.79,286.29,285.89,288.29,289.7,292.2,291.89,291.1,291.29,291.29,289.7,287.2,284.2,284.5,288.0,289.0,293.7,293.2,293.1,293.1,292.79,288.7,285.2,283.89,287.2,288.2,288.2,295.0,295.1,295.1,294.89,292.29,288.1,285.0,285.1,285.1,288.1,288.79
2021-07-24 01:00:00,269.0,269.5,267.21,265.5,270.5,263.11,265.3,265.3,266.11,268.4,270.8,269.0,269.5,267.21,265.5,270.5,271.9,271.9,271.5,268.5,269.8,273.79,275.5,275.6,269.21,277.6,279.39,279.39,277.2,274.89,273.7,274.79,278.1,279.7,279.79,278.29,285.1,285.1,286.0,281.79,278.0,278.39,283.7,283.7,282.39,283.39,283.39,286.29,287.39,286.79,286.1,282.6,282.5,282.5,285.79,284.79,284.79,287.29,286.2,287.89,289.39,287.39,284.39,284.39,285.29,286.29,288.0,288.1,288.5,288.39,287.89,289.39,287.39,287.39,284.39,285.29,286.29,288.0,288.1,288.5,288.39,289.2,289.2,286.5,289.0,288.1,287.2,287.29,289.2,289.29,289.2,288.79,288.79,288.39,288.29,288.89,289.2,289.2,287.1,289.89,290.0,289.5,289.5,289.0,288.89,289.39,289.79,290.2,290.29,290.29,290.5,290.0,290.0,289.5,289.6,289.79,290.6,290.6,290.6,290.89,290.5
2021-07-28 05:00:00,249.4,256.4,256.61,253.9,249.61,250.2,256.71,256.71,256.3,249.4,245.81,249.4,256.4,256.61,253.9,249.61,245.5,245.5,249.2,250.11,250.2,247.5,249.0,251.2,251.61,249.4,247.2,247.2,246.0,246.11,245.4,246.2,245.81,245.61,246.2,247.2,246.2,246.2,246.31,247.61,248.7,244.2,239.4,239.4,243.5,242.81,242.81,245.81,246.0,245.7,247.2,248.2,244.11,244.11,245.0,241.81,241.81,241.31,242.4,245.61,249.11,247.2,242.7,242.7,247.0,248.81,238.11,239.31,241.2,243.31,245.61,249.11,247.2,247.2,242.7,247.0,248.81,238.11,239.31,241.2,243.31,245.11,245.11,246.7,246.31,248.2,247.2,245.4,234.61,235.81,241.11,245.7,245.7,244.7,242.4,246.7,247.9,246.5,242.9,232.7,235.81,237.11,237.11,240.61,242.4,245.0,244.7,244.9,241.0,241.0,231.11,234.11,234.11,232.9,235.81,240.9,242.5,243.2,243.2,238.5,234.81
2021-06-10 10:00:00,225.11,223.81,223.5,226.5,228.61,227.4,227.4,227.4,229.7,229.81,227.0,225.11,223.81,223.5,226.5,228.61,227.5,227.5,226.4,231.4,232.4,230.0,220.61,223.2,223.61,225.9,226.9,226.9,227.9,229.5,231.4,231.9,230.81,225.31,223.7,224.31,224.9,224.9,225.2,228.0,228.9,230.0,230.2,230.2,237.4,230.5,230.5,227.4,226.2,225.5,225.2,225.81,225.61,225.61,225.11,247.7,247.7,238.7,234.81,230.9,226.7,224.9,223.11,223.11,221.2,221.31,263.61,258.9,248.81,241.4,230.9,226.7,224.9,224.9,223.11,221.2,221.31,263.61,258.9,248.81,241.4,237.4,237.4,230.4,224.2,221.7,220.0,219.81,270.71,267.0,256.9,248.7,248.7,244.61,234.4,227.81,225.81,224.2,223.7,277.0,269.61,261.11,261.11,260.0,253.11,248.4,239.7,235.5,236.0,236.0,277.79,274.2,274.2,265.3,267.8,265.61,254.81,254.81,254.81,252.9,247.61
2021-08-19 04:00:00,292.39,291.89,291.39,291.1,290.79,291.5,290.6,290.6,289.5,288.29,286.7,292.39,291.89,291.39,291.1,290.79,290.1,290.1,288.5,287.5,288.0,286.79,291.7,291.6,291.2,290.29,289.5,289.5,289.5,287.39,286.1,286.6,287.5,291.29,291.39,291.0,289.29,289.29,289.89,288.89,285.79,285.7,286.39,286.39,291.7,291.7,291.7,290.7,289.79,290.39,288.39,286.39,287.2,287.2,288.89,292.0,292.0,291.6,291.5,290.7,289.0,288.39,289.1,289.1,289.1,289.7,292.2,291.79,291.7,291.39,290.7,289.0,288.39,288.39,289.1,289.1,289.7,292.2,291.79,291.7,291.39,290.6,290.6,290.79,290.6,291.0,291.1,290.79,291.89,291.29,291.7,291.0,291.0,290.6,292.1,292.7,292.79,292.39,292.2,290.79,290.29,291.5,291.5,290.89,291.29,292.2,292.79,292.79,292.79,292.79,289.2,289.7,289.7,290.5,291.1,291.6,291.7,291.89,291.89,292.2,292.1
2021-07-10 00:00:00,289.1,288.5,290.5,290.1,290.29,288.89,290.0,290.0,289.79,288.2,288.6,289.1,288.5,290.5,290.1,290.29,289.79,289.79,290.2,290.2,289.39,288.79,288.7,289.1,290.6,290.79,290.89,290.89,290.79,290.5,290.5,290.39,289.29,289.89,289.6,290.6,291.39,291.39,291.29,291.39,291.1,290.79,290.7,290.7,291.2,290.6,290.6,290.79,291.39,291.39,291.5,291.1,291.1,291.1,290.6,291.7,291.7,291.5,291.29,291.29,291.1,291.1,291.2,291.2,290.89,290.6,291.7,291.6,291.79,291.7,291.29,291.1,291.1,291.1,291.2,290.89,290.6,291.7,291.6,291.79,291.7,291.39,291.39,291.39,291.1,291.0,290.89,290.5,291.5,291.39,291.5,291.6,291.6,291.39,291.29,291.2,290.89,290.7,291.0,291.5,291.39,291.5,291.5,291.6,291.5,291.5,291.39,291.39,291.39,291.39,291.79,291.5,291.5,291.6,291.6,291.5,291.5,291.5,291.5,291.89,292.0
2021-08-03 05:00:00,293.5,293.0,291.89,291.2,290.79,290.5,290.2,290.2,290.2,290.29,290.5,293.5,293.0,291.89,291.2,290.79,290.7,290.7,290.39,290.5,290.29,290.2,293.89,293.5,292.79,291.6,291.1,291.1,290.89,290.79,290.6,290.29,290.39,293.89,294.0,293.2,292.2,292.2,291.6,291.2,291.1,290.89,290.89,290.89,294.2,294.0,294.0,293.6,292.7,291.89,291.6,291.29,291.5,291.5,291.79,294.0,294.0,293.79,294.0,293.0,292.29,292.0,292.0,292.0,292.2,292.2,294.1,294.1,293.89,293.79,293.0,292.29,292.0,292.0,292.0,292.2,292.2,294.1,294.1,293.89,293.79,293.39,293.39,292.6,293.0,293.0,292.89,292.39,294.2,294.0,293.79,293.6,293.6,293.39,293.1,293.7,293.79,293.5,292.6,294.29,293.89,293.5,293.5,293.39,293.7,294.0,294.0,293.79,293.6,293.6,294.39,293.79,293.79,293.29,293.5,293.89,294.29,294.0,294.0,293.89,293.89
2021-07-27 05:00:00,231.61,228.9,231.9,239.81,244.81,248.11,246.61,246.61,247.2,248.7,248.0,231.61,228.9,231.9,239.81,244.81,247.9,247.9,248.4,249.2,249.11,247.81,238.81,234.4,230.7,238.61,245.0,245.0,247.2,248.31,249.0,248.5,248.81,243.31,238.7,234.11,238.2,238.2,244.61,247.5,248.81,248.5,247.5,247.5,245.9,240.4,240.4,236.5,242.61,248.2,249.0,250.0,248.81,248.81,247.61,246.9,246.9,240.31,239.7,246.2,250.7,250.4,250.0,250.0,249.0,247.9,247.31,245.7,244.4,244.7,246.2,250.7,250.4,250.4,250.0,249.0,247.9,247.31,245.7,244.4,244.7,247.61,247.61,249.81,250.5,250.31,249.0,245.5,244.4,246.2,245.81,246.81,246.81,248.0,249.81,249.9,249.5,247.9,243.31,239.61,238.81,240.0,240.0,244.61,246.9,248.2,248.2,245.31,243.11,243.11,235.0,232.31,232.31,233.61,238.61,243.7,245.7,244.0,244.0,238.9,237.81
2021-06-17 22:00:00,252.4,252.9,253.11,253.61,253.5,253.9,254.81,254.81,254.9,254.61,254.0,252.4,252.9,253.11,253.61,253.5,253.7,253.7,253.81,254.4,254.7,254.31,252.5,252.9,253.11,253.5,253.61,253.61,253.7,253.61,254.0,254.0,254.0,252.7,252.81,253.2,253.31,253.31,253.4,253.61,253.61,253.5,253.61,253.61,252.81,252.7,252.7,252.9,252.9,253.11,253.2,252.9,253.11,253.11,253.31,253.0,253.0,252.7,252.61,252.7,252.81,252.9,253.0,253.0,253.11,253.2,253.0,253.11,252.7,252.61,252.7,252.81,252.9,252.9,253.0,253.11,253.2,253.0,253.11,252.7,252.61,252.7,252.7,252.7,252.81,253.0,253.2,253.31,253.4,253.5,252.9,252.61,252.61,252.81,252.9,252.9,253.0,253.5,253.9,253.7,253.5,253.4,253.4,253.4,253.5,253.31,253.5,253.7,254.2,254.2,254.81,254.5,254.5,254.5,254.61,254.61,254.5,254.5,254.5,254.61,255.11
2021-07-12 09:00:00,237.61,233.2,233.11,233.4,238.5,241.11,244.2,244.2,247.2,250.61,252.2,237.61,233.2,233.11,233.4,238.5,243.0,243.0,245.61,249.81,252.11,253.2,233.4,232.7,232.81,235.0,241.61,241.61,243.31,247.7,251.81,253.4,251.61,231.7,233.0,234.5,239.11,239.11,241.9,245.11,248.9,252.0,253.9,253.9,234.61,235.5,235.5,237.0,242.61,246.2,248.11,249.5,249.4,249.4,247.9,236.7,236.7,238.9,241.7,246.11,248.2,250.31,249.5,249.5,244.5,243.0,239.2,240.61,244.0,247.61,246.11,248.2,250.31,250.31,249.5,244.5,243.0,239.2,240.61,244.0,247.61,247.9,247.9,249.11,249.61,247.2,240.11,240.2,241.61,245.4,247.81,249.5,249.5,249.11,248.81,247.7,242.7,236.31,239.2,241.5,246.11,246.81,246.81,247.31,247.9,247.31,244.2,236.9,236.2,236.2,241.31,242.7,242.7,243.7,245.9,244.81,241.7,239.5,239.5,237.11,236.9
2021-08-05 10:00:00,288.7,288.6,287.79,287.6,289.29,290.79,290.39,290.39,290.2,291.6,292.1,288.7,288.6,287.79,287.6,289.29,290.39,290.39,289.1,289.89,291.39,291.89,289.39,286.7,284.89,286.79,288.7,288.7,288.29,286.29,290.39,292.0,292.0,287.79,284.5,282.6,286.79,286.79,287.6,286.7,285.39,290.79,292.2,292.2,280.5,280.2,280.2,284.5,285.79,287.29,287.89,288.6,290.1,290.1,290.79,277.5,277.5,277.39,282.29,286.1,288.79,289.6,289.5,289.5,289.89,290.2,276.1,275.2,280.1,284.1,286.1,288.79,289.6,289.6,289.5,289.89,290.2,276.1,275.2,280.1,284.1,286.39,286.39,287.79,288.89,289.6,290.29,290.7,273.29,277.0,282.39,285.2,285.2,286.89,287.5,287.79,289.0,290.89,291.39,275.0,277.7,281.79,281.79,285.5,287.29,288.39,287.29,289.2,291.2,291.2,277.7,279.1,279.1,281.6,285.39,288.39,288.39,287.29,287.29,289.79,291.1
2021-07-06 00:00:00,205.61,204.81,204.61,203.7,203.31,202.11,201.61,201.61,200.89999999999998,200.7,202.2,205.61,204.81,204.61,203.7,203.31,203.0,203.0,202.39999999999998,201.39999999999998,201.2,202.7,206.31,205.61,205.31,204.39999999999998,204.61,204.61,203.7,202.5,201.81,202.89999999999998,203.31,206.61,206.61,205.81,205.7,205.7,205.4,204.31,203.81,202.81,202.89999999999998,202.89999999999998,206.81,207.4,207.4,207.0,206.9,206.4,204.9,204.11,203.5,203.5,203.89999999999998,207.61,207.61,208.11,209.11,208.31,206.9,206.2,205.31,205.31,204.7,204.5,208.61,208.81,209.5,210.0,208.31,206.9,206.2,206.2,205.31,204.7,204.5,208.61,208.81,209.5,210.0,209.61,209.61,208.11,207.31,206.2,205.81,204.81,209.61,209.7,210.61,210.81,210.81,210.5,209.5,208.31,207.5,206.81,205.61,211.0,210.81,211.5,211.5,211.5,211.61,210.81,209.9,208.61,207.7,207.7,212.31,211.9,211.9,212.31,212.4,212.61,212.31,211.4,211.4,209.7,208.81
2021-08-17 05:00:00,290.7,290.89,290.6,290.6,291.5,292.0,293.0,293.0,292.79,292.79,293.39,290.7,290.89,290.6,290.6,291.5,292.29,292.29,293.1,293.39,293.1,293.0,290.39,291.2,291.89,291.89,292.7,292.7,293.2,293.2,293.6,293.39,293.1,291.39,291.39,292.0,293.2,293.2,293.89,293.79,293.6,293.39,293.5,293.5,291.2,291.89,291.89,292.5,293.7,294.0,293.89,293.5,293.5,293.5,293.29,291.7,291.7,291.89,292.7,293.7,293.7,293.5,293.5,293.5,293.29,292.79,291.89,292.29,291.79,292.5,293.7,293.7,293.5,293.5,293.5,293.29,292.79,291.89,292.29,291.79,292.5,293.39,293.39,293.39,293.5,293.2,292.79,292.6,292.39,292.5,292.0,292.0,292.0,293.2,293.29,293.39,292.79,292.39,291.89,292.79,292.7,291.39,291.39,291.39,293.1,293.5,293.1,292.5,292.1,292.1,293.1,292.2,292.2,291.1,291.1,292.89,293.2,292.5,292.5,292.39,291.89
2021-08-07 02:00:00,269.0,272.21,275.7,281.0,281.39,278.79,279.2,279.2,284.6,284.2,283.0,269.0,272.21,275.7,281.0,281.39,280.6,280.6,281.39,284.79,284.29,280.5,267.8,271.9,274.1,279.0,281.2,281.2,280.79,279.6,283.1,285.39,282.5,267.8,271.71,274.0,277.7,277.7,280.6,279.5,279.1,279.89,284.0,284.0,269.71,272.5,272.5,278.39,278.2,277.7,278.5,278.7,279.5,279.5,280.39,267.0,267.0,274.0,281.5,279.5,274.39,277.79,280.89,280.89,279.5,276.29,250.4,258.5,271.3,280.5,279.5,274.39,277.79,277.79,280.89,279.5,276.29,250.4,258.5,271.3,280.5,278.2,278.2,278.29,279.1,278.79,278.1,274.1,245.9,254.11,266.9,276.2,276.2,277.0,278.89,280.79,276.7,276.1,273.39,246.81,254.2,262.21,262.21,269.21,271.4,278.1,280.2,275.1,276.39,276.39,249.31,251.2,251.2,257.11,261.5,264.61,272.4,276.5,276.5,277.39,275.29
2021-08-06 03:00:00,288.89,289.29,289.2,288.6,288.89,288.89,288.29,288.29,287.7,285.6,286.29,288.89,289.29,289.2,288.6,288.89,288.5,288.5,287.1,288.29,286.29,285.1,289.39,289.7,289.0,287.39,288.0,288.0,286.39,286.7,288.39,286.0,286.39,289.2,289.0,288.5,285.89,285.89,284.0,284.79,287.2,287.89,287.6,287.6,288.39,286.39,286.39,284.79,283.5,282.1,283.7,286.6,287.89,287.89,288.1,287.79,287.79,283.89,281.5,281.39,281.0,283.29,286.1,286.1,288.0,287.7,288.79,287.79,284.79,280.6,281.39,281.0,283.29,283.29,286.1,288.0,287.7,288.79,287.79,284.79,280.6,278.1,278.1,278.6,282.6,287.0,287.89,286.29,288.7,287.5,286.1,280.89,280.89,276.0,276.0,282.79,286.79,287.0,287.39,289.2,288.6,285.1,285.1,280.39,277.5,280.39,284.1,285.79,286.89,286.89,289.79,288.79,288.79,284.2,280.0,280.0,284.0,285.5,285.5,285.6,287.2
2021-06-18 07:00:00,263.9,264.21,264.71,261.61,260.4,256.3,251.2,251.2,247.7,248.61,255.5,263.9,264.21,264.71,261.61,260.4,257.4,257.4,249.9,247.7,253.11,258.11,263.5,263.8,264.21,262.21,261.5,261.5,258.9,248.9,248.9,256.9,259.8,263.21,263.11,262.8,262.8,262.8,262.71,260.21,250.61,251.4,257.5,257.5,263.61,262.9,262.9,262.71,262.9,261.3,259.8,255.9,253.81,253.81,257.3,263.0,263.0,262.61,263.21,262.3,261.11,260.4,255.81,255.81,256.3,259.71,263.21,262.3,261.61,262.11,262.3,261.11,260.4,260.4,255.81,256.3,259.71,263.21,262.3,261.61,262.11,262.3,262.3,260.3,260.21,258.3,257.5,260.21,262.3,262.0,260.71,260.71,260.71,261.61,261.5,259.9,259.11,258.8,261.3,261.71,260.9,260.61,260.61,260.11,260.71,261.4,260.71,260.61,259.3,259.3,260.4,259.9,259.9,259.8,260.0,259.5,260.4,261.71,261.71,261.5,259.71
2021-06-20 22:00:00,291.29,291.5,291.39,291.29,291.39,291.2,291.1,291.1,291.39,291.7,291.5,291.29,291.5,291.39,291.29,291.39,291.29,291.29,291.39,291.6,291.5,291.5,291.2,291.5,291.29,291.39,291.39,291.39,291.5,291.6,291.5,291.6,291.6,291.29,291.39,291.1,291.29,291.29,291.5,291.7,291.5,291.5,291.7,291.7,291.39,291.5,291.5,291.1,291.29,291.6,291.5,291.1,291.6,291.6,291.79,291.5,291.5,291.29,291.5,291.2,291.29,291.2,291.39,291.39,291.6,291.5,291.5,291.6,291.5,291.29,291.2,291.29,291.2,291.2,291.39,291.6,291.5,291.5,291.6,291.5,291.29,291.2,291.2,291.2,291.29,291.5,291.5,291.39,291.5,291.6,291.6,291.39,291.39,291.29,290.89,291.7,291.39,291.39,291.1,291.5,291.5,291.39,291.39,291.29,291.29,291.29,291.7,291.39,291.1,291.1,291.5,291.39,291.39,291.2,291.29,291.39,291.7,291.7,291.7,291.29,291.1
2021-07-24 02:00:00,287.0,287.2,287.1,286.6,286.79,287.29,285.79,285.79,283.1,277.5,271.3,287.0,287.2,287.1,286.6,286.79,286.89,286.89,286.6,286.0,282.1,279.29,288.1,288.7,288.89,289.1,289.1,289.1,288.79,288.6,288.1,286.89,283.39,288.6,289.29,290.39,291.0,291.0,291.2,290.89,290.7,290.1,289.29,289.29,290.29,290.5,290.5,291.0,291.29,291.7,291.6,291.6,291.2,291.2,290.0,291.29,291.29,291.29,291.29,291.1,291.5,291.6,291.89,291.89,291.1,289.7,290.0,290.29,290.39,290.5,291.1,291.5,291.6,291.6,291.89,291.1,289.7,290.0,290.29,290.39,290.5,291.0,291.0,291.0,291.1,291.0,290.29,289.6,286.89,287.89,288.5,289.29,289.29,290.39,290.5,290.39,290.0,289.5,289.2,281.89,283.79,287.1,287.1,288.5,289.29,289.89,289.89,289.5,289.6,289.6,275.39,279.5,279.5,283.89,287.1,288.1,289.1,289.39,289.39,289.2,289.39
2021-07-31 07:00:00,289.1,287.89,285.89,281.7,273.5,276.29,271.21,271.21,267.9,264.3,255.4,289.1,287.89,285.89,281.7,273.5,266.0,266.0,263.61,264.11,263.8,259.61,288.89,288.2,285.7,279.29,268.71,268.71,261.4,259.71,259.9,260.4,259.3,289.5,289.5,284.29,278.1,278.1,270.11,260.3,258.71,255.61,255.31,255.31,290.89,288.1,288.1,284.5,282.29,273.89,267.3,261.8,251.9,251.9,250.31,290.79,290.79,286.79,286.29,285.79,282.6,276.29,263.11,263.11,250.9,247.9,293.39,291.7,289.0,288.79,285.79,282.6,276.29,276.29,263.11,250.9,247.9,293.39,291.7,289.0,288.79,289.1,289.1,287.39,284.89,271.9,250.11,244.31,293.7,293.0,291.89,291.79,291.79,292.0,291.79,291.2,279.2,251.7,243.11,293.79,293.5,293.29,293.29,293.89,294.0,292.89,291.29,284.5,264.3,264.3,293.7,293.29,293.29,293.79,294.7,294.5,292.39,289.6,289.6,285.89,276.29
2021-07-31 05:00:00,293.39,293.1,293.2,292.7,291.6,292.1,292.2,292.2,291.29,290.39,290.1,293.39,293.1,293.2,292.7,291.6,291.5,291.5,292.0,291.79,291.29,291.1,293.29,293.29,293.2,292.29,290.39,290.39,290.39,292.1,291.89,291.39,291.79,293.6,293.29,292.89,291.89,291.89,289.89,289.89,291.2,292.6,292.0,292.0,293.89,293.39,293.39,292.89,291.79,291.2,290.0,290.1,292.5,292.5,292.7,293.89,293.89,293.5,293.2,292.0,291.5,290.1,290.6,290.6,292.1,292.1,294.2,294.2,293.79,293.2,292.0,291.5,290.1,290.1,290.6,292.1,292.1,294.2,294.2,293.79,293.2,292.39,292.39,291.89,290.5,291.2,291.89,292.0,294.2,294.2,294.0,293.39,293.39,292.79,292.0,291.39,291.89,291.89,292.0,293.89,293.79,293.7,293.7,293.6,292.5,292.2,292.0,292.0,292.0,292.0,293.79,293.39,293.39,293.39,292.89,292.1,292.39,292.29,292.29,292.29,292.0
2021-07-16 07:00:00,220.7,218.5,215.4,211.7,209.7,211.31,212.5,212.5,212.9,212.31,212.31,220.7,218.5,215.4,211.7,209.7,210.81,210.81,211.31,212.31,211.7,212.61,222.9,219.4,215.0,212.7,210.81,210.81,210.11,210.61,211.2,212.11,212.9,221.9,219.81,216.2,212.61,212.61,210.81,210.2,210.0,211.2,212.9,212.9,221.31,221.0,221.0,216.9,211.4,210.0,210.61,211.5,212.31,212.31,214.31,221.11,221.11,220.81,215.31,209.9,209.61,210.9,212.5,212.5,214.11,216.0,217.5,219.4,218.0,212.61,209.9,209.61,210.9,210.9,212.5,214.11,216.0,217.5,219.4,218.0,212.61,210.11,210.11,210.4,211.31,213.31,215.9,218.4,217.81,218.11,215.4,211.5,211.5,211.61,211.81,211.9,214.11,216.81,221.61,218.0,217.81,215.61,215.61,214.2,214.4,212.4,213.31,215.2,218.31,218.31,218.81,217.7,217.7,216.81,216.5,216.7,215.0,214.5,214.5,216.2,219.81
2021-06-16 04:00:00,287.1,287.39,287.6,288.0,288.0,287.79,288.1,288.1,288.39,288.29,288.5,287.1,287.39,287.6,288.0,288.0,287.89,287.89,288.0,288.5,288.5,288.2,287.29,287.6,287.89,288.0,288.0,288.0,288.0,288.1,288.2,288.2,288.1,287.7,287.79,288.1,288.1,288.1,288.0,288.1,287.89,287.89,288.2,288.2,287.6,288.1,288.1,288.1,288.1,288.1,288.0,288.0,287.89,287.89,287.7,288.0,288.0,288.1,288.2,288.2,288.1,288.1,287.79,287.79,287.89,287.6,288.0,288.0,288.2,288.29,288.2,288.1,288.1,288.1,287.79,287.89,287.6,288.0,288.0,288.2,288.29,288.2,288.2,288.1,287.89,287.6,287.6,288.1,288.2,288.2,288.2,288.2,288.2,288.1,288.2,287.79,287.39,287.7,288.2,288.1,288.2,288.2,288.2,288.29,288.2,287.89,287.7,287.6,287.89,287.89,287.89,288.1,288.1,288.1,288.29,288.39,287.89,287.7,287.7,287.7,288.1
2021-06-30 00:00:00,280.1,283.0,280.7,283.0,288.7,286.7,286.89,286.89,284.7,284.89,284.1,280.1,283.0,280.7,283.0,288.7,287.1,287.1,281.39,283.39,288.0,285.1,278.79,284.29,282.6,283.29,289.79,289.79,287.2,278.29,280.79,286.6,286.29,281.79,283.0,281.79,283.89,283.89,287.7,285.7,280.39,278.1,284.29,284.29,280.39,278.79,278.79,282.29,284.39,283.6,283.29,281.6,279.7,279.7,283.1,279.29,279.29,278.39,279.2,285.1,282.89,279.79,282.79,282.79,281.39,281.2,273.39,286.5,283.89,277.79,285.1,282.89,279.79,279.79,282.79,281.39,281.2,273.39,286.5,283.89,277.79,282.29,282.29,278.29,279.29,284.29,282.29,280.7,272.0,286.1,286.5,283.7,283.7,275.2,276.39,279.79,281.79,284.6,281.5,279.29,277.29,279.6,279.6,282.89,277.2,277.2,281.39,278.7,285.79,285.79,284.5,272.5,272.5,269.8,280.5,281.1,276.6,281.6,281.6,281.2,285.1
2021-06-12 23:00:00,285.1,280.7,280.29,283.39,284.29,282.5,280.2,280.2,280.39,280.79,275.1,285.1,280.7,280.29,283.39,284.29,283.0,283.0,279.7,277.0,275.1,272.9,285.1,283.79,284.6,283.2,283.29,283.29,282.6,280.0,276.1,274.89,272.0,288.2,287.79,286.79,284.1,284.1,284.0,282.5,280.39,276.89,277.79,277.79,290.5,289.7,289.7,287.0,286.89,288.29,284.29,281.0,280.7,280.7,278.7,290.89,290.89,290.39,289.79,289.29,288.79,286.7,286.39,286.39,284.39,280.79,291.39,292.6,291.7,291.29,289.29,288.79,286.7,286.7,286.39,284.39,280.79,291.39,292.6,291.7,291.29,291.5,291.5,291.1,289.89,288.2,286.79,286.29,291.29,292.39,292.79,292.5,292.5,292.2,291.5,290.2,289.39,288.2,287.5,290.6,291.29,292.1,292.1,292.5,292.2,290.5,288.39,288.2,287.5,287.5,288.6,289.0,289.0,289.6,290.39,290.29,288.79,286.29,286.29,285.1,286.1
2021-06-22 05:00:00,299.29,299.2,299.1,299.39,299.29,299.5,299.1,299.1,298.7,297.89,297.2,299.29,299.2,299.1,299.39,299.29,299.2,299.2,298.7,298.1,297.39,296.39,299.1,298.7,298.7,298.89,299.0,299.0,298.2,297.89,297.39,297.39,295.6,298.6,298.6,298.2,298.7,298.7,298.29,297.6,297.6,297.0,296.6,296.6,298.5,298.2,298.2,298.1,298.2,297.79,297.5,297.0,295.89,295.89,295.0,297.89,297.89,297.89,297.79,297.79,297.5,297.1,296.39,296.39,294.6,292.7,297.89,297.6,297.39,297.6,297.79,297.5,297.1,297.1,296.39,294.6,292.7,297.89,297.6,297.39,297.6,297.5,297.5,296.79,296.29,294.6,293.0,291.79,298.1,297.79,297.2,297.29,297.29,297.2,296.5,295.2,292.79,291.7,291.5,298.7,298.1,297.6,297.6,297.1,296.79,295.6,293.7,292.0,291.5,291.5,299.2,298.5,298.5,297.89,297.29,296.2,294.0,292.39,292.39,291.7,291.6
2021-06-01 03:00:00,265.0,262.3,247.7,241.61,243.2,263.9,269.61,269.61,271.8,278.79,287.0,265.0,262.3,247.7,241.61,243.2,251.7,251.7,259.11,266.11,272.61,279.89,262.5,260.3,246.61,237.81,239.81,239.81,243.0,247.81,258.11,267.9,278.29,262.61,257.71,244.81,236.81,236.81,235.61,237.5,242.81,249.4,264.0,264.0,258.9,252.81,252.81,244.31,237.61,235.7,238.31,242.7,249.31,249.31,259.8,256.21,256.21,250.9,246.11,241.4,243.2,244.11,247.81,247.81,254.7,263.0,264.21,258.61,251.7,247.9,241.4,243.2,244.11,244.11,247.81,254.7,263.0,264.21,258.61,251.7,247.9,246.31,246.31,249.81,250.5,251.2,261.4,268.5,267.71,262.21,255.0,249.61,249.61,250.7,257.5,255.5,256.4,268.71,272.8,271.3,268.11,262.21,262.21,257.21,257.21,261.3,259.61,260.71,274.2,274.2,275.89,270.21,270.21,269.11,269.61,262.0,262.11,264.5,264.5,264.21,276.6
2021-08-04 03:00:00,287.89,288.79,288.5,286.2,285.5,286.0,287.7,287.7,288.0,288.2,288.1,287.89,288.79,288.5,286.2,285.5,285.5,285.5,287.2,288.7,288.0,287.0,288.5,287.7,286.39,286.39,286.89,286.89,285.39,287.39,289.1,287.79,286.89,288.79,286.2,285.2,287.1,287.1,286.0,285.7,288.1,289.1,287.89,287.89,288.1,286.39,286.39,286.0,286.7,285.2,285.2,288.2,289.39,289.39,289.2,288.5,288.5,286.2,288.0,286.89,281.89,285.89,289.39,289.39,289.6,289.5,289.29,286.5,287.1,288.5,286.89,281.89,285.89,285.89,289.39,289.6,289.5,289.29,286.5,287.1,288.5,286.6,286.6,282.79,287.89,290.29,289.6,289.5,288.6,287.1,287.79,285.7,285.7,286.0,287.39,288.79,289.5,289.7,289.5,287.89,287.89,287.79,287.79,285.2,286.7,288.5,289.0,289.29,289.6,289.6,287.5,287.29,287.29,287.2,287.2,287.39,288.6,289.1,289.1,289.29,289.7
2021-08-31 10:00:00,246.61,240.4,237.5,240.5,245.11,238.81,249.9,249.9,258.5,260.8,260.3,246.61,240.4,237.5,240.5,245.11,251.5,251.5,257.8,253.9,250.81,249.0,256.3,253.11,251.5,251.4,252.7,252.7,256.71,255.81,248.7,243.2,242.2,260.8,261.3,260.5,258.0,258.0,256.4,256.21,251.31,242.31,237.5,237.5,261.3,259.71,259.71,258.11,256.4,255.11,249.5,241.9,236.9,236.9,235.2,255.4,255.4,253.2,252.2,250.11,245.61,238.2,233.0,233.0,231.11,229.31,248.7,244.4,243.2,242.2,250.11,245.61,238.2,238.2,233.0,231.11,229.31,248.7,244.4,243.2,242.2,239.2,239.2,232.11,227.9,225.61,223.81,222.5,237.11,233.9,232.0,230.7,230.7,226.11,221.9,218.31,218.2,217.81,218.2,230.2,227.5,225.31,225.31,223.11,220.7,216.5,215.0,214.5,214.9,214.9,226.2,222.9,222.9,221.31,219.9,218.0,215.9,213.9,213.9,213.61,212.9
2021-06-14 04:00:00,218.0,213.9,213.2,214.5,214.81,212.9,212.4,212.4,212.9,214.81,216.81,218.0,213.9,213.2,214.5,214.81,213.4,213.4,213.31,213.61,215.9,219.0,218.11,215.7,216.81,213.9,213.2,213.2,214.61,215.9,215.9,217.31,220.4,219.81,218.9,219.31,214.81,214.81,213.4,216.2,217.81,218.5,218.9,218.9,221.9,220.5,220.5,219.61,217.2,217.7,218.4,218.61,220.11,220.11,221.0,223.81,223.81,221.5,220.61,219.7,220.5,220.5,220.9,220.9,221.7,222.5,226.61,225.61,223.81,222.4,219.7,220.5,220.5,220.5,220.9,221.7,222.5,226.61,225.61,223.81,222.4,222.2,222.2,222.31,222.31,222.9,223.81,224.5,227.9,226.7,225.4,224.9,224.9,224.7,224.31,224.7,224.81,226.4,228.2,228.2,227.4,226.4,226.4,226.7,227.2,227.5,228.11,229.81,231.81,231.81,228.2,228.81,228.81,227.11,228.5,230.11,230.5,231.4,231.4,234.31,236.9
2021-08-13 04:00:00,234.9,242.5,244.81,239.31,231.9,235.5,234.7,234.7,232.5,230.7,231.4,234.9,242.5,244.81,239.31,231.9,231.7,231.7,230.4,226.31,227.11,226.7,238.4,246.61,244.0,235.81,228.9,228.9,225.11,223.5,222.7,222.7,223.81,243.31,247.4,243.31,231.81,231.81,224.4,219.5,219.31,220.4,222.0,222.0,242.9,241.4,241.4,234.0,229.81,225.81,221.7,220.31,220.0,220.0,220.7,238.9,238.9,233.31,227.81,228.0,226.9,225.2,223.9,223.9,222.11,222.7,233.9,237.0,233.0,228.31,228.0,226.9,225.2,225.2,223.9,222.11,222.7,233.9,237.0,233.0,228.31,225.9,225.9,224.2,223.81,224.2,226.61,230.2,230.9,233.61,234.31,232.9,232.9,226.31,221.81,224.11,227.11,231.81,235.5,230.81,233.81,234.0,234.0,232.4,230.9,229.7,232.31,233.5,236.61,236.61,231.5,234.7,234.7,233.61,232.11,234.61,239.2,240.61,240.61,240.11,241.0
2021-07-27 07:00:00,220.4,220.7,221.9,223.5,223.5,225.2,229.4,229.4,232.81,236.2,239.31,220.4,220.7,221.9,223.5,223.5,226.11,226.11,230.11,232.9,236.31,240.9,220.9,222.61,223.4,224.7,225.61,225.61,227.0,227.9,233.2,238.7,240.7,224.4,224.61,224.81,227.11,227.11,227.9,228.2,230.0,234.5,238.9,238.9,227.9,227.5,227.5,228.61,230.7,232.0,232.61,234.61,238.4,238.4,240.81,228.81,228.81,231.5,233.2,234.61,235.81,237.5,238.61,238.61,241.11,244.0,230.9,233.0,236.61,237.9,234.61,235.81,237.5,237.5,238.61,241.11,244.0,230.9,233.0,236.61,237.9,237.9,237.9,240.0,240.81,240.7,242.81,246.11,234.81,238.5,240.5,240.11,240.11,241.2,244.31,243.9,242.81,244.61,248.81,237.2,241.2,241.5,241.5,241.11,243.4,246.4,246.9,246.0,245.61,245.61,240.31,241.7,241.7,242.9,241.2,244.11,247.2,247.61,247.61,246.31,244.9
2021-08-22 09:00:00,233.31,230.0,228.31,231.0,233.61,235.61,239.31,239.31,241.4,242.0,247.11,233.31,230.0,228.31,231.0,233.61,237.7,237.7,242.0,241.0,245.0,247.9,232.61,231.61,232.2,233.31,236.31,236.31,240.11,243.0,244.5,247.81,248.7,232.81,233.4,234.11,235.7,235.7,239.31,241.31,245.0,248.9,249.61,249.61,232.81,234.9,234.9,235.2,238.2,238.9,240.0,248.0,251.7,251.7,253.0,232.7,232.7,235.5,237.11,239.81,238.5,239.61,248.7,248.7,254.11,256.21,229.5,232.31,235.0,237.11,239.81,238.5,239.61,239.61,248.7,254.11,256.21,229.5,232.31,235.0,237.11,241.11,241.11,240.2,242.2,250.7,255.81,257.3,227.7,231.61,233.9,235.9,235.9,242.7,244.11,245.4,251.81,257.11,257.8,225.81,228.81,232.5,232.5,237.9,246.0,248.7,248.81,253.0,257.21,257.21,223.9,226.81,226.81,231.9,241.31,250.5,251.7,252.81,252.81,255.2,256.71
2021-08-08 23:00:00,273.1,272.3,273.89,270.11,269.21,263.0,263.3,263.3,262.3,259.0,257.3,273.1,272.3,273.89,270.11,269.21,264.3,264.3,263.5,262.3,260.4,260.4,277.5,280.5,279.29,274.6,271.71,271.71,263.5,261.61,262.8,264.71,266.11,279.89,285.39,284.5,277.79,277.79,270.9,262.61,260.11,262.21,268.4,268.4,279.79,282.0,282.0,281.0,278.0,273.29,268.3,264.5,263.4,263.4,267.3,281.6,281.6,276.89,275.89,276.39,275.5,273.5,270.8,270.8,264.61,268.21,285.89,279.29,281.6,279.1,276.39,275.5,273.5,273.5,270.8,264.61,268.21,285.89,279.29,281.6,279.1,274.6,274.6,268.71,270.11,269.5,268.71,274.29,282.89,284.5,283.39,278.6,278.6,271.3,263.8,265.11,267.3,273.29,276.7,279.39,281.6,281.39,281.39,273.7,266.8,265.61,265.4,270.3,272.21,272.21,274.6,280.89,280.89,277.6,267.9,264.9,265.11,267.11,267.11,270.21,267.0
2021-06-19 05:00:00,298.0,296.79,296.2,297.89,297.89,296.5,297.1,297.1,295.2,294.39,294.6,298.0,296.79,296.2,297.89,297.89,297.2,297.2,296.1,295.5,294.2,293.7,297.5,297.1,297.0,297.79,298.29,298.29,296.89,295.6,295.1,295.1,293.6,296.7,296.89,297.39,297.5,297.5,297.1,296.6,295.7,295.1,294.7,294.7,295.89,296.2,296.2,296.2,296.29,296.29,295.89,295.29,294.6,294.6,293.5,294.39,294.39,294.7,294.39,294.7,294.79,294.79,294.5,294.5,293.39,292.0,291.79,292.0,292.2,293.1,294.7,294.79,294.79,294.79,294.5,293.39,292.0,291.79,292.0,292.2,293.1,292.89,292.89,293.6,294.2,292.79,292.0,291.5,289.5,290.0,290.5,292.1,292.1,292.0,292.7,293.39,291.79,291.2,291.2,287.79,288.0,289.7,289.7,291.89,292.79,293.7,292.7,292.1,292.29,292.29,286.0,284.89,284.89,289.1,293.6,293.79,292.7,292.79,292.79,293.2,293.7
2021-06-29 23:00:00,285.29,283.6,280.7,277.7,276.6,276.2,271.9,271.9,271.21,272.3,272.71,285.29,283.6,280.7,277.7,276.6,274.1,274.1,273.1,273.0,275.0,276.7,284.7,284.7,281.6,275.89,275.79,275.79,275.5,273.7,274.0,275.79,277.0,283.5,283.7,281.29,274.1,274.1,273.79,275.5,273.5,272.5,274.0,274.0,282.0,282.6,282.6,281.39,275.79,273.39,272.5,268.5,268.3,268.3,272.9,282.89,282.89,281.2,280.0,278.39,276.1,269.61,261.4,261.4,264.5,268.71,279.6,278.39,278.39,280.29,278.39,276.1,269.61,269.61,261.4,264.5,268.71,279.6,278.39,278.39,280.29,280.7,280.7,277.6,269.0,256.71,258.9,268.71,280.89,276.39,276.79,280.2,280.2,282.89,280.7,269.11,256.8,255.2,263.71,282.5,280.89,280.89,280.89,282.7,283.7,281.7,272.8,256.8,254.4,254.4,285.2,285.2,285.2,285.7,285.7,284.0,280.89,275.2,275.2,263.8,254.31
2021-06-21 08:00:00,255.4,256.3,257.8,258.61,262.0,258.8,258.11,258.11,257.9,257.5,258.71,255.4,256.3,257.8,258.61,262.0,264.71,264.71,266.11,262.61,263.0,266.61,258.61,259.4,261.8,262.21,264.71,264.71,268.5,270.71,269.3,270.0,273.89,262.4,264.71,268.8,267.71,267.71,267.4,271.71,274.6,275.5,277.1,277.1,273.2,275.5,275.5,275.6,276.6,273.0,274.0,276.89,279.89,279.89,283.1,281.7,281.7,283.7,285.89,283.1,277.2,275.1,278.79,278.79,282.0,284.7,283.6,284.39,287.1,289.6,283.1,277.2,275.1,275.1,278.79,282.0,284.7,283.6,284.39,287.1,289.6,288.6,288.6,282.1,277.39,280.5,283.7,285.1,285.7,284.29,287.0,288.29,288.29,290.0,286.39,279.0,277.79,283.6,283.29,283.0,279.1,278.0,278.0,280.6,284.2,285.39,281.5,278.6,281.0,281.0,278.5,271.5,271.5,267.8,272.5,275.6,278.79,281.1,281.1,280.2,275.7
2021-07-17 05:00:00,282.0,285.5,288.2,290.5,290.89,290.7,290.7,290.7,290.2,290.29,290.39,282.0,285.5,288.2,290.5,290.89,290.89,290.89,291.1,290.29,290.29,290.89,286.1,288.39,289.5,290.6,290.79,290.79,291.2,291.1,290.6,290.79,291.1,289.5,290.5,290.6,290.6,290.6,290.5,291.29,291.0,290.89,291.2,291.2,290.6,290.6,290.6,290.6,290.2,290.6,290.7,290.7,291.29,291.29,291.7,290.2,290.2,290.5,290.5,290.1,290.2,290.29,290.79,290.79,291.5,291.6,289.89,290.5,290.2,290.2,290.1,290.2,290.29,290.29,290.79,291.5,291.6,289.89,290.5,290.2,290.2,290.1,290.1,290.29,290.5,291.0,291.29,291.5,290.29,290.5,290.29,290.39,290.39,290.29,290.6,290.79,291.0,291.0,290.89,290.39,290.29,290.7,290.7,290.79,290.6,290.79,290.6,290.2,290.0,290.0,290.29,290.6,290.6,290.89,290.79,291.1,290.6,289.6,289.6,289.0,288.1
2021-07-28 07:00:00,215.9,216.11,216.0,216.7,216.31,217.61,219.2,219.2,216.4,215.7,216.5,215.9,216.11,216.0,216.7,216.31,216.2,216.2,218.0,217.5,217.81,219.0,213.4,214.5,215.9,217.31,215.7,215.7,216.0,217.5,218.4,219.4,221.7,211.9,212.4,215.4,217.5,217.5,215.7,215.4,216.61,218.2,220.5,220.5,212.5,212.31,212.31,214.7,216.5,216.5,215.11,216.2,217.2,217.2,218.7,212.7,212.7,212.7,213.81,215.11,216.0,215.5,215.11,215.11,215.81,218.2,214.5,214.7,214.9,212.7,215.11,216.0,215.5,215.5,215.11,215.81,218.2,214.5,214.7,214.9,212.7,213.9,213.9,214.81,215.11,215.11,215.11,217.0,215.11,216.31,217.4,212.9,212.9,212.81,214.11,214.9,215.11,215.61,216.81,214.81,216.5,218.5,218.5,213.5,213.2,214.2,216.31,217.0,219.2,219.2,213.5,216.11,216.11,219.2,214.81,213.0,215.4,217.31,217.31,219.31,222.9
2021-07-12 11:00:00,262.4,261.71,259.61,254.4,251.9,256.71,259.61,259.61,259.8,260.9,261.5,262.4,261.71,259.61,254.4,251.9,255.4,255.4,259.11,260.21,260.71,261.21,262.21,261.5,259.11,255.4,253.7,253.7,256.4,258.3,259.61,259.8,261.9,261.8,261.11,259.3,256.4,256.4,256.3,258.0,258.71,259.21,260.61,260.61,262.3,261.11,261.11,259.5,256.71,257.8,260.5,260.9,260.21,260.21,261.61,262.0,262.0,261.5,260.4,257.0,258.61,262.21,263.61,263.61,261.0,262.9,262.61,262.21,262.11,261.11,257.0,258.61,262.21,262.21,263.61,261.0,262.9,262.61,262.21,262.11,261.11,259.4,259.4,258.4,261.61,264.5,263.3,264.5,262.5,262.61,262.61,262.9,262.9,262.8,259.8,260.9,265.61,264.5,264.9,263.0,262.4,262.71,262.71,264.21,265.21,265.61,264.11,265.5,263.0,263.0,263.5,263.21,263.21,263.5,264.61,268.5,269.71,266.8,266.8,264.9,261.11
2021-08-22 00:00:00,269.5,270.8,270.3,268.3,266.21,268.9,269.9,269.9,274.6,276.1,276.6,269.5,270.8,270.3,268.3,266.21,265.9,265.9,270.0,273.2,274.2,273.79,269.61,269.71,267.3,265.21,262.5,262.5,263.3,267.4,270.3,273.6,274.1,266.21,267.11,264.0,260.9,260.9,258.9,260.3,262.5,266.9,272.61,272.61,258.5,260.5,260.5,258.71,257.11,256.11,256.3,258.4,263.71,263.71,268.11,250.7,250.7,251.9,252.81,253.31,252.4,252.0,255.7,255.7,260.11,262.0,244.0,246.61,246.9,248.5,253.31,252.4,252.0,252.0,255.7,260.11,262.0,244.0,246.61,246.9,248.5,249.4,249.4,248.5,249.4,252.5,256.3,259.11,240.61,242.5,244.5,245.5,245.5,246.61,246.4,247.9,251.0,253.81,258.8,238.61,241.81,243.31,243.31,244.4,246.0,247.0,247.7,250.31,254.7,254.7,239.4,241.81,241.81,243.31,244.31,246.5,247.5,247.81,247.81,252.4,256.5
2021-07-04 08:00:00,234.61,230.61,228.0,229.5,227.11,222.81,224.31,224.31,227.9,230.11,232.31,234.61,230.61,228.0,229.5,227.11,225.61,225.61,231.9,232.31,233.9,235.61,235.2,237.9,235.2,232.61,229.7,229.7,228.2,231.61,236.4,240.5,241.11,237.81,242.11,239.4,235.2,235.2,230.61,229.61,233.4,238.61,241.4,241.4,233.61,238.0,238.0,237.9,234.61,232.81,230.5,232.2,235.7,235.7,241.7,229.2,229.2,231.61,233.0,234.11,233.4,232.7,232.2,232.2,234.0,239.5,224.5,225.9,227.7,229.61,234.11,233.4,232.7,232.7,232.2,234.0,239.5,224.5,225.9,227.7,229.61,232.4,232.4,233.81,232.81,232.31,233.9,237.0,222.81,224.11,225.11,226.7,226.7,231.11,233.7,232.7,232.5,233.61,235.5,223.81,224.4,224.9,224.9,225.9,231.11,235.61,236.4,235.9,235.61,235.61,226.11,226.81,226.81,226.9,228.5,232.4,236.11,240.31,240.31,240.2,238.0
2021-07-07 04:00:00,252.11,265.8,266.21,264.61,262.71,265.21,264.4,264.4,270.61,277.39,282.5,252.11,265.8,266.21,264.61,262.71,257.9,257.9,258.71,268.11,278.39,281.79,248.11,257.21,259.3,258.71,257.8,257.8,260.61,261.8,267.0,273.29,274.6,239.81,246.7,252.5,251.9,251.9,256.21,263.0,265.4,265.8,266.3,266.3,240.81,245.5,245.5,249.11,247.2,251.81,256.0,257.9,265.21,265.21,269.5,242.11,242.11,245.4,246.61,245.31,243.7,246.11,254.2,254.2,262.21,267.3,235.31,239.81,242.7,242.9,245.31,243.7,246.11,246.11,254.2,262.21,267.3,235.31,239.81,242.7,242.9,243.4,243.4,243.2,246.0,252.81,258.11,261.71,234.7,236.31,238.5,239.31,239.31,239.81,243.0,247.2,250.81,254.5,259.5,233.11,234.31,236.0,236.0,237.2,238.5,242.31,246.2,249.11,250.9,250.9,231.7,233.5,233.5,234.9,237.4,239.4,242.81,245.5,245.5,246.4,248.81
